9678
12647
25927
31214
14546
7307
2912
16208
30440
6104
22541
32719
6939
28271
11768
1851
9867
12096
26981
26012
15027
16681
13251
17523
10652
610
13696
8515
22096
30488
6690
4432
31122
19288
6804
29351
7884
11311
445
11870
27977
15376
24407
28701
4516
9845
23807
30430
23425
5833
27016
25328
25466
5766
11925
9538
19805
5787
1127
29662
31380
10256
22515
26548
16612
10220
14136
10137
31067
25175
30671
17551
31619
28924
11204
11079
22748
22705
22692
20196
27785
10842
9431
28930
4938
11018
28464
10999
8106
18284
1219
7256
24186
22114
26871
25280
16253
28395
25564
16076
30309
21834
19134
2666
10238
17253
14074
25684
30634
4203
7952
13527
2317
31673
1530
28633
18953
7935
13500
14362
6381
19358
12861
18362
6889
22357
27989
16892
22214
7197
19751
21065
26579
12113
7089
15480
23843
5138
32417
16972
6389
27882
29290
574
17524
28847
31640
13181
11169
9899
608
25396
5517
11769
3196
5899
27851
5170
18742
30960
19493
32586
9154
28695
17294
11956
20432
19263
26968
6093
1122
24632
2983
8567
22747
17570
5670
17156
30809
1015
32760
2647
8005
30412
22002
19781
5929
8019
13575
2625
9409
12069
18691
15417
7252
6718
9085
9659
4164
23369
32518
22364
19941
19743
17063
30042
7307
15754
22923
128
29415
7502
13048
9802
5779
29034
32388
23626
23019
27035
30853
19146
27679
16418
23241
19123
28550
18119
17799
31406
18997
17694
13462
12168
25809
3081
21725
17371
19361
25214
19979
2795
26087
12170
21640
27342
14193
1430
6059
25040
24683
29418
24621
31509
20343
15215
29405
30336
23040
24505
2966
10196
11978
5444
1134
20761
22222
5118
32049
31810
14406
23814
5902
6156
20484
24244
6287
23593
5383
6617
3535
14494
14928
11336
14567
21610
17138
25749
26281
24424
7273
17180
31633
15222
13100
3141
19704
16599
13702
20487
6795
8662
30881
2731
15356
12716
13284
17107
22263
4772
1662
18618
12632
3965
31555
31421
29595
9232
32440
13083
28563
31027
31593
17145
16223
22492
4227
7849
20635
22410
5790
7979
12243
19424
26331
31988
10301
13715
6191
26607
2983
14983
9982
24770
13998
26933
15084
14162
9521
19280
32496
21129
11013
2984
16298
9559
9450
13134
17398
29942
13758
16889
5057
21619
25585
9640
8475
31082
11065
21897
1934
19985
22151
5146
21934
25719
13881
7310
5362
12046
1681
16242
962
8808
6758
12944
13777
9278
7705
6164
3757
27574
1739
237
19093
14053
461
28278
2442
31123
30808
5974
4264
26943
31615
29605
13751
2659
11361
21584
10494
8954
29859
2494
4439
13886
8990
23987
11913
28086
16596
25717
30161
4976
12841
26926
23746
396
30800
31122
18000
11002
9987
21697
17959
8579
25207
16751
11841
15630
31119
3906
6839
18460
28752
18299
28631
21910
3733
20697
32376
9160
18179
2746
17034
12461
2624
9092
28657
25453
23136
11843
16788
28452
12960
15252
16048
21221
5975
31169
27251
6911
25129
8237
4550
18302
7806
10739
11114
31733
2610
9162
32326
23675
3727
4396
511
15348
17784
11447
11722
32658
24294
2003
10622
23451
31385
19861
5358
19820
18951
11491
22901
30398
3737
11737
14802
15912
18454
30316
5174
22757
10079
16973
2716
8664
6494
4624
1369
25037
32313
21902
17396
27906
24779
5512
28727
14822
16980
24717
26502
21792
20079
32541
11888
22227
2885
13070
17028
15648
23041
1583
15974
20461
23428
27692
1058
29157
3417
15281
25023
704
13035
17106
25624
14021
24309
31403
19431
1933
12603
7747
22819
8713
7288
10423
24716
30151
18583
32404
24452
18800
25893
18052
544
30870
7
13613
20351
16044
13416
20566
28762
13142
17910
27979
17373
23524
31822
28291
14005
30232
21172
1153
4203
24624
20488
30200
10992
16928
6901
13106
18553
23584
7788
14514
31628
7782
21073
1305
21851
28213
31860
9798
20050
15382
32194
8641
7404
20326
32701
15450
28362
27408
5673
25869
14342
12188
10504
18217
3269
24169
15049
18354
14603
25142
24253
29187
2772
16615
29642
6071
608
23174
30563
10186
23758
6537
1207
252
11500
30803
21545
17270
30286
32765
20225
26032
32413
9301
2913
4242
18738
8487
17530
1754
28899
15548
8959
7101
21533
5025
27098
31953
18228
20905
23327
21290
16630
31797
26942
32707
13702
12723
2172
30496
4968
613
13476
50
5848
18020
32505
23163
26464
5348
14448
3955
13225
16569
3100
29481
16274
32283
7658
6189
6271
5542
398
15022
25587
18596
7613
26336
31842
19087
20381
24224
20544
29650
25210
603
14174
4560
12218
16684
12918
30759
31507
21572
18693
14134
24315
18831
31064
7133
23904
8597
28394
23683
26778
1182
29421
5982
30878
21273
19239
1518
116
5438
31487
2507
22507
3571
6872
30369
28043
29932
14749
15737
21707
7191
31901
23866
1156
1079
29082
15471
22950
9422
18204
20554
12842
27457
24331
13545
13383
13623
28541
6873
5609
19010
9677
11737
30815
6337
32749
22752
11347
14853
20477
2913
29184
434
7708
25549
2463
7272
23678
25434
10274
419
8638
3843
9253
15584
23926
8655
28450
20994
15118
13399
12004
16627
9937
32130
2878
27790
10566
4244
1020
26813
3261
15463
25370
29662
296
28663
7988
8044
12844
18469
16958
27611
888
10932
10357
23491
26454
4760
11157
16961
895
29040
3661
20635
6196
19025
15344
10018
23946
27077
12397
27997
19206
24339
7297
13667
32105
6849
6699
11913
11981
22104
1377
27453
29937
10599
19713
15922
14802
28618
20490
29374
8827
25900
6924
25728
22557
6603
6621
14917
26466
9339
4494
18476
10751
13806
30365
23817
28297
28978
29548
32520
21129
11643
13042
23443
722
1315
17329
28277
22034
21999
9960
9279
30120
5780
24585
31722
2229
9594
6253
27583
5494
29887
11079
3444
3281
14207
11735
21912
13357
29779
18400
23089
24967
8471
28763
27811
15810
11249
25197
2771
319
5518
24215
27533
24238
175
3117
10787
4132
23269
3849
21847
14957
664
9600
25979
6819
3662
25237
24023
12799
6442
22637
7499
25584
14515
18179
8758
14954
32728
8989
17814
17537
13104
2431
12656
17206
4742
29278
5746
6289
23444
14615
25815
11504
27151
19489
3211
16030
6372
6464
2191
20391
18626
2556
14752
9707
12248
9298
21523
4466
22240
9129
25860
27903
26460
7688
12975
3304
12063
2437
31774
4132
32016
13825
23557
18342
15147
3858
21226
10217
27080
14913
15496
30925
24608
25974
13430
14241
30221
22960
11780
24449
31505
9721
17254
3042
7834
30362
20
10603
11652
27787
10864
10503
18656
2349
20649
26936
31220
571
7392
18862
18306
4606
13450
7448
12366
6081
10006
27962
11994
7301
12239
17727
10868
4086
20227
30289
31090
20893
32357
2664
22717
23126
1200
22879
31884
6661
11405
29773
7794
23941
25271
23314
11419
20705
32605
12336
32339
29127
16072
24285
12743
1593
11581
26454
5904
27526
2597
17781
19565
20857
26219
9606
28624
13776
550
23383
2461
13295
11640
20366
5294
31958
12469
22335
18330
2897
32712
10686
823
26734
15571
26802
2653
5172
19990
28267
26349
26258
2834
22134
8210
31894
17646
29806
9671
1504
11801
11540
5530
1621
25905
26018
15535
24600
10020
32093
31495
14774
27797
1386
27650
5280
30337
10978
30755
10207
3618
1833
13332
21251
31763
19067
12522
15708
31414
29895
8617
30061
10195
4289
31243
9374
14721
9523
27261
11057
31306
20627
23915
14455
20618
17115
22973
13124
21784
2453
28322
1696
15656
25141
3212
9919
7024
1708
28540
25140
15498
10298
32383
21345
8858
3204
17528
1586
25648
230
26145
9739
29296
6154
14669
18430
2672
26042
24944
9538
21985
11506
5472
23008
32498
13370
29277
31664
15217
13362
80
7556
4915
5231
19280
4771
26039
27269
13930
1657
29446
28517
27554
15500
27613
24298
3381
3250
19726
30126
3105
28546
2596
290
18407
12040
19270
13790
23440
4029
16990
16437
15342
1461
23418
17165
2852
18971
19570
14573
17769
25819
18379
27480
11016
32414
22235
29786
2987
3835
7982
32352
22234
15083
5929
13901
5567
30590
28141
9161
12844
17613
10878
23516
11999
5424
17957
16829
13572
13489
17938
18916
6907
17600
6214
29542
18524
8232
14256
27522
6968
15169
23446
3959
12962
21607
13879
16537
17006
2220
1711
16036
21561
8394
538
31824
6570
10844
22524
8742
13302
12621
21985
13201
5290
11664
28224
2616
23461
30993
9893
7051
22115
25068
12559
15516
1154
11486
13463
22577
17790
7160
2387
19223
5056
19867
27514
23225
28887
1952
27081
31217
26373
17111
4901
20509
17405
2739
10113
13942
28907
1347
20482
8093
2997
14180
8801
7543
9600
22838
29586
31035
19063
20172
15779
4553
14023
6440
7398
29758
23790
21350
10322
25285
8502
4151
10535
15792
28284
11153
30161
711
2102
25765
29711
22239
15797
21522
1620
19887
25255
4696
26734
25568
12511
8847
16229
24419
30553
30041
24742
2567
14968
6165
5216
31307
10643
25685
22319
24176
3504
17298
24312
32211
5519
23327
26388
25722
8939
13404
1968
27885
31996
13612
7283
7239
3136
31913
32354
1164
891
30742
5377
8509
6653
17428
699
25130
15139
11801
28804
22664
20256
27167
15549
14915
253
20633
4440
12182
9695
14507
9532
7896
10633
17050
11499
27289
9249
9858
15970
21997
32055
23367
11329
776
16387
10701
7211
16395
1262
108
23664
5662
5205
6814
15593
20159
9865
20731
28452
25433
25882
9576
12737
2841
4437
24459
19228
23293
29707
19842
5933
11310
31380
31956
11436
15503
9492
32679
23928
15766
10749
4660
5689
17755
29397
13433
24900
21998
22074
3117
4288
28398
13091
8953
21511
23895
20840
21733
15439
15772
11141
785
29834
25590
1435
24229
12427
7931
30135
24586
5993
2162
16727
15963
11560
22630
13354
31510
32662
28281
21528
22040
6772
1403
5762
15816
1750
17723
31435
3986
22989
9885
11799
15511
5698
24045
7250
9890
26149
16243
4725
18782
28360
21064
22020
967
17541
1384
21979
5599
16807
15111
22571
9890
17544
7721
18880
26171
6390
30317
4741
8312
4315
28201
4937
21372
4125
32444
12483
7860
4036
30496
4052
7692
23643
20671
26381
1378
5016
18056
2417
4154
9535
25153
3708
6580
23363
29727
15204
28860
11566
10388
4510
15489
25284
12392
9892
1320
18915
12043
10486
13505
942
25386
13918
9338
11499
15744
26489
2578
26024
23023
13427
22929
31781
3791
5906
28471
16110
1670
3574
5554
14920
5976
25887
15508
25806
19841
26543
29443
32604
23425
24305
31410
11308
25784
667
1809
319
22066
15952
31937
6655
16836
28777
17739
27682
28504
1525
2833
25553
6277
6142
29061
2826
611
28175
7576
16451
27037
2546
8822
16464
29895
8382
9840
1926
8434
9490
21561
20001
23678
18075
27734
9187
17456
2780
2768
28414
13956
25390
29996
21044
12613
25605
1180
15933
11610
374
119
12905
27875
29942
31975
28806
28549
12389
4578
10244
257
587
32347
23639
5644
20321
3001
2717
27483
1363
17800
21121
6909
10948
22894
9823
7149
12434
13153
18089
24552
26716
10776
3209
892
17474
20415
18375
17506
17388
15087
13294
12813
13006
23517
18602
19587
7082
12754
26997
1388
5462
29915
14450
22376
19647
1985
4249
26534
28718
17979
27413
26035
24522
867
13290
7567
18271
19559
20955
28678
1373
17281
25995
9533
804
10025
994
19852
25214
22921
28594
9355
9325
31793
5787
10864
11560
29708
21804
26520
18784
27026
17994
3683
6343
6464
8662
28485
467
2117
28298
29466
4799
29055
2852
4026
29652
32421
21191
27342
20198
8646
24734
7906
20513
8946
14018
22203
9222
13879
19550
13034
5808
11727
18193
11681
14428
7319
25491
28870
11048
31939
20892
21062
32283
11984
1793
27308
14694
25787
20000
31218
32745
19825
4991
3734
27129
5254
14000
8945
32097
2601
25208
9413
26278
1880
12336
6933
22416
25168
6762
24121
12005
1864
728
5681
19832
2398
20330
29498
15458
16338
25271
21663
2192
17266
29598
20946
30590
24661
2093
22971
31041
20428
6081
23632
31691
20118
6255
12902
875
25427
31651
14278
11411
26939
24071
19332
31454
13072
28327
10892
6481
23121
20818
22654
28642
3761
67
2748
12854
31176
28929
18881
19375
2823
131
15540
19622
16369
27288
21308
15605
15496
20614
16791
30649
18438
4849
742
29782
462
767
21963
8379
25250
11962
26422
12519
24086
19638
8060
1963
14405
2803
17834
7346
25538
17668
27928
960
31698
25969
24897
31031
11992
30299
977
6111
11536
9566
20736
7142
28544
16060
32287
22310
27436
25527
26224
15015
1162
62
14907
6501
22325
17356
9246
2131
9701
8590
22693
32671
1695
7108
17435
8504
7977
24169
19103
18574
1473
27926
20090
18329
6670
26660
28847
29980
27223
11537
16340
28715
30963
22052
18721
15595
30209
23892
16327
7833
16729
26215
11906
21197
18626
29783
26482
4608
5733
3577
9767
31052
9089
5600
6139
16756
17249
22912
16036
26404
14987
7055
24841
10362
22075
7601
32341
31684
6159
27987
30538
25484
18948
30679
25049
17362
3745
10738
15087
7320
16754
7763
27281
19876
15288
8070
20011
18305
20831
279
15653
19911
6704
5114
15288
11932
23368
14890
20480
4987
9417
23953
11602
20276
30671
20008
10703
19764
2214
19295
12857
1543
28986
15551
12294
7451
26574
24014
5555
3015
19953
24883
1371
32139
11182
20250
17800
16794
27396
8922
30793
30101
26518
27605
18565
19866
9890
30112
398
7549
19255
15205
17657
1877
6819
10885
21166
29499
9515
30849
5947
13390
26368
4122
29806
32507
30062
22967
30754
5243
3157
25352
30041
18332
4061
10729
13195
16069
22118
3721
10302
5940
20158
12491
28375
19851
22167
15596
29360
3979
21816
27495
32618
23327
28274
14357
11141
3740
25046
5273
20781
20039
27173
6651
2391
25368
12552
32147
23821
30397
11009
19753
8454
20706
28578
13914
12154
31152
25085
23869
29748
26003
15707
1607
32489
3649
23089
5996
4040
7416
16207
13447
21074
2566
21339
31484
14956
21903
17022
8348
14259
15755
27741
31177
13071
5390
28235
10970
2699
8396
7612
2241
32612
7388
1789
27882
19039
20412
17443
103
19040
20118
16450
16971
313
22209
15071
19795
21184
24715
8103
8396
14884
20278
1633
28848
27009
25152
28449
16659
1969
19432
3774
20669
102
4333
16263
5913
6773
5529
27186
22862
18549
31742
31509
6827
26505
14208
14233
27720
24698
31123
2027
24554
24329
23494
2292
8744
4995
27393
31372
32716
12949
30730
24042
23164
10082
20814
22623
20634
11219
18911
11845
7272
15150
12729
27186
28272
4843
9033
1137
18211
13763
18992
7858
5056
9481
1860
10240
4727
17469
5591
31988
16847
6879
5693
22568
24389
26753
8584
9967
14645
16160
19094
5699
22526
6068
12366
27647
16994
5382
1318
79
24875
26818
12264
27492
17940
3789
27063
15212
23014
21208
32077
18113
13794
21558
2950
28256
11359
31722
31010
25758
17588
6405
27078
19478
11864
5935
27717
17126
28488
899
15390
11803
20905
21408
15430
22889
21679
8956
3879
16160
9405
23164
28648
3163
24270
30274
12527
13690
8979
24007
932
11987
15069
553
28024
7589
21950
14022
3623
5453
8683
30729
6969
13501
17381
5252
13519
14377
29017
27711
30620
21251
13124
14928
28722
26154
4954
7340
21375
26207
14505
20029
8343
1784
14202
18229
4020
31960
6264
14241
29306
28062
23316
4161
27008
24349
30503
3479
4877
15117
8665
31038
5919
15103
22979
5501
13490
20631
32336
26396
13374
24053
30313
20854
25474
21108
10833
14544
32384
32663
21709
7913
10697
14912
28553
28114
25082
7203
16055
25856
1159
31099
16377
23712
21943
24315
129
21290
10224
11272
7798
31033
2101
7461
31130
12186
5101
23215
22315
11171
23526
24522
32007
13766
30873
19867
2067
13926
13232
32440
476
1256
27333
28380
31103
11534
3949
19168
9159
7808
26741
15590
18070
31404
30827
18648
29574
29904
11616
19729
21967
30805
15853
31577
5996
2399
22388
24087
8569
5026
424
15810
15328
7031
23376
31385
20532
1327
5192
11924
21469
26279
18632
11162
7542
5916
8680
10740
10611
28993
24420
15106
4615
31631
11933
21548
15941
27357
29409
1564
3205
13104
25324
13354
31753
6868
8111
24600
6624
940
10320
24064
13579
24262
20337
1162
7647
32306
5557
11618
29866
14613
3456
6634
19353
5625
11263
4140
8153
28519
11113
17426
28157
18104
25220
24793
26016
14632
13674
18115
75
19244
909
20748
32665
32262
14073
14368
5784
25494
22745
25611
17011
9331
20285
17201
5710
11322
10266
31039
32370
28710
5522
31329
16042
993
32630
26294
12268
28826
19978
14849
316
600
21000
9121
32718
32654
28135
6851
10859
32495
25692
726
5141
20355
28706
29759
23022
9979
2295
32078
12374
2626
31207
28529
19284
9300
11468
3240
9783
32595
20246
10553
28285
21464
13256
5541
5619
25223
5827
25818
20510
3046
9543
25258
32474
6767
28599
20092
21057
29411
10396
11842
8142
7906
21741
19883
13506
26041
20878
15769
10183
26491
21014
26581
28116
28243
15573
2818
13904
27160
2070
13007
21114
18978
31905
113
11272
10588
388
22353
3854
155
21779
16897
19234
21294
22318
9077
28606
2487
18626
2160
10214
28473
9362
11580
30986
1137
30008
2974
26925
7530
19558
1289
20551
32076
16242
32018
22760
25716
3346
30756
29727
17610
20580
4725
17562
4175
25905
25400
17678
22006
24946
8213
11738
8373
18451
5334
24039
19675
22776
17251
19154
18340
8766
16368
15437
27915
14019
7541
22210
30687
11752
32350
14650
14361
20629
7556
12926
877
6014
25437
20859
5151
24229
23407
21739
18968
29216
7691
15922
569
22557
567
2950
30703
31779
11244
23891
25864
8091
19074
2782
21445
13198
7016
27176
22320
32688
1304
20245
7599
15006
24138
1485
4570
30564
13672
19555
32138
3138
11331
4021
25394
22192
15364
28563
371
159
30053
20003
13546
11010
4385
28291
11341
8589
25768
26289
8886
31676
3864
26792
5182
20248
29289
9932
8398
22198
19687
22408
4402
13312
1766
7222
12911
11447
2225
20287
31575
2617
11459
32131
12378
32256
8762
3835
31135
12140
21384
25244
8020
22210
9580
24959
24642
2420
8737
19776
5796
7075
25813
19876
7993
15074
22876
382
13976
9789
9254
5843
16580
10106
18030
11836
12032
12702
21173
3468
30692
18611
17775
26035
21937
5833
22012
12258
16098
21051
21465
26096
19715
22835
25624
6653
1478
9840
13069
12629
14932
839
28235
18070
28897
6888
6863
30486
3203
21219
7034
8063
10052
3307
31685
19388
21110
13785
21168
24089
12614
17908
20987
12709
8596
5743
21913
15323
26370
12339
1890
29058
3147
30687
27400
29394
28375
23309
26188
17112
10380
25304
6513
3612
19430
20379
7153
17536
9802
8698
29040
2667
31895
13607
19182
17703
30207
20062
26688
18056
10517
17842
11713
23503
32550
11276
16965
17357
25037
4721
18766
20556
26306
22147
3459
13994
28147
6219
12125
21447
26070
15669
11300
26402
10749
9308
20762
2366
12267
28680
28406
24907
30246
2165
24979
24066
27021
15319
16362
30161
13548
8090
18494
12856
11982
5870
23702
2675
22930
8835
9072
20825
10689
23953
8372
14980
1695
19484
23271
15026
14592
24182
24737
18283
15453
19973
16961
14820
9767
14150
21471
22820
5979
5394
19330
20325
27735
289
3987
3773
7916
24012
18834
26877
3764
19735
4360
24282
9126
6382
17085
27210
32487
28847
22570
18481
11747
8169
21297
1341
5021
8804
4620
21006
31811
14689
8068
25243
3846
26146
21347
23761
4649
28077
22315
6781
13655
18894
25352
17003
22073
11099
18180
31951
29512
29115
5242
18149
16608
15273
31693
10709
5270
30006
12889
22745
6860
1805
29866
31393
2691
2811
30956
8695
19312
10671
26019
14751
16977
1470
8349
26497
14209
22506
2596
11018
3018
8355
30840
15055
12155
4814
1916
25971
4027
7110
4271
31179
28189
11424
24414
31297
22133
10420
29976
8054
9961
7512
29283
28204
24139
9967
30637
25698
9382
10019
4741
448
16918
12398
2827
12086
30685
19167
9637
18913
28596
30235
11508
21806
13663
3234
22535
6209
28292
27731
24782
10904
17597
2099
24273
13291
13804
18282
14881
25431
16079
21902
19087
25020
5076
18468
30493
17252
23598
15716
27058
15589
9000
22589
11026
8008
29625
15769
15116
24426
21081
30434
30966
11427
2324
24005
28758
23206
31197
30006
24034
8872
27428
21428
171
32709
683
718
2965
10911
25237
30694
19210
30792
7360
2613
21231
8290
28756
2575
18647
11908
1436
23912
7799
8928
7189
17816
20571
1571
24261
12891
31959
29853
21198
17948
26431
25762
5187
28531
15194
11312
21818
15340
9493
2513
21283
18442
4213
13507
13912
28811
9679
14423
4085
10478
22075
7831
27113
6963
3142
11819
7501
29922
21735
16254
25333
1358
5301
27932
21061
4379
7510
9055
16966
32510
14139
21322
16633
16836
29578
19637
5356
9110
23132
938
32010
22139
18729
17680
8887
28190
5504
7814
29213
9938
18428
32146
19648
7635
883
18939
19033
24270
27760
32627
31713
27300
9444
2681
25836
7020
12312
27774
7992
2487
21222
27463
23686
22295
17449
20370
15016
482
16754
30460
7644
9779
23549
15650
1368
20530
4579
7
3622
17301
1936
17334
6194
23655
30072
14632
16802
27912
7686
11367
11365
15734
24533
7668
16911
4042
14371
2918
27108
19974
18819
11093
25906
17677
15057
8310
17893
4339
619
26631
13141
7799
29086
1902
29026
26062
5215
15645
24003
17059
14652
14520
22427
3419
13714
7802
17741
22941
14847
22997
11410
32274
19226
856
4297
18793
12898
24022
2958
2207
31605
11973
21389
17021
20867
30180
9624
19554
20737
18465
17400
7234
8610
20921
1
31727
27779
17313
490
407
677
12325
17115
29070
18337
6863
27974
27982
13463
16266
6011
5053
1896
21767
3191
30382
29221
20064
5885
2473
24263
24571
745
28143
6944
19378
18624
16313
273
14384
6027
18625
28414
6046
12518
15363
9343
24960
19284
24261
22360
9177
28373
17109
5292
12182
32699
30226
17005
25641
27577
19245
21783
24181
11581
8113
3486
3818
6399
17217
21412
31473
10714
25633
32752
11658
16092
9465
11036
6963
32665
16341
21645
32013
23236
23151
30121
26426
21248
28593
21827
7817
3571
29302
12122
29013
22940
3473
1284
6058
7143
9488
10405
24234
24703
31938
23140
9007
30948
10230
2272
24498
25277
9862
2590
20844
26735
21268
24775
30906
12270
1684
24976
30918
11220
5386
19705
6756
8880
1941
12602
30266
16544
14253
10362
2596
26402
12201
18243
15831
12071
29828
20275
6852
20841
7392
31220
15167
26879
22859
28782
13536
17454
20930
16954
553
14211
31859
29018
12138
10014
20935
26152
20194
14929
416
24461
30759
28010
3552
13171
22216
30156
28202
29565
3120
11333
8428
18933
26829
29083
19869
8966
16498
16744
23619
30251
24058
26408
9785
17383
23087
2449
9263
7095
23018
35
15730
15941
30587
9983
7278
12254
23370
9468
11377
20262
18367
22520
9393
17418
7264
23404
17553
23287
5177
23875
9504
8265
17281
13549
17378
20487
6266
28847
10964
28109
25497
19773
22954
6409
10983
19338
21595
29034
19623
22751
31455
8086
13625
15659
3639
22044
11326
17306
1711
24233
31997
20840
8032
1918
32262
24312
15096
1313
15380
1824
1470
7251
19512
8391
30928
10307
2356
5811
8879
20737
16421
29084
22782
1589
4198
18565
14215
4625
688
2892
4223
22660
7046
23423
12811
5809
27856
26481
9475
13983
27334
31629
18677
2866
2063
15851
29037
2138
23850
18465
26739
19338
24334
4956
31318
2156
26893
27311
28328
11731
7678
22442
4746
22257
25755
15663
14378
23754
808
5249
20361
7144
7766
158
31874
16976
8038
11215
19976
14774
17809
9085
31407
493
26280
9798
18029
4001
8952
6224
30114
840
4208
4573
29015
19542
8454
15392
195
3248
18518
28752
15380
20580
9356
19706
7276
28055
11909
13723
19753
8383
13617
28782
8809
14610
10300
22147
22733
26941
30189
18961
638
4186
78
26381
17774
3868
28045
8699
20193
32077
22434
18693
8235
21371
7986
6986
6331
23790
26035
27256
24920
1501
29394
31389
7339
23009
2321
5178
254
18089
28085
31898
16195
30448
10207
18529
23384
22956
15097
15464
22921
10632
24659
12488
25943
2197
1038
10805
21879
1084
2362
7566
12574
5496
6459
4529
6780
28994
625
5012
17030
15692
27160
12434
18937
31985
21868
27394
13212
19052
19985
23822
19397
12361
9651
32195
10526
14106
7402
15460
10921
31595
29024
26116
5890
24568
5941
2387
16613
12317
8610
19641
21743
18061
7901
27297
13481
3143
27453
18456
706
25542
16287
22934
17564
21624
32520
18971
15627
2674
1932
6270
25689
32354
2670
7938
8589
22981
12168
14635
10476
27482
2029
31696
9153
16342
5070
13168
1370
13017
24474
7370
12627
3105
31849
2983
22295
31998
22427
29691
9891
4613
13756
2348
17037
27913
21675
26546
4933
23367
30972
31968
24476
7137
27290
8449
20098
27278
9393
6055
13844
8847
15563
27200
23510
3557
17721
20714
2620
13505
11956
7561
8048
16700
27972
23830
31055
19272
25697
9018
25268
8422
24152
13339
26106
24218
4849
118
10428
27676
335
10222
13535
12625
8471
30115
21203
6009
11989
2823
22805
10922
6043
11501
5369
28541
18411
26339
12454
16647
25046
30914
14946
19211
7782
17027
12560
29805
24122
8788
14838
19946
11632
30955
25540
22791
16072
18459
6866
15175
8709
8101
12970
12705
14743
19536
10438
22577
13176
32060
1179
6702
2388
21363
30934
24092
19436
4033
10725
16963
15804
21190
15801
32095
219
9033
6346
14233
23588
11983
27740
28598
23443
30828
31233
16527
20465
27098
12384
6849
29108
31432
1332
18085
11041
25204
12440
17027
19891
1916
11649
20738
14016
8690
9100
19427
10074
17326
7674
3823
21364
15080
13304
3886
27717
774
1572
29274
10738
14258
13646
14995
6247
15920
13947
23124
11141
6382
10288
17574
24195
6493
3309
19860
25230
25600
3831
28382
8371
31427
12634
17650
4863
16781
4655
22551
14565
12568
8731
1516
10975
11265
29976
7953
4440
10779
4216
3364
714
11785
23079
5359
3364
14604
3376
2271
28270
12569
22402
32696
16559
27951
1269
25480
7439
23527
23432
27866
31289
30797
3308
24107
18947
238
24903
5026
6737
9522
32562
15099
15670
7404
29955
18373
15453
24112
26450
30669
7080
25957
2230
31706
12054
17306
16080
6298
2026
26398
6283
21469
15626
21066
31137
513
4773
13474
8034
18349
17688
6685
25265
25539
31507
9408
23375
21903
8951
1137
18524
13125
16259
8459
25114
17578
26544
10926
30965
13841
32217
1113
1472
30601
25119
15546
3906
7253
9228
2372
2289
20124
30583
30595
3837
11106
28839
18604
9104
6839
19387
11129
20821
30766
17224
18483
22327
8081
14917
21264
16747
12755
15652
6336
5040
9798
7746
14659
26837
31758
12673
1277
11132
8150
27443
12300
19487
22978
26171
20441
6224
22436
5486
22253
5957
10098
9280
775
3987
13816
19100
29035
6714
9674
6163
19836
26338
4733
31289
19853
5476
5142
588
29173
18572
5827
11799
14945
22046
23241
14358
17775
14358
12478
13019
3704
9012
17912
29616
15788
26296
5445
4222
15973
31083
20444
29934
4021
22494
21140
21197
833
6134
31572
29109
24147
21928
29387
8682
4394
23810
15969
22146
30869
13675
11885
10953
24000
29227
31912
22243
10317
27694
12002
22451
30374
18692
4595
19964
4242
29485
24821
22726
26631
26516
27824
28420
7232
31833
22358
31859
13070
1235
14449
17861
31859
30422
15641
22527
21613
30001
6250
1824
14096
25467
22581
16387
23255
26384
29174
12678
17724
31062
7174
4332
3462
28485
18194
32128
16867
6694
19404
18299
8886
26010
8416
7720
10290
5855
11562
26950
1576
4431
2598
20910
8733
17449
19112
15670
12192
9620
6605
16852
26331
24289
17969
21511
2407
3601
3426
13426
10597
16535
15253
24778
26314
2911
29592
3059
5882
25614
13064
24934
2713
8076
26308
6102
26013
14784
9121
5907
15784
19098
22368
13614
29334
19543
1501
20190
30033
5888
26248
16162
28909
13620
30233
31272
2545
30248
20608
20334
10226
24812
26395
5927
32103
27888
26412
20192
16824
9158
25738
26979
20888
4137
7319
21980
10645
7743
25969
570
28397
20763
7533
23768
31396
29062
11969
6493
6867
6655
31616
15585
32323
17408
17868
13649
32314
14979
26695
20
14997
5573
29386
9198
15383
9290
32602
549
4353
25889
21335
17123
6115
30569
8439
24796
27825
8980
31987
6192
11289
24299
23680
15507
276
30674
12161
15019
12476
15694
27387
18617
6237
22340
6089
2684
20942
10500
14737
11347
29186
25989
8694
14753
5594
14578
1039
12917
12605
11110
23576
9323
21611
8437
32616
19149
23438
6891
26787
31230
15507
7768
5169
23065
26423
25548
239
13525
27493
13407
10532
23212
22975
6132
1974
25404
4731
14527
32158
19693
30320
8197
11161
16340
11888
12323
5152
30679
31961
32722
6555
6674
19815
31401
11474
31098
30540
27364
16292
3776
25987
20579
20475
10105
6497
10486
7935
4219
15213
3543
26762
16266
11889
19064
11996
16436
22737
20607
28305
26617
6172
11535
20176
5551
4833
25418
8644
37
23748
20500
18768
22535
8400
31513
21502
16641
17935
30993
26169
26151
16984
17219
17341
11669
3945
10311
3403
20306
30262
14865
1697
21371
9344
23851
30889
15261
16552
23874
1009
23394
28614
10980
30555
9328
502
9864
32534
27022
14578
7375
16332
23816
23782
22537
12829
20053
4991
27387
21069
27384
11589
6368
30777
1700
23852
32429
27536
11939
3685
24985
2111
3193
19578
18141
1837
23492
29082
14520
16169
30566
3890
23735
29217
16870
17597
16179
31380
27924
30940
30747
27977
25836
10409
3316
834
25021
16712
13341
24556
25995
14272
23896
1944
10417
21257
9094
6702
14794
23655
2994
9760
21714
10742
13649
10142
13705
14213
24520
2057
26904
16807
26927
12713
25335
5896
10837
2978
22798
5118
21508
29220
11035
31840
12678
32483
22867
10139
29799
13767
20044
13058
28029
27108
26
11878
22310
28332
11449
30439
5329
26979
13739
13321
3008
22228
24289
11019
30988
6467
29919
23668
26857
8866
7708
8174
13099
3848
23463
12887
8457
17246
32016
27158
8225
25692
2950
1451
9917
14772
28733
18570
11605
20876
23059
23082
24917
30770
9842
7001
29983
22539
20856
26066
12628
21965
12629
27153
11088
31982
245
8038
17651
4189
32224
31305
22951
4975
7518
23789
15518
24348
7390
30232
27740
5995
29080
561
8054
5419
23410
8859
3737
6116
7968
16193
8141
21517
11152
9842
22267
12671
11909
24304
12205
20010
23682
24643
17430
6407
28649
9555
25938
6477
9060
19766
2287
13800
11140
15943
12203
4391
29608
32632
10623
19637
8737
15337
23261
18890
10131
9401
26423
14754
23966
9500
25792
4655
30910
7341
32118
15115
20848
5126
8544
1712
18583
8078
11796
19435
19229
25747
12157
13198
14557
29849
7643
3686
12993
29425
15627
18284
5159
14477
265
17983
7050
27154
7091
21970
1630
13359
6096
25442
9275
8750
9552
10668
9534
17096
31445
7260
10157
3902
28787
10184
18649
18597
14260
6366
15689
16257
21728
16731
13332
14742
15739
11327
2447
27131
16398
30333
3368
12144
6443
8182
24210
3313
22955
26792
9763
4236
570
3619
11386
7279
30742
32061
5476
17989
14099
19463
16897
16579
25827
4096
7714
893
10644
25736
23798
9471
29018
13719
26854
6937
31631
8878
2749
21882
23288
3598
3084
26240
19274
11305
22733
11855
32748
10070
25670
15393
20479
11208
21808
23005
25500
28609
15641
30186
18012
3075
24327
24389
798
14472
18782
2001
11524
16754
18179
16623
31167
18501
27586
9807
20749
9556
16365
11014
30079
32121
20294
31968
10880
24585
7967
12791
31635
263
20416
29828
2268
25496
27913
8438
31970
2231
12889
2625
3987
30250
17838
22649
14985
10677
11789
13727
651
19597
2340
15547
31319
15119
17454
24362
25246
13490
23575
13370
2897
18491
26848
26356
23067
20528
30790
13881
6703
5006
31646
15121
31043
24254
19716
26943
21980
10438
4020
32281
17101
6333
28600
20886
25594
32641
1220
15785
2146
6572
23646
4045
9565
11715
28481
14561
5921
23217
1540
12087
19083
10868
20727
14056
13341
15639
14158
1130
14403
8160
8577
28004
26842
9418
17138
7104
15346
20021
9937
30466
8147
8925
1084
14297
4159
32265
7595
23028
4343
12293
12172
24599
12673
721
12842
7790
32295
30491
29395
32545
579
19819
18490
29992
16314
12190
26138
4449
16327
3733
5148
28128
8442
2094
19451
25478
18048
26995
742
15829
3236
8466
8742
24834
9878
13838
29440
5708
2411
5811
477
29325
2150
21455
15528
2831
1654
7199
20600
27808
24831
3080
2671
2281
30685
9607
16354
3579
30375
1131
441
23595
17200
8898
7961
3616
13652
16785
15169
18218
31729
18888
31410
15317
21299
14708
2963
10431
28693
28983
3411
11174
17700
30197
7056
12997
1158
31441
56
30305
828
18264
20718
12447
24996
19963
31663
1944
7490
1731
1717
23983
28607
25152
1947
31779
7986
26819
5571
19424
9119
22989
15349
4251
17853
24518
11592
23069
6909
11250
16710
8159
711
3746
31563
15064
2311
24487
8494
12691
20968
19212
9507
2692
29407
22021
26336
6300
23788
12322
4095
30235
15389
9416
4004
8614
28755
16610
31071
29081
840
212
19284
20894
16337
6832
24473
32383
20065
14509
3295
13368
31439
14293
14933
593
1881
16125
27337
14954
12520
16890
784
11544
18582
17682
20393
10479
1645
29873
3485
28640
31089
25949
31401
5830
14561
4076
12447
827
15035
24053
20490
31664
29566
23172
15889
32189
9011
23314
31134
20149
29614
13492
19391
31358
19474
20882
22348
13471
32147
15003
19402
20379
11648
26999
16271
15998
8320
30397
29991
21685
19228
30823
4087
14370
19325
9347
31776
14704
12407
3115
3494
1700
12743
694
6866
27637
15769
1328
5588
5854
32590
13832
27053
3953
17275
16649
7756
23534
23861
15243
2039
660
28812
21739
1517
23991
18005
27448
5194
30227
3373
22575
13610
22368
11194
2666
29969
4903
2100
16084
3723
26067
26916
28256
28943
12811
21356
17403
12073
17983
2440
11967
6105
8321
4115
25705
32566
9367
23437
26637
31318
30798
2907
26888
4722
31249
22031
3639
13126
1465
2794
358
22711
31655
19615
20235
16312
15888
26970
28213
7790
6297
29697
1215
10130
17956
698
15305
23832
2281
13997
14440
30222
2248
28939
3229
23494
27613
22863
13444
567
23894
6340
29646
8097
30337
28487
10097
1904
15913
1358
24478
11363
12835
7977
22004
3565
3876
5512
5107
5340
19158
14142
23987
9016
29738
30788
13526
23406
28143
4609
1979
25261
14244
30920
24820
8849
14474
19107
11003
19967
16638
6991
23584
11600
13830
16775
7878
30129
6954
2438
18895
12233
28293
28871
15701
29085
2843
20239
30619
28593
1389
4269
30275
10608
13899
26112
14273
13518
26602
3131
28943
27948
22838
4965
19362
2428
2921
17828
16286
23973
3549
5050
24134
19241
15390
10960
8374
9477
8772
6003
3796
2777
31616
6620
21124
32584
32500
3956
2843
15778
28360
5527
29975
4800
7546
18840
14861
15664
23925
18950
31970
6291
3814
23854
30270
6210
16331
24801
13630
21816
4684
26488
22633
13100
23887
9748
21222
24829
15175
6187
4588
14419
31564
31808
5753
16516
10353
3569
22343
22708
6994
8503
32508
19777
18924
746
23200
23646
18866
17027
3157
28157
14301
18726
22082
755
31747
25056
4561
8022
6379
5933
10010
13354
32672
2493
6303
19517
6340
9335
30521
80
30759
20927
21074
30327
28312
5620
30805
28867
28155
13117
7011
12061
29596
14982
11848
10357
27843
11717
3501
24349
18825
6018
18830
21615
12777
15254
8943
24502
4378
17715
4555
27724
27420
5668
26446
25343
12434
6998
24644
17081
1231
19096
15312
11361
10803
11679
10849
26108
2232
7757
10466
6424
712
6195
7217
20586
3154
17236
16595
30902
14364
7211
17126
26863
12123
23792
4694
13728
18305
3096
18260
21386
10838
21531
11012
19854
17482
2169
14454
4558
27913
31743
10712
6672
32337
3142
26090
29539
19712
1662
25010
26884
14450
18793
19056
22146
17417
18602
3028
25889
28429
21824
1647
14460
16055
20302
2664
20079
11912
9501
27248
5684
31455
17251
15095
716
31179
23238
4512
7329
30238
7836
22771
22121
16579
24821
3155
10573
27729
12251
28719
15435
26335
22488
6780
6873
26139
28601
24418
16075
22934
20882
30261
29046
22370
9474
27304
18454
14047
24248
11837
16237
19922
22838
24064
15021
951
27349
4213
27032
12121
7434
16335
23014
29343
26855
9314
14311
2217
7397
4955
617
14875
20448
13743
13788
27577
1379
11089
12980
31541
26406
28328
25359
24132
14293
3136
25496
14327
25363
704
13227
22601
20159
24348
12474
23029
20854
26891
24815
21130
29273
29628
20754
18624
22032
9924
2478
25869
32015
21340
24431
4212
14103
10697
8911
30110
28672
25371
29425
6187
14775
13082
14285
30282
14211
5758
1934
26759
20108
20830
31544
13285
16285
12779
13966
557
3625
27486
10035
13445
22668
7471
16143
17476
1428
23176
11764
9733
27456
17913
24194
25339
21191
5485
14920
23684
32220
4701
31019
28160
4401
27203
12
24803
2106
25426
4773
26377
5683
18788
23732
3914
6244
10036
5724
26703
32164
8141
18376
17827
18204
31810
28689
23309
1613
16800
4962
8734
31829
25377
29786
15878
15981
25762
31921
20908
951
343
6431
31741
55
10942
3193
28291
28958
29649
32286
21050
15951
15488
18321
28320
21788
12638
17767
18188
8272
29595
12132
8768
16755
32050
15329
12353
28489
5475
4720
16999
7580
26980
20931
18864
21051
7508
11466
3929
19267
26992
25372
23472
23197
6025
6296
32548
6856
29878
20556
29086
24793
2886
3734
31764
4032
14584
26248
8283
12492
30063
30353
13116
30066
23776
6234
23755
1610
21262
18415
29428
17242
21112
1567
25175
22935
15312
14885
6486
20905
14768
22152
10603
31727
3209
17727
4799
24003
21212
24345
28153
1023
8620
29276
26708
24255
307
7340
17909
2665
8660
31791
24187
10731
23889
31727
18391
13892
22590
16256
9054
26438
22453
29154
16668
6554
8012
31656
3436
22020
27460
25690
31942
24040
23299
25369
27095
24846
24516
25217
6615
16546
910
31700
23319
895
7266
11604
29145
24493
16313
20464
18277
32039
2606
4131
3929
21986
3959
28186
22337
22284
1689
2325
13415
10129
1628
14863
1005
14308
26109
16801
28952
32508
5668
3364
13807
2205
1557
22294
18949
14552
26922
9918
29587
26837
28801
29459
28361
16592
19698
27867
8038
29538
3396
13328
135
15874
11424
31879
18108
21195
25925
26068
26721
3968
7038
2664
44
9677
29905
2556
15874
6351
28538
4915
23055
13271
3608
12410
15893
24171
27557
23603
22788
29070
19371
8212
20684
29250
31413
17353
1647
21834
4868
20193
8282
12340
31108
25063
3829
31639
9983
10959
16249
19098
4495
30869
28930
7093
19033
12832
24549
9916
9080
13420
15171
19481
29240
23528
6366
2392
16773
15645
23340
5866
2211
20625
15786
4898
14879
5611
31603
24196
16133
29271
17425
3391
12883
20012
29331
4600
28846
13773
15071
1481
20564
461
16714
12682
5458
19030
20582
15439
30199
10699
8475
9009
17288
4780
26874
24146
2869
15546
8909
22299
17228
27996
17779
5064
22701
8002
23787
15399
12414
19784
14766
23452
29215
25757
10818
1129
11616
8740
29452
14380
12530
24346
30822
14761
9500
4346
20209
11210
16047
157
9772
8676
7740
31910
16710
1340
12164
2845
29233
29642
7472
24154
19192
31805
11459
4389
31058
23359
5836
28187
119
7673
12128
18004
17714
19930
29383
6978
8248
2452
19062
8156
27320
12136
7741
21756
14643
31908
1474
17670
14478
18026
11822
8907
24934
12210
18470
20397
30115
146
4605
3331
31824
702
21032
23743
12202
1867
22002
21838
4470
31160
18545
27839
6552
9262
30136
32552
13026
2311
20046
5189
31274
30094
16095
10339
29599
12805
12338
31868
10845
29421
17243
12708
28222
28545
7730
13219
9203
16772
23555
14052
23380
29244
30343
19854
8181
22719
15123
22512
14330
11629
8208
21538
17708
30398
3755
20713
31820
13118
29901
2012
26279
25813
13134
25285
25066
24908
15462
28746
21048
3085
30308
3021
14970
23850
13986
15504
12022
22945
26808
4125
22052
24799
13808
29669
27580
29570
16634
21031
31252
22371
18913
30227
15785
15572
20030
31536
26363
18726
31148
19451
11935
10863
31355
29649
28559
6281
3753
18446
15300
26462
23821
11383
7943
3683
28374
30421
1028
18787
23860
13795
28576
13950
1877
24426
1676
5489
25747
10667
4378
3096
18156
5117
29008
5169
8626
25271
16188
30306
10371
4688
32646
30334
23164
1477
10316
5380
19882
29755
26665
2536
20161
23014
25495
23702
10513
28713
23672
15669
10933
28927
30703
808
14606
10649
5748
29915
2416
8265
29224
15548
21018
20894
30565
12167
1900
18641
2970
18375
31060
5983
13910
31386
25866
28664
24738
18868
20221
26776
7828
13990
14605
10228
14113
31584
2298
535
24115
11253
13084
18509
21755
9631
32085
20544
25737
28419
28229
30305
26266
28086
15548
8073
20657
5375
21365
32224
30057
29151
15617
7423
28681
14414
3073
31057
28249
13768
5016
9919
19636
19720
1056
19084
14431
24340
16412
27773
19481
17785
32110
25406
23283
16856
1739
24577
23906
1697
12651
23912
13459
15647
23301
30117
14334
11445
1018
25568
16702
26471
22993
13528
10784
8091
17891
27342
28922
2849
21591
6303
30526
30578
1873
14384
3662
29493
27239
16398
18066
12552
31317
15446
13513
1916
13553
28371
8604
12897
25953
14951
22393
14661
139
23980
670
7991
9677
16602
22388
16337
6126
23276
29471
32117
16981
29182
10835
9430
7801
15098
14953
10682
3481
7283
4274
8447
31405
6353
7179
7132
22684
9135
23729
18538
20655
26241
9815
31587
13638
14458
18550
1833
3274
19885
4325
1034
18658
24946
23721
28098
32234
24587
11022
14913
11937
21383
26359
19887
33
6119
23154
28590
27157
6784
143
9695
14118
10400
10611
6055
27062
4468
9384
24371
22737
7977
26039
27577
6496
11090
22265
22785
1952
21130
20138
24613
1235
2906
23103
17813
15670
9309
21497
26717
2610
28065
30395
22187
17622
4433
25625
2955
7301
24465
20657
14838
17900
4522
19134
18699
5687
18535
20202
26012
24197
18879
8036
19692
7065
16819
4403
13495
19922
2682
17354
29811
3421
16348
30428
21462
11945
8668
29297
8856
2843
2713
13626
32122
16900
31606
23841
25735
1488
1401
32293
1690
18816
4337
23397
26144
25178
18524
13946
15135
29150
10887
10506
13944
11261
2039
15514
2665
19846
28552
13476
23637
22241
20052
16106
968
24319
18134
32265
15030
4753
848
8785
8963
13176
1897
1236
17736
11389
17691
30909
27861
3395
30924
18148
1266
633
4283
1951
23403
7764
9118
20186
27723
1341
14986
24170
6887
21191
29202
21150
31774
19171
14003
32023
5600
11095
8304
25050
14317
12652
12729
2724
20959
10215
32145
9342
27243
4411
30960
7056
7140
16893
31590
10554
14848
32664
13058
2145
1247
30530
3954
17415
3401
8495
26731
21535
11832
25604
25420
31903
16278
3214
23550
8918
26183
28084
21790
3328
9578
15530
13150
16408
5340
32104
18472
28653
24830
4955
28549
13688
30649
19034
17726
32621
1727
27611
13633
28944
12051
13415
27461
9034
4555
15691
26033
31740
6677
11921
12218
3987
10360
19758
1740
16605
860
14717
28460
4891
12493
29164
31707
25175
7548
28150
19901
30199
13574
25937
3578
8595
20345
5992
26533
26628
6165
9995
17564
21693
20815
24165
20911
32607
6684
28463
3588
28039
6251
804
27065
18154
11507
12469
14284
4005
5168
10237
30520
23758
6312
11255
14177
14159
14963
11247
7090
8436
28666
4406
17029
28610
25599
5402
4931
29579
21726
13077
14284
6591
30994
2885
17689
901
3322
18716
22304
16906
28125
25177
9207
11545
26157
16951
19005
2029
3848
13540
24246
26691
27396
10036
32053
5043
7724
3735
24767
18239
26438
3401
18157
7469
15960
9928
8850
1298
15466
6283
24990
560
12428
10993
19010
9217
1563
3704
13141
27924
24641
6447
7159
7192
3771
30830
26228
2871
16351
10948
14955
6565
5085
22065
21039
21368
30021
20117
14189
19386
23241
24681
13071
23740
22085
13229
29793
17070
5372
23329
13170
17517
13604
25528
21182
24220
5286
30794
17417
9462
32031
28041
13454
19938
20778
18998
17497
7240
7905
8085
19698
7076
15265
17950
31547
25177
19726
21109
16539
20039
25431
22172
24412
28575
2236
17256
5714
5622
27213
32305
12222
13209
32244
32462
30577
2849
18869
2496
23605
23367
12341
23214
16488
31993
26233
21266
15850
10157
30449
305
24890
20469
30133
4944
8155
21587
18958
2853
3581
27727
12600
17804
5977
3528
24166
10875
16221
15496
23559
6456
11401
30747
4680
25801
793
15328
5850
29869
21220
17760
10741
24009
7300
5343
1181
1957
12727
23601
23588
12760
29957
20431
16112
28097
15523
3626
11902
24696
23704
4415
6823
24836
7198
24172
8738
18127
6731
26754
15435
31831
26096
22555
12322
10789
19650
11822
31895
3587
9655
29920
5637
21098
6835
29341
7420
31290
13668
4968
29251
13485
13162
31855
19485
11662
26044
32227
12492
11686
8007
22278
31316
8056
30424
134
18305
19502
24635
28937
32299
25810
24741
4105
17081
11201
25167
19170
2276
21085
27492
41
8638
24323
15389
13632
27378
12093
6186
18983
845
27192
16213
8085
10365
30584
22882
25416
8729
19914
22841
30361
24034
11898
6983
9043
8521
8391
17185
4805
29745
16788
7274
15126
10485
15200
760
14041
9645
31352
5682
15073
21165
29035
15292
7767
21071
447
13655
10505
26099
23778
19970
7173
9283
29027
25189
10343
25788
14434
18544
18543
1130
30534
23104
11991
26610
18862
10306
16483
24278
1961
5786
19385
19445
23593
27078
29555
14161
8117
1662
32371
11541
19295
26847
630
3543
6134
5833
7404
13338
7548
4486
11784
4887
1754
2732
18963
12989
11731
24644
21765
11510
13111
9259
31830
4140
26457
12985
786
19212
5826
7329
5164
1417
3879
26648
3860
2852
28825
27962
651
10859
7932
20905
18871
11712
26554
26487
32626
20828
12217
29510
15336
23188
15754
7597
20577
13402
29667
5086
30043
13574
4175
7046
7900
29015
16932
7669
27398
16564
11701
28287
24300
22200
12234
20514
26020
5614
30029
32361
17822
32729
15174
15759
51
26168
19210
13800
20353
16775
1710
7805
13943
20681
6594
31478
22316
26245
8764
28862
885
1807
26035
30561
15286
15368
26318
26681
4088
16680
28411
12617
5948
28219
24676
12137
28943
618
25631
29604
1375
13500
18596
30686
30349
11741
9349
1721
31171
20253
4441
23226
2440
27323
4857
14504
9874
20836
32496
2357
6875
22775
30764
13793
29431
16523
21242
19738
8612
5555
30001
12712
419
32513
1708
22856
10694
4040
1534
24215
18251
2342
5474
27186
29288
11330
5105
14108
12583
467
22296
13920
7284
15074
6216
5623
23412
3792
27375
12011
26905
15002
20136
7869
22516
1372
12718
4101
2122
28180
30615
30296
1129
26281
22591
16750
30524
16428
11010
19332
28958
11357
29230
1792
28396
30833
15031
12116
22366
25874
9261
292
25239
16296
9452
15787
8186
8407
24211
32091
3648
29768
5815
5571
31175
11693
10200
5814
5421
20223
32403
8874
30
9226
30490
9822
12394
22316
12002
13248
29019
17242
7835
1037
27973
10083
4197
25914
30046
7801
17985
5779
31696
493
25797
22690
29709
6202
30229
13394
3427
13637
6414
15700
31696
12259
12484
21442
17175
20636
10287
10498
14355
7599
7713
3054
11340
10325
3451
16433
30664
16202
17825
25844
21796
10890
18219
11963
17379
21592
22750
30857
25861
901
26842
28747
1499
2799
3604
25203
19739
4680
15879
26852
15920
23577
2727
270
1747
11526
31895
19802
19167
14419
23963
1480
25185
13735
1872
23510
15855
1040
2587
21925
25916
32328
16479
25687
17385
25655
8691
14779
14493
32184
27603
8492
6743
23200
28693
24502
10243
21501
8735
24443
5708
12955
13080
10837
12210
7885
21148
30653
15068
15721
26548
20972
6959
7701
22021
5695
24479
24257
9031
21728
13253
10357
4345
21411
26418
26957
32339
14382
32516
28610
9853
7517
1463
19242
3838
6117
3389
5506
14967
28215
5968
2668
29585
1959
22535
3956
17460
22221
1703
4503
27898
17195
12476
23558
28899
22033
17257
19495
2378
11966
16125
1757
5655
456
18630
4873
24119
10174
3882
32081
13385
32523
13299
26912
21402
9501
12523
13037
2388
19143
27305
1985
32242
10212
26026
5619
13047
21054
20900
15158
2272
31662
24342
21463
24919
23428
4900
3903
12713
18216
3490
28095
6522
15874
30063
19341
20920
27800
32516
7433
1997
27382
16716
16453
31001
14931
19639
1989
25247
17905
14474
25219
6398
27461
6777
17718
23716
19800
7287
14548
15934
30573
9421
12886
10098
4836
17513
6075
23505
13406
24441
5711
1543
1058
17465
11821
9557
17856
9225
5891
28482
756
8899
25109
31117
24012
28747
32133
16485
19981
8296
31953
23772
19924
13522
19101
32666
14713
3468
10163
974
26296
13171
6984
11883
14099
12568
14465
28048
10610
28107
23861
11335
12045
16120
19957
3699
18315
9143
21321
10500
10347
24222
15421
2669
29604
25049
27164
10072
16776
16765
18812
32664
494
8218
23674
3935
30864
18832
14919
24753
22706
28707
10212
20760
17413
16337
11817
24474
12490
15330
20748
5864
31546
6850
19488
26584
9766
5132
30812
2069
3803
21735
16158
10517
6216
3733
15983
6988
4451
21321
649
12704
23240
13625
30871
31004
4003
23541
32443
6376
13777
1015
13653
28281
14658
7291
30083
14853
13986
30609
4324
28474
22840
16496
16034
32303
20494
11277
22959
10395
7762
6124
21582
14149
19196
2870
1238
9147
13233
19981
12210
2631
1767
2844
29357
30751
10571
12146
30061
27100
2655
31888
828
3629
11368
192
29199
8397
25479
27049
31424
29106
4134
25889
26271
27784
22677
1090
13865
13405
9717
21696
9495
10142
26710
9337
12187
24642
26140
9038
31974
1093
6823
22322
21229
31320
26675
5760
30573
22231
8444
31890
8748
5371
11174
3215
25731
28753
18141
30340
10777
29290
12345
12983
14065
2260
12900
26424
18087
14154
24190
19384
12534
14888
29888
32670
14206
11554
16480
1624
24772
2612
27317
24047
1147
5340
2460
25567
27906
1416
27930
31781
12845
2378
28739
11929
12616
27091
20826
11902
18009
29087
21817
88
10918
24685
14835
12797
7287
1010
15545
22767
13341
18638
14074
19177
2611
22463
5838
17592
4900
4885
13973
29516
21486
2150
22491
4879
21541
10882
17792
6518
28986
26537
24853
7381
30461
28668
8072
28279
8545
16434
14596
6894
27519
17548
4115
17576
20446
10251
5126
3267
24050
9184
8854
32290
18658
25380
11467
11969
21391
20169
8989
2885
15825
21969
27866
216
5891
1469
28359
31027
6595
1865
25866
23804
29939
21334
5191
4179
9731
13352
5642
7592
18547
26321
17509
719
32403
28909
2266
21590
22414
32400
4730
11030
22182
23677
14159
4104
32705
25241
1272
23130
3365
25247
17555
13250
12928
28436
30176
14099
4395
3710
1442
23822
16815
11985
17225
11130
5769
27946
22991
23159
31786
1471
20448
25615
6722
22
21309
12814
6718
27510
21346
24083
14095
16284
12135
14312
31278
13742
31524
1551
18909
11637
8088
13469
11439
29382
23180
26188
26186
30529
24947
7115
20844
21567
11157
25944
6956
10501
10092
21137
17283
10558
24398
5255
1802
28584
20813
1557
5637
26893
32348
3696
15521
27509
29875
4606
24698
19866
22900
25964
30560
4764
13710
30459
23387
32246
2529
8730
8172
9137
28324
24890
19606
18647
16900
20958
8349
10283
10766
16113
17422
28439
28111
9565
2559
1766
27066
26329
10264
32307
9034
7938
1875
9889
16360
20142
4607
15053
25358
20861
8971
8321
14253
20913
31361
6955
10444
11839
23377
653
3442
1829
13904
20917
19399
25599
1664
8752
14198
10453
17042
26491
12117
19768
1961
32442
15944
2445
24929
26284
17251
28328
21264
13279
25934
7069
1612
5408
21742
1490
17069
31798
9025
1881
4819
16080
11914
10109
15019
17339
27311
20891
25327
4184
2271
28212
7660
19022
17015
4671
10632
380
19239
14532
4739
22066
11857
15014
7421
20384
7089
30913
5689
30350
26435
27700
29600
2126
16481
4352
25353
21999
25644
24275
12343
9140
20270
17438
9123
7364
12862
22381
15996
12067
11939
13048
30701
25569
7548
11893
24478
1938
26207
27441
18813
14078
10560
26207
26302
9241
16276
1456
28704
10037
22711
21028
17779
28790
13707
21791
9815
28038
18275
19391
26694
14219
13855
9325
19925
7510
4504
31410
25398
7645
12862
1356
1026
26348
3327
10882
28213
11287
32363
11956
1659
27123
20758
12598
12714
27014
830
27487
26511
6139
4014
26076
25325
1690
15842
6218
4803
9976
15724
9989
12494
5995
4247
13114
8527
5057
2633
28996
14
24114
25390
31029
32415
13458
10770
1458
30692
9676
5007
5381
23763
23435
27881
8301
24185
11322
13878
23992
31039
2351
10178
16148
17773
7459
9905
9507
12524
12006
27878
30541
1616
7248
26660
5722
25878
379
5235
23872
3881
24623
21958
9273
12203
23454
5338
31257
32499
23634
9057
2015
26578
12387
11104
21130
4635
31725
11734
20270
30306
3521
21662
32070
24323
27739
7062
31564
31335
12053
5377
18823
25218
30618
19754
12069
15776
8092
4427
30089
23650
28362
7596
28134
30979
27900
30479
29965
31712
9393
29516
27011
26936
27068
13625
18391
23600
30778
8140
24882
13082
32711
1156
24624
20726
28402
4356
4078
6201
4846
16386
6501
718
24458
20831
10998
31579
29538
3479
15941
23493
11351
22620
28747
13558
24638
22142
8103
17374
3541
11022
17717
14263
6651
4035
15074
11662
27936
19612
25791
1279
1274
21191
28756
29248
20089
32450
7734
29025
23550
17856
18908
32465
19400
21070
9134
14629
29358
21558
20831
20501
7956
1956
26749
25799
2072
14215
30534
16209
15628
16186
4030
32121
10537
20324
2302
7870
32641
31261
27343
4509
9014
19026
14199
9741
24554
27242
2003
2380
1654
7721
11686
11997
16863
5077
20529
19154
14470
20632
14084
16711
19870
15398
14099
12079
5859
3999
30220
28755
23177
11191
30696
18071
10611
6676
10945
1663
27046
15864
25827
27891
25853
30751
2341
575
12318
16875
17786
11870
32172
958
8131
25208
12735
10919
17639
31657
18833
16706
20006
17156
27514
4057
28842
11992
13086
1999
19295
18737
3557
32319
18181
24482
15275
31200
15492
24642
18361
6188
21887
2037
3572
19905
23339
17901
8277
1543
26466
30832
8345
26131
11251
26331
25146
14027
17469
7399
26781
14923
17660
2859
5517
28808
32354
4322
7144
3891
9322
21231
2712
12513
20841
1054
965
32616
5861
685
29769
23948
4267
28427
24421
21467
11804
8159
4786
17621
9672
5964
22106
11344
18238
23923
28039
28187
7969
25658
31516
30690
8575
22604
7844
14929
20063
866
23943
15740
1177
9152
11396
21631
30443
23810
11611
13409
30536
9752
29898
29247
3187
22672
27835
11430
1485
17683
9916
25664
364
28979
12975
18355
6252
25188
19907
30406
9610
6727
32163
198
23022
10287
27629
8744
5193
29662
5605
1391
11808
9615
9323
2896
13160
20282
42
24084
14418
15123
30227
21567
16744
851
10
26223
29145
22332
1502
15494
29713
4439
10879
5643
20621
769
31083
4558
9966
6437
2154
6347
32076
15947
24955
28753
6604
7634
18702
14180
6773
11385
13427
21343
16191
6693
1171
4062
6765
4318
22750
30170
6941
25882
3716
7702
9758
6974
16360
698
12545
26210
22610
5182
4979
1108
4067
5514
714
6880
25551
860
27613
31311
24262
2793
7961
26926
17843
21447
721
23889
31913
8458
16342
17943
14362
3502
7240
19438
20043
26677
30891
10522
15620
29072
9021
32691
14220
835
30087
20717
20693
24773
28723
31133
5619
14373
18717
22520
11474
5619
8109
32413
19241
20574
19299
6358
6570
11674
30899
25626
22396
18821
2068
25303
20970
32393
25428
11375
1117
21956
15662
32384
29831
16998
28446
29545
7906
11355
26996
522
1881
3627
27048
10955
16964
10782
27373
30175
2458
6819
1288
9930
12898
16882
11619
18720
5739
23793
3677
31376
17981
15700
26853
5666
5967
28425
13383
9405
25211
19667
28741
14060
1710
18485
23914
3041
996
26769
3995
10683
16980
17809
3823
19204
23015
198
31425
17790
28143
655
25347
19999
28950
32317
19412
15962
26004
372
3925
16032
28070
4820
4537
31271
16443
9177
31644
16362
22000
23040
28310
13553
25150
29484
26639
31698
27890
18759
18005
30072
8158
14636
9195
32547
7375
28869
32037
20912
28607
26736
21489
26139
29003
2984
17912
834
11623
21729
18662
22763
8784
24755
261
19465
27586
15419
26129
22587
11884
29375
10824
10902
22433
7824
6080
22948
1360
309
22525
24236
10806
26309
22979
13364
16978
22677
18729
15813
11161
25363
19951
23790
30444
29426
1041
22411
17735
3464
25244
29512
1339
26740
1217
27232
9374
9347
2344
7595
2689
12245
31623
10199
28002
4923
31858
13813
22947
12004
7029
18744
31803
10809
5984
17914
1452
6917
30946
29696
14645
10201
15193
21503
31816
10671
30697
28255
31294
4301
18123
32574
12362
4332
19176
9144
30123
22682
7079
27750
21542
22493
259
31012
17588
23065
13792
536
9336
30515
9375
29168
30195
8183
20976
30058
17019
18871
27111
9242
12265
32053
9043
9832
7827
19652
27979
31960
25466
30121
6921
19598
29380
12487
508
21777
3692
30332
15896
29519
19768
14790
4209
21985
3563
24234
3080
18065
10940
28630
1252
11545
264
22405
30053
12078
8516
8099
19926
4541
15157
32049
25153
16245
6755
10988
27271
6277
18123
22313
18607
28583
7636
10500
2431
22621
30596
8377
21321
10874
11252
22354
14088
24293
3329
24963
6060
10650
10309
22994
7089
29937
25926
22010
23798
8739
21484
19346
19149
13066
16185
10218
29262
16680
22580
7990
8434
26091
3366
30446
5469
30767
24841
20340
12922
17157
22334
12536
26829
6579
18302
24473
18949
27900
11795
15052
31441
17825
19528
11266
30453
18471
11550
26757
23453
9691
25152
2723
11249
7956
3385
17935
17385
31416
2277
15236
28003
5889
18213
12203
19315
30593
14039
10559
4090
29796
17926
14959
12154
28406
21597
31108
1832
12133
10722
27843
10563
20423
17889
28053
17317
22622
6693
18149
21656
28955
1646
4810
8682
19554
10272
7014
9796
12045
21049
17166
26807
14771
16773
14250
29336
22314
24853
30047
22414
29770
13037
23660
1001
25844
12541
24146
17717
6739
14931
1592
16655
3682
24718
24717
20024
2223
10646
1519
25576
8286
6538
19788
4965
8048
6394
26951
16339
11078
2903
29917
2126
22112
10663
13128
6198
32619
30077
1827
20938
8571
22569
25808
1785
31125
16940
17431
13428
9584
24303
21775
29448
8060
12468
31810
4907
15396
10444
23052
5845
3152
4106
24900
32145
18735
21369
16670
5843
11571
2378
9808
20108
24157
16912
6004
10236
19898
31280
28846
23239
12334
16274
17038
17996
29808
24477
6200
12082
23126
12643
26818
31555
3923
20504
14301
24446
29758
22985
10680
13415
28756
1610
3617
25762
30081
10865
9966
10688
6619
31617
11675
2905
27247
9961
23604
21595
23361
4655
32117
29345
30862
22311
18481
29896
15700
20584
2544
6718
13077
18944
25820
10651
16087
10855
9438
309
16239
10162
28676
5614
24831
23817
22054
21585
18878
21595
969
6110
1015
22608
7235
11425
18773
8832
32544
3850
4957
14818
31941
24056
5436
5511
15955
13079
707
22408
25806
21868
18608
13373
9087
31278
6703
22959
22934
2008
30624
27472
28436
3964
4763
26090
30952
28762
13105
32726
26712
22961
629
22894
18851
7893
24124
4548
21989
4482
6688
5013
23610
22128
20939
11896
17958
26663
12402
20571
15157
15381
20895
29488
10206
15838
7988
4836
11181
5363
20653
16273
12962
26726
28581
8180
15828
5373
1435
30753
8025
2437
22263
2165
11626
15720
20296
22733
12483
30082
720
17397
4681
19249
26946
22372
3055
10667
13770
23334
24794
13717
28750
5657
24772
21201
13300
8796
15006
15511
14052
26117
25209
25543
32591
1042
3750
1917
27056
22947
4124
15334
25681
23398
2587
21331
1041
26450
19727
23948
22118
24216
22711
12647
5278
7126
18822
13465
7274
6542
13642
21963
20892
23768
15115
27889
19760
30803
18998
30167
32137
15201
25851
22780
7166
24980
25075
13988
7061
22115
28934
26665
29966
24866
26508
11154
29732
19761
6066
11622
27151
25203
14111
25795
26957
16897
6360
30122
28322
31520
15969
3485
7006
27761
1062
28268
25822
17768
27929
6988
23893
15359
20891
23593
31181
19116
30112
2877
31080
2704
18958
24802
20972
32241
23911
12708
17790
24298
16296
21147
1454
18017
23921
6136
1972
16186
5733
8669
28153
6602
4820
27506
