941
32746
31763
28424
27532
4807
12269
9319
5603
31908
24308
23482
1013
21137
26631
24115
26810
4085
23557
12291
21294
29997
29153
1055
25346
14709
249
7492
13713
5132
30115
16440
7959
24723
29705
6996
1053
25270
7480
18239
26424
27919
10867
17660
32499
28487
21197
7463
26634
12159
12023
1147
18393
13038
3926
10648
29459
6603
30808
4099
27831
29293
14601
7279
20800
18353
20449
13883
541
28316
4576
8763
9568
22337
18398
31419
19898
25829
13852
26817
24231
4450
16926
659
230
24521
10941
29561
15148
25163
1656
20676
793
22362
31755
16399
23147
8715
26947
21189
19570
8639
27664
15076
24516
11522
476
15616
20529
13235
12571
906
9465
19558
28963
14162
30525
12550
17470
331
31924
28351
14334
22926
10911
19738
16337
18338
1279
12394
7637
30715
28165
31592
19950
19136
2506
13338
10005
16338
2624
28665
9971
25609
30569
19282
7086
9153
18374
28653
8195
9877
23827
28397
7573
6250
14641
29175
18820
944
32612
1942
20290
8420
5566
3806
7586
16217
31451
1616
2610
11065
9167
16894
16075
13510
30301
19696
9574
15590
13162
31173
17969
27359
26032
26269
19427
28511
10423
30775
8780
30911
23553
4183
25392
15496
5765
875
1365
14903
28256
4461
475
6973
26822
26123
25548
21578
9790
25606
30196
27595
7951
16344
755
2482
1013
11673
23440
13429
5913
9763
5968
24409
4416
1909
17224
11760
26435
5205
29487
4320
959
5946
26807
8167
18701
11368
17693
21788
28533
30557
30975
3448
5022
18284
26223
29332
2377
28584
26949
12724
17983
22019
14777
9221
31112
32183
23857
19491
8926
4325
6487
19678
15970
11644
7535
15678
22669
31069
21992
32197
7784
16829
7728
29427
15872
10698
17613
18704
11028
11409
5546
9509
7186
30239
24238
26444
21314
22502
8851
25129
2112
23651
28150
11193
1455
15870
682
27466
20268
17714
19794
18635
25473
20973
22831
24902
28443
5178
13878
25771
703
14365
1382
16591
8824
2238
8024
32180
16596
20170
2328
12043
31311
28183
11059
7927
9488
1671
32529
5652
2259
7214
9861
25784
21287
2743
8611
4473
7129
18435
5842
20719
3504
14868
24866
10939
1882
9258
22751
28615
18599
28459
2662
26064
32757
20808
20279
19490
19436
6366
32076
7587
1387
7834
8361
13331
26049
8929
29493
12434
23841
6767
1736
19811
11600
11838
21893
31983
7329
29353
11370
31245
21795
6609
9253
11648
17433
9536
7209
3265
3498
23244
27650
22016
26842
190
16101
19813
30649
9524
19852
24475
28634
29892
27201
19855
9991
25698
4920
17781
22579
12932
32545
3341
13488
900
22526
8484
5539
7493
6194
28253
25012
1561
15835
1841
31498
2786
18530
31541
18806
28792
13393
13211
13550
21579
26980
30972
9278
74
20194
1621
21498
13827
31277
19791
6583
13579
11160
20419
26490
160
3450
12925
9073
10381
27009
27968
10209
6478
18504
15371
32608
14197
12075
13723
12612
19020
28762
11057
12891
31164
16684
13717
19933
25453
2742
4955
6814
2863
10397
15461
20616
10905
2600
20137
4681
9199
27033
14388
32585
7241
3518
17007
8671
242
18883
25250
3524
31759
12106
29622
17096
7297
9917
15679
10179
13580
25059
27578
12751
14008
23730
24082
2996
2679
24677
27754
20900
11785
15566
3094
13609
6173
11244
29930
7515
10169
5056
11192
5974
8923
6749
5652
10987
2145
16447
31578
26518
14630
29917
5875
15792
15470
22913
8147
30694
9092
9816
26950
26858
20641
26053
237
8552
9488
31227
28163
16956
23184
8395
30181
16098
3066
27066
2514
9262
12579
21079
16879
14141
4612
31948
2446
171
29976
13490
24751
6150
3334
13866
22215
17283
27008
27433
8897
16368
28523
4883
31811
17642
7232
2188
6706
6480
6322
6539
31352
19448
24209
9647
22277
25760
30190
30423
27667
8487
3456
2029
29615
4861
29254
11778
31349
12504
10862
22432
29083
12456
14198
22107
8753
15822
17297
26282
26022
24456
15948
27125
18319
9136
11377
1775
29860
24999
12075
9254
6923
10636
1644
28889
8154
13233
4748
28681
19927
25679
6451
14802
24962
14200
20856
26364
5717
10574
31562
23246
6474
28275
1551
24354
1182
4288
2700
18111
18644
17466
7173
2530
9982
2113
13477
4382
8248
26891
16672
8806
32373
30033
3990
9321
23166
15432
9659
11294
17207
26579
16949
2207
27172
18167
3397
16698
31021
23695
15530
14789
30110
17985
11970
28979
21618
4016
16627
3685
9169
17907
25929
12098
28119
24391
15200
11786
14487
19200
12421
20711
18272
15814
27416
6086
319
3581
1332
7268
8388
13445
23187
14508
4361
17828
28075
26432
7153
30272
10269
4694
19886
338
31312
17605
12678
407
7769
29023
19414
5001
543
17538
30039
21389
7356
13290
31648
3182
13094
16585
10988
10762
20494
8218
9502
17483
29448
15666
10754
22105
15085
19096
13526
30222
3965
21782
4873
8107
3657
3344
22594
27081
16081
14869
21412
13714
20969
3252
27217
12080
28769
17041
31532
12934
23780
20664
12260
26654
27937
2096
24366
11875
7721
26836
25681
8977
18456
5726
4072
24809
13560
9157
5603
17833
7906
10441
7376
21563
22886
21963
21081
1837
10798
31203
10509
10081
5341
12077
9059
31494
7741
8547
20475
24774
19098
8881
23336
11073
23401
708
22956
20667
4142
23589
12482
17169
28316
19397
16226
1010
22013
18137
11456
18763
25044
743
22
17923
24513
9249
26019
27369
23718
9715
17651
13291
3336
12760
3170
21896
5304
22641
21980
24200
29106
24792
18662
8682
3653
8754
24034
32030
15988
7043
26254
20084
11421
15815
32719
12245
31064
7230
20653
18865
4770
30471
15006
21048
1595
21488
24327
3277
21324
6541
7680
23991
32589
24711
29272
17946
29222
28471
20184
23590
23956
4979
24780
5007
13263
20136
23488
27197
29034
2089
12936
19780
15994
14791
24963
18966
11002
19106
11808
24568
2670
3135
32672
1458
12999
3546
13598
14219
8839
