79
11 54258
8 277402
14 25537
4 20133
6 2042
9 140087477
8 1020
5 331
9 114
12 3295B2
12 33
10 511
4 2
4 1123233
2 110001
3 10202021012
2 100000100101101100100
3 122021
9 46
7 106335031
14 14B9A9
11 18994738A
13 1AA91
11 739
12 6565A932
4 11221331
15 2200
14 1C
13 10861A
4 2
6 125
7 53
3 1201210
4 2022002
16 23A1
2 111
8 5
13 1787862
15 2CC3
7 46
6 31035444
9 43431624
16 D0
7 105
11 149338
4 230323322300001
11 44525
16 2B0
14 44
9 163348743
16 498C11
3 111200200200200
9 51611
4 11000121000312
9 102
16 E84A4
3 1010100202
14 256
4 1300323
2 1111111011101000001111101
11 6AA
8 2032
4 11
4 212
5 1432331100312
14 4324D8
8 43350702
14 4A2
6 44533
15 19AE
3 12101201101200202
4 11132
2 1110101001000000010001010
6 10004
10 872539306
10 7185424
4 31003032
12 24AB7
2 110011101010111101000