97
10 4
10 74
10 98
10 35
10 67
10 68
10 27
10 37
10 72
10 84
10 20
10 55
10 15
10 35
10 9
10 26
10 83
10 97
10 64
10 28
10 19
10 6
10 42
10 39
10 10
10 65
10 43
10 90
10 14
10 56
10 80
10 89
10 73
10 28
10 50
10 84
10 48
10 43
10 15
10 16
10 77
10 37
10 98
10 74
10 63
10 64
10 78
10 25
10 17
10 83
10 93
10 79
10 16
10 60
10 75
10 10
10 75
10 10
10 69
10 66
10 70
10 7
10 21
10 42
10 98
10 76
10 75
10 89
10 94
10 36
10 9
10 78
10 79
10 46
10 60
10 22
10 43
10 69
10 28
10 38
10 85
10 2
10 40
10 28
10 11
10 14
10 81
10 46
10 73
10 76
10 29
10 28
10 66
10 29
10 32
10 92
10 23