95
5 201
9 146622
2 1010000000100
7 2
6 121
4 10222
2 1100000101110001
3 10220220
6 534355
3 210000
3 10102
5 103434
5 31044
8 20277
9 70
9 2265422570
3 100
4 1132
7 12
9 12877184
2 10001011110101010
4 32201330
10 682495503
8 524432662
3 1010102020201122112
7 5
9 1
9 87416
2 100110001
4 2
5 40
10 1868392
3 1212102200110
9 2117176684
7 340163
6 55155101115
5 124
3 1201001102000
10 8481
2 1111111100110
8 270511
10 98618349
6 3
7 66255032
6 4305055131
9 5
2 1010010010
10 8
7 14441250521
5 213412304
5 1324420403212
7 324025
7 155
8 17
4 2212213210
6 20031
10 8501
2 1001001011011100011
3 2120002101
7 330643
8 3377011777
10 614
4 3232012233
3 1
10 241570933
8 1050
9 14146
4 22232
7 206623
5 4
10 975368
10 55
2 11011000110101101101111
8 310520242
10 21230
8 4
5 2230
5 30114410140
10 70664
9 2242011575
6 20040540
3 2
9 6472
5 201404
4 130233222021111
10 80
6 3311
4 1312
8 302273
4 2330003
6 111250223011
6 25
6 132353142522
10 703
4 33010113