73
2 11001
10 5886566
8 1423
10 639611
10 982627558
10 9144
16 22DE
8 245605
8 11
8 6543370732
10 242025665
10 24
8 2743755
10 4755
16 E635
16 2744C1
16 C
8 44152045
10 860
8 454073232
10 17
16 4D93E
2 101111
8 3440202050
8 111336
16 34191976
8 36
16 3E6
10 68123
16 F5C
8 331410022
8 1000
2 101000100100
16 32AE85
16 BD7F
2 1100
10 977642001
8 2007727
10 73
16 B71DD
8 137716
16 2443
2 1011111101
8 5014452603
16 2155DE1
8 72762036
16 7E54273
2 111011000
2 1000011010011111110
16 73
8 76
2 11111011111
10 161
8 1567
8 62614
16 11B1C
8 10541
10 1
8 3
8 20703
10 41
16 3A
8 1720536
2 111001001011100010010111010
8 425
16 61C2B8
8 242770
8 7
16 262
16 14
2 110010
2 11100101111011010010010110
2 100010100111101110111110001