88
16 3
16 2BAF2ACD
16 BFEB
2 10100
8 23
10 9
2 111110101111111110110110101
16 19DC
2 1001101000000
16 1EF5
16 112FAE7
10 14
10 19307656
16 11BA5
10 11498242
16 8221
16 50
10 9
2 100001000001100100001110101
8 21543574
10 2
2 1101100011111011
2 100011001111001010001100000010
8 14072
2 101001110101010111
10 85786282
2 11
2 100001111010010
10 2275
8 460540317
8 40712037
10 52088
10 901223
2 1010111101
8 247715
8 71
8 176073234
8 31
10 441
8 463773156
2 101011011101100101010110011101
10 6634801
16 47CDFD1
10 63125
2 1010010010100100
16 4B8745B
2 110
8 103654231
2 100001011000010100110110
16 8CF7CE
10 75
8 675104
8 621
2 101
16 16F5D
10 32878
2 111011
10 6807611
10 113
8 12255
8 60441
2 10000100101001000110
8 2
10 1
16 6
16 116D5
16 1AF70DA
8 2467702460
16 924B
10 57278390
10 13101
8 2140467757
8 505020527
16 514A4C
8 6455467727
8 72
2 101100100111001001110110111110
10 47025406
16 105A3
8 7406
2 1010011100
16 3FAF233
8 22263307
10 4
8 566
10 789198
16 4F1E57
10 894063747