100
9 27304601
15 8
6 545104
8 10
15 3
5 133430
2 11110010001010101000010
5 133223
4 113110022
10 920874
8 12401
2 10001111010000001110
15 358645
7 2
14 A1C4A2D
10 1170186
14 133362
16 8
7 1422122202
6 11342412334
10 60579487
10 82
7 2065030444
14 149B2
4 2
14 958B9582
3 101120020200201
11 1579921
15 7892CE
10 942
2 1001111111011110000
6 13215545
10 628711
11 4759A258
4 113021010
12 8
9 20522848
5 1233220102402
7 112
9 7052
5 12
9 146000
14 59D9
7 20010
15 1410
9 12124752
2 100100000000110000000111
4 213033201110331
8 16573
14 A12211D
8 22365
13 1C144
8 75602674
16 C473
3 1
15 5C
15 6682A
4 201302120110101
15 6C
5 11142421
8 1205
14 1579
11 45
11 45
12 218A8
3 1201
4 3010001
3 1101200121
2 1001000111
4 121212120231230
7 50052645
10 518
5 4042232222
8 1
3 10
5 4122331331
6 2204
15 267C87D6
10 71746171
10 576865
7 42062
10 5
10 50
15 37
14 175C3D4
12 1989A71
3 1010221
16 175700
12 1069
12 16B116382
15 65
15 1843CA7
12 8
3 10122121210011121
9 128774422
8 525275
6 331322152
7 1656
7 1323
14 34A0