72
10 87
10 419050
10 33799901
10 20820
10 38
10 5156
10 9
10 9971765
10 87
10 4522
10 779611
10 74
10 2
10 8
10 965247
10 7
10 882379546
10 997
10 8845
10 24
10 16052
10 8512176
10 402
10 85156889
10 162388228
10 95
10 6
10 70692121
10 6914
10 429659912
10 123950597
10 3094041
10 26856
10 8
10 397534
10 65
10 5
10 358228390
10 903
10 5482620
10 29143652
10 13
10 3282
10 11567761
10 93
10 3345
10 47386047
10 950378
10 49
10 8368
10 8
10 639
10 298681717
10 53366520
10 1878605
10 6465861
10 96981
10 9
10 3471893
10 218577049
10 788
10 607273
10 384432174
10 1
10 87
10 5802
10 3576
10 60039959
10 16542686
10 72373
10 97
10 575