85
10 2815
10 710970992
10 548234020
10 66795661
10 1
10 4
10 19770
10 87439610
10 467510
10 8
10 172430
10 86127
10 96
10 3550051
10 914377571
10 27
10 3
10 177
10 102418113
10 5209
10 5057105
10 3591844
10 7736
10 8
10 73
10 6135
10 3503
10 9
10 874
10 383305
10 54
10 560021157
10 77
10 766
10 915330361
10 5077913
10 788
10 371054
10 136278
10 89455195
10 8
10 80872
10 49328323
10 7655817
10 750572616
10 4392
10 77
10 17459006
10 98153154
10 98
10 63013593
10 970
10 614
10 97849823
10 207
10 605
10 82
10 79268
10 93563076
10 52896718
10 32320
10 5
10 597
10 620
10 295228
10 785
10 58778
10 7496
10 49547
10 12560122
10 366639
10 3
10 997
10 362
10 54014529
10 7611218
10 4259
10 77434
10 78783404
10 912
10 915
10 438436421
10 9616
10 23658105
10 65893