89
10 72236
10 15987
10 52246
10 76434
10 14402
10 3555
10 42365
10 16738
10 49053
10 40975
10 13483
10 95089
10 2771
10 37898
10 89588
10 35870
10 32584
10 20335
10 59106
10 56778
10 95784
10 79147
10 74325
10 90308
10 99956
10 7502
10 26317
10 95813
10 59583
10 26955
10 55866
10 98018
10 3526
10 1944
10 85543
10 35073
10 6310
10 90802
10 76212
10 22127
10 5021
10 3533
10 30036
10 80374
10 69442
10 35836
10 48173
10 76569
10 17780
10 6609
10 79106
10 63902
10 48063
10 45294
10 6416
10 75140
10 20250
10 38910
10 68391
10 85676
10 93449
10 86633
10 59188
10 47579
10 21897
10 11831
10 6836
10 81450
10 59260
10 25127
10 65814
10 15148
10 2698
10 20209
10 2936
10 60696
10 1165
10 78778
10 45089
10 15811
10 37075
10 56951
10 87930
10 86308
10 24484
10 7041
10 38545
10 35178
10 16312