150
79 100
102 9
14 94
51 33
49 67
66 117
88 69
45 3
139 110
131 14
11 143
29 62
54 44
126 75
76 113
88 134
40 75
136 68
54 9
97 107
86 15
108 126
30 131
144 7
14 95
7 51
72 52
113 104
132 44
12 43
136 6
60 74
43 96
134 55
81 95
132 93
108 80
63 112
42 141
92 123
67 13
70 82
7 80
86 111
24 52
124 102
45 145
60 44
58 6
131 62
52 74
101 83
7 37
17 113
20 70
115 23
67 118
82 7
65 66
53 93
1 109
2 30
1 41
103 148
27 18
115 13
28 37
80 123
27 84
41 27
18 24
142 6
16 148
114 134
100 15
114 96
111 57
105 8
124 138
86 82
23 107
145 58
7 5
7 32
43 85
107 139
91 55
13 100
5 77
38 131
146 93
38 142
89 57
37 149
105 96
69 36
14 49
44 136
122 91
46 69
22 14
132 90
65 31
142 116
128 61
90 25
46 126
4 59
4 45
85 78
141 15
63 96
91 104
147 21
98 13
49 143
55 26
73 147
137 12
129 106
120 35
73 139
76 35
150 114
61 114
119 7
29 133
113 50
35 135
127 14
83 80
65 43
136 39
47 118
99 57
46 140
19 135
126 103
129 7
130 17
121 118
95 87
118 34
64 95
71 75
148 125
56 124
48 138
138 10
1 41 109 27 84 18 24 52 74 72 60 44 54 132 136 9 90 93 96 68 6 102 137 53 76 142 58 124 116 38 145 56 138 131 45 10 48 62 14 30 4 3 86 49 127 95 94 22 2 59 79 143 67 81 87 64 11 118 13 34 46 121 98 115 100 23 133 15 107 141 29 139 97 42 135 111 73 110 7 70 57 147 37 5 130 51 144 119 80 32 20 99 89 21 149 28 77 106 33 108 83 123 126 101 92 75 103 47 40 71 148 140 69 125 16 88 36 134 114 55 39 61 150 26 91 105 43 63 128 122 104 8 65 12 85 112 113 66 31 25 78 17 146 50 117 129 35 82 120 19
