100 550994
118734
402289
997421
856937
479730
184956
168628
326058
79423
926098
634070
847733
187032
405743
954351
292970
199514
267425
171384
566837
534072
915559
513002
870967
547642
682448
855381
380805
38027
148242
934628
213993
254595
536081
865127
674171
93094
576018
731745
665788
95917
416610
781430
393464
581182
460814
393150
51891
349524
646088
646668
193132
282866
427143
563099
969051
160949
532134
350651
445592
600871
873569
278631
892552
701549
405941
994783
180589
932820
648725
710913
696477
16072
680036
473458
774907
314679
990902
282669
357363
358294
591925
627928
273930
12640
373548
512735
911305
687401
478126
456490
252198
471227
767480
89090
249623
58421
336944
460779
72113
