1000 466152
651954
272837
722361
261015
228483
26776
317174
555913
143626
973132
424061
240059
279230
98655
130096
128416
740878
686230
706957
188905
629716
202104
904355
373084
820158
139951
54454
228421
306596
360403
915571
387472
112494
821546
195442
3056
136657
297113
591739
405912
361080
549079
726353
258803
521640
88182
261061
217411
562374
619778
757717
355142
57393
792207
155266
274661
67207
956336
373363
339351
646715
210328
673726
643794
818368
769292
373468
691695
311784
453162
68493
982668
718797
113569
529528
430461
537039
381093
409043
106276
259584
213642
260245
132767
256440
902634
677522
931579
916053
100395
299159
589816
701523
832439
823938
284321
439755
24089
926598
161459
919836
481396
374034
98890
266074
937030
102706
752818
473901
145179
797405
3236
861332
378360
512470
11523
770414
939511
124703
352762
783362
494240
199615
570017
52927
820225
42707
200943
21199
510026
97533
846627
459464
457098
680589
788515
846937
328761
427675
268949
837470
299731
202060
116552
528081
4051
390291
625026
970109
65350
276070
794608
794770
329412
804889
146525
848286
344548
335779
73548
426365
708718
892820
940266
229284
806658
470593
539111
868188
174111
300525
84295
894380
217459
913908
684160
955403
878785
252561
690200
990102
637333
602076
574546
265516
921795
19873
809977
67499
774764
739381
863836
484544
37913
837547
901797
275210
219928
589595
311977
559955
301226
571795
921032
953254
194378
414956
29645
958827
371074
515365
656395
450090
728836
272070
880290
231705
155884
34422
712799
786649
158699
751479
783730
266936
545573
41490
588518
954830
722851
480277
447256
533628
815107
421103
890918
654411
825507
443170
868566
589442
973717
883113
316558
400516
586091
291851
856966
948271
304580
45692
246932
209286
461940
922447
382029
798566
81893
627455
614354
445559
89811
449164
274065
672363
459458
614847
804772
38419
579806
898163
903792
793745
491517
304911
644532
453168
65264
191693
886726
215219
573510
584453
255352
505234
138996
781238
830186
589813
924042
262918
292469
720255
932579
538579
21708
152592
853976
141386
704422
738158
266734
797249
943077
900624
527313
461767
850593
516670
371524
471615
189267
322059
82076
872915
280870
471761
959612
765341
346406
262441
6340
367900
77386
888201
532134
802946
939151
574056
171677
502954
129112
78075
205934
493778
40803
594943
232288
348630
70845
39105
516320
69354
70294
796565
650279
623916
293764
564487
505013
460390
879654
924470
913178
504132
894476
9063
412251
574173
793177
942021
765600
855477
862174
169267
755377
383945
636616
645963
661477
91269
224315
559543
208245
254690
963853
522264
832840
638377
503555
729596
415298
208526
483427
629586
210166
426619
367039
780838
714067
886445
398102
103636
368020
591617
529375
772465
349174
702624
444975
937242
56209
522539
647463
270377
932482
675727
486295
509404
245526
793817
708098
598666
595366
697882
929737
406065
463966
826880
73646
994431
189222
311426
968066
5702
620750
670589
157073
975478
664557
955465
607901
421588
950680
529879
744276
134491
741035
916320
153114
907541
3902
273734
207169
20514
652672
782067
615164
162632
81454
606944
760677
370196
242494
367366
394845
101726
726967
904859
862986
57578
889502
184280
980254
80191
827733
306338
195934
617865
847030
439696
124561
632499
932153
651914
919981
51082
722448
801012
191736
792625
857771
828719
600683
994775
376001
283061
394093
907650
846675
236015
21216
239061
99558
120227
555688
894164
753487
611896
133066
668718
746314
436683
297344
8182
300674
848481
104590
463022
620105
991092
997595
924461
561157
688089
594578
465426
181009
675523
768097
832708
345902
22547
398125
24348
109582
285579
882117
213349
886296
441637
487881
948872
688957
510879
484451
14541
30330
117990
694674
120804
698476
806540
425062
70964
320983
642968
92243
806340
512368
124410
453113
830024
442985
925747
939846
318484
669070
65962
386983
35995
372038
551217
249838
258032
111395
441161
623503
83489
97496
425990
452317
459158
117747
224086
668475
29047
101917
163356
168069
570278
414621
772747
316727
786193
313719
678163
312920
367435
69890
42551
344867
737386
423984
328593
370992
968856
100825
175877
758210
958530
846282
738942
644320
619504
148668
972152
680244
581203
884096
469483
306808
300532
338480
739405
194083
84215
87364
990649
539086
794054
166695
49939
557151
19799
591890
129516
583069
803337
490677
268784
403055
100626
770889
890000
784454
90335
833469
555752
812393
470182
265122
587982
613552
281929
552768
396827
634476
926091
926130
86607
515005
412745
198284
976762
422171
587724
475937
825392
136288
30734
145120
5944
820979
624018
949512
541542
148445
188426
998715
668577
310349
187964
453824
839545
718981
764093
257967
969466
639542
801415
615767
443218
910146
373633
337258
750571
922642
655535
892036
951032
122538
676859
836845
857546
967824
543276
108874
78829
614094
724385
61676
157950
840964
804334
12028
710991
824558
441252
41589
783630
841894
281644
841038
306109
761065
258415
298903
628476
707945
404461
556408
709611
939849
657458
942651
365962
309990
183069
839657
164957
50551
547067
556954
972701
892113
482000
380957
752221
261570
535013
672265
34918
476469
267824
169737
309864
106771
937030
251151
267967
722715
231088
617527
778593
957231
239917
759559
126727
974408
564256
259130
933625
152270
357264
37141
454446
890094
895586
52452
666993
545622
474973
783831
525655
137590
746873
373327
203256
991249
313091
469184
788219
209843
541369
4843
177712
795136
771721
551281
147500
881567
867489
503502
872546
283685
423550
909928
739379
37840
898583
595520
835626
418180
269496
324846
17424
407943
498828
953541
954940
589277
335990
716295
463292
78098
334567
572532
153354
520497
193573
746665
700373
151724
803328
640129
786552
353238
165820
886403
476731
738834
304630
67877
350557
310784
879397
198468
414468
132954
459945
120327
509216
66142
560869
123009
715656
38718
531978
598240
126424
941121
725669
535825
612011
715146
666369
90139
845248
932452
823206
909444
18761
345477
432608
173610
755568
276708
402688
506369
376160
582615
841242
135566
112910
956954
382268
240324
683589
948705
279042
856301
582676
285445
555117
292983
915001
30474
790678
460635
456167
162506
396383
756969
369329
322038
439031
690895
536349
640769
848888
707765
189201
750018
261434
417992
492722
245195
908686
258677
747964
205891
973582
294920
798829
508474
351868
992222
908589
51705
619635
283941
218533
608100
910111
386880
261999
723295
177305
607876
835488
709382
684244
385547
922731
125363
962289
935897
386839
296418
692230
770199
246635
259452
19289
163835
42043
918974
714891
584175
251195
244806
576348
619755
78568
954668
869594
932167
394747
441189
531930
528193
545736
562021
894114
44453
356078
560305
420118
154402
875060
993259
987109
505167
658418
933983
416734
150716
793286
464629
247705
257231
198340
387279
842617
669617
925748
775979
459253
333555
515378
925873
819555
519008
892270
973901
398101
334738
735796
503117
