1000 600581
170728
716779
287263
540158
216210
874460
574131
419490
123326
258181
730456
383812
646884
587982
313101
51852
275397
908460
824894
231417
560769
481030
15663
557058
259759
435476
390363
528300
444309
204758
896943
892523
565397
507479
433871
179375
727336
980439
1301
783139
425503
860932
606017
324904
1608
120532
732792
572586
332990
285926
633332
129949
517028
274663
366394
675536
607986
282054
890041
311637
511022
952828
641854
512295
301249
877292
175308
795400
407295
845082
734949
37460
485462
779207
997257
540866
557171
833393
84343
366580
65490
743847
445405
755374
122982
711686
710739
505563
80197
794443
333172
879490
434244
127214
651080
852149
368862
29690
615898
35930
124199
939562
259629
255306
256511
926842
546000
72128
455722
113887
351596
635575
302382
204184
442931
772610
456190
259835
672174
969636
423003
939046
382181
462568
184052
383900
672790
905242
726056
799286
577429
853101
185333
337452
337452
337452
337452
337452
337452
337452
337452
337452
337452
337452
337452
337452
337452
337452
337452
337452
337452
337452
337452
337452
337452
337452
337452
337452
337452
337452
337452
337452
337452
337452
337452
337452
337452
337452
337452
337452
337452
337452
337452
337452
337452
337452
337452
337452
337452
337452
337452
337452
337452
406837
406837
406837
406837
406837
406837
406837
406837
406837
406837
406837
406837
406837
406837
406837
406837
406837
406837
406837
406837
406837
406837
406837
406837
406837
406837
406837
406837
406837
406837
406837
406837
406837
406837
406837
406837
406837
406837
34950
190784
236994
165695
216115
768933
25332
333212
892127
8734
964059
142353
318164
913712
74891
383045
483974
238274
106489
663764
942414
172885
335812
200731
671317
702647
390468
468472
995391
636750
569914
868598
92712
27828
277658
839343
324163
218890
306843
731874
767150
192617
171376
280930
604540
650483
658833
813211
581187
119865
781118
313128
656581
881013
251090
343215
107966
914439
852525
624551
198321
827523
896212
782498
189308
713733
929559
742165
546331
407930
846865
937379
590181
590284
192446
29885
474967
550266
396273
327875
410126
31636
824554
801725
733168
533148
103362
677825
128709
634048
574655
791011
74650
209311
790900
418674
805845
575771
977085
856137
933098
243979
272736
546244
565246
663036
788766
129311
135111
400003
99104
752337
296455
760062
621087
517846
618823
908928
57362
495803
758221
38776
400077
309164
427786
337708
888204
852531
517443
326941
782498
224721
140635
60707
376538
612520
791895
871889
109073
482341
922497
684156
875639
339297
136303
288769
616167
664992
201757
475932
793358
146749
923752
74560
608620
444385
333247
196950
98985
86260
537622
764094
831185
840628
753624
652327
4080
993211
812459
996983
158970
767443
904620
618198
627496
453247
271608
593991
958370
394937
508162
492744
624872
609371
349161
789345
173402
423593
79701
519939
659553
999056
849070
526249
144956
409231
611609
68582
477198
880072
378070
803328
931251
497494
863780
827511
470056
914200
459157
983485
851784
505444
795468
966157
321302
171388
260140
164155
736232
773756
997066
869080
190774
851069
826389
302412
856408
942452
545044
624797
620936
954307
798685
780216
811016
275091
88829
401241
183854
597947
914521
735086
395582
426392
67101
404150
419160
321575
711324
511016
205690
879319
412654
257545
80810
197796
82502
379721
770596
461246
471516
578383
441018
942732
256798
783578
455507
348049
977478
353046
256482
431037
933427
588254
415713
6434
210580
496582
46894
483914
364448
563673
817354
481471
619600
172846
900714
499543
61144
54559
224295
19138
451764
688421
375553
139350
385233
29438
948526
319720
381584
429485
206444
377902
195455
956423
950683
476294
991295
895536
369115
556704
394375
978557
469832
109909
50309
536844
160360
866507
509140
276562
948065
876178
795353
174727
710649
708160
969350
457577
711468
783845
847671
541961
229949
365076
119781
843592
430107
814029
855038
666720
440774
460068
6241
432808
90901
300355
414903
814336
804854
340219
687458
238194
727414
380733
875089
692562
607901
579435
958110
233702
276327
640772
873527
377110
517092
463752
440834
122156
31004
209238
205657
395454
699914
630146
630146
630146
630146
630146
630146
630146
630146
630146
630146
630146
630146
630146
630146
630146
630146
630146
630146
630146
630146
630146
630146
630146
630146
630146
630146
630146
630146
630146
630146
630146
630146
630146
630146
630146
630146
630146
630146
630146
630146
630146
630146
630146
630146
630146
630146
630146
630146
630146
630146
196911
196911
196911
196911
196911
196911
196911
196911
196911
196911
196911
196911
196911
196911
196911
196911
196911
196911
196911
196911
196911
196911
196911
196911
196911
196911
196911
196911
196911
196911
196911
196911
196911
196911
196911
196911
196911
196911
196911
196911
196911
196911
196911
196911
196911
196911
196911
196911
356963
173797
141064
669250
839562
467116
460407
378933
604426
488546
76187
840056
371888
346411
406036
368512
345004
287294
899665
17160
276990
6285
536762
753045
550701
740585
988201
128875
550038
626698
93571
496955
744350
996776
73423
665368
38778
706245
20555
53027
9915
550042
436467
244679
656130
861060
978865
27387
879765
369764
82078
237982
51527
491470
376265
534241
696910
354478
101978
527266
429760
701750
242164
43026
549804
940918
439783
552863
845244
719754
887555
895125
470239
613788
149179
244670
611980
211979
896110
41155
144813
286087
508538
791819
791819
791819
791819
791819
791819
791819
791819
791819
791819
791819
791819
791819
791819
791819
791819
791819
791819
791819
791819
791819
791819
791819
791819
791819
791819
791819
791819
791819
791819
791819
791819
791819
791819
791819
791819
791819
791819
791819
791819
791819
791819
791819
791819
791819
791819
791819
791819
791819
791819
844238
970369
888060
20096
199898
188760
369658
396604
208515
274069
11495
29562
951708
150051
613010
894324
717010
556352
554549
680018
936758
618472
862934
530048
891878
361137
653753
969400
455247
461411
798132
783054
143247
377980
843914
932153
328612
617991
380262
893825
931438
550620
463844
358758
897091
427826
16759
108886
37299
662934
390081
811615
309867
135927
161466
865926
296407
994521
227662
712974
625167
101161
219356
142921
360450
759167
322765
678922
973549
510971
838021
298196
134793
692992
624858
695961
872584
829083
859519
395840
265216
701159
238432
737863
731532
298166
824677
293296
746974
515326
530409
690884
594216
560091
612826
290047
203497
895307
15158
490846
165731
467278
748395
204754
764630
718931
963803
554410
436670
303079
56224
195187
696389
38532
95607
878941
758261
299503
82475
59935
379058
179327
322831
770648
127492
142072
192471
299495
497441
702793
238438
81642
512762
222553
204978
11546
603631
408895
16983
347001
928489
125860
598758
41781
911571
738036
631057
891288
187595
268130
418355
944677
249424
713260
864858
517625
301798
859206
197140
15724
20295
541894
6277
87825
209112
921939
768785
284379
359635
97543
193152
966821
761052
