9969
5007
7320
20533
16552
10014
32572
31633
17139
6236
13156
30387
32008
4337
22888
18585
25016
24826
18243
23659
10331
14334
11692
8719
15125
27172
6274
7416
23128
5539
20077
21822
6570
15481
21443
24308
6569
9824
5288
27574
9036
7934
31354
6785
2155
25692
28780
31175
28034
22937
7024
28611
24754
20960
18779
32011
25096
1943
23363
3428
16642
5081
12076
19161
29519
31271
19684
9999
18647
7258
23084
3795
8443
10972
6680
31733
1310
25880
31673
22873
19556
15919
31737
27979
11449
14829
24261
15891
23830
5627
882
9417
11519
4950
22617
619
13649
29695
12741
19245
1594
245
2064
23568
30345
11360
24840
20150
30760
9231
26775
16245
5606
26660
31908
14762
32378
14862
12340
15952
16581
30648
2517
6353
7512
14080
316
30235
4406
13675
45
29175
32219
28695
27291
3734
4733
30705
29201
19053
23185
22055
14416
18500
5521
5345
1338
15753
15357
16428
5102
6889
21920
29494
15157
8994
1300
17857
29981
25618
27784
11730
2531
17940
20417
10665
25110
9613
5983
17910
17402
10946
6498
21578
43
21485
19180
26060
20866
25999
16200
24109
29756
13575
6188
13022
14425
356
19259
10880
4931
20088
24782
12444
29872
30253
4084
4500
25289
25629
23480
13017
8588
12124
5538
7007
26991
1688
27008
24654
28998
8805
22117
18939
20326
12754
14579
17686
30219
30016
19158
29733
20215
31604
15249
30000
14940
13546
18045
12222
29948
20844
27150
16129
10639
7140
9305
19534
12645
18543
22739
28112
18508
26802
17244
23932
14260
31345
7292
7239
15633
17501
21228
21911
12161
29998
32344
5880
10415
14578
28515
12305
13559
14501
236
20182
20171
14337
3727
11263
10581
17815
13423
23480
3677
12575
15411
5786
21358
15373
23375
3802
10804
14437
9861
9664
20521
2511
24235
5467
24945
15598
31406
25204
21249
10478
4823
10944
22535
20316
4429
9049
13958
28219
19420
23407
20289
30804
27380
5947
23771
26573
16885
22325
11836
7933
31913
24455
24631
19327
17938
21441
23145
32645
19559
15054
4964
30063
18009
32551
24589
12701
23962
16198
21058
30337
8864
606
27328
16120
28071
9545
8772
13018
20725
5058
3569
18895
97
8660
8946
4197
21014
6546
23904
17248
15509
20745
20070
13650
30201
23667
21923
12907
6271
12462
2511
22161
28741
18924
5282
2483
22098
10923
1521
5723
15575
18152
25115
3715
20660
12175
28579
29354
21566
4663
2078
20263
5952
24844
28752
17340
12352
14092
31634
10606
23299
19575
32374
19092
8275
3968
21678
24879
11007
13641
32298
20345
28196
22286
6017
18113
171
28577
12690
20597
21011
19734
19563
28033
7280
19135
31082
16343
14260
26459
26785
29263
12846
2954
25983
21170
21072
5252
1709
21009
26037
30475
5431
24412
355
3742
28396
20528
5965
27888
26631
19439
1308
15768
28687
27926
46
4618
32251
3275
735
10694
1946
27830
7944
2767
2098
13074
22982
32351
23144
27908
29821
17881
26975
2859
18204
7167
32036
3192
4002
22117
9802
19264
23265
15141
3281
8335
27265
24277
9805
20928
15433
7862
5955
31818
5786
2862
17367
29661
15932
22137
21412
18094
14686
7067
11500
23567
17367
4505
10993
24898
22706
32488
5026
30863
29930
294
4218
24212
30578
32008
11942
31197
17016
19092
10854
2228
491
29072
2485
24890
15163
2618
18988
30647
2656
5689
9764
7983
12317
26068
13595
14390
21894
23906
27481
16900
10432
12033
15570
460
14088
23691
26447
13386
10230
5574
10185
32156
15875
18139
24341
2898
16458
27402
27079
7368
12683
30619
12112
26036
30837
29464
11369
32507
23845
3257
31925
22985
32746
18464
10145
26848
11595
4422
13456
29744
13131
19638
18997
19112
7147
14329
23871
17997
28913
11857
12860
22153
27880
9642
14007
1221
15720
30669
30116
10042
14999
19415
11007
13827
14320
13289
15023
30327
21059
21282
3760
28855
24317
8138
8305
25475
24746
5584
12667
10834
9400
28023
30548
18849
28286
10828
16035
5515
21373
5723
18836
9882
11493
32162
28030
4317
16987
15814
13252
4410
4601
32261
505
9478
22934
9068
3399
16339
17736
21834
7441
5001
26408
9700
24791
7865
23637
13162
23898
29997
17212
21802
13569
30404
26390
10500
20348
26749
17585
5406
9383
9169
19572
4569
11953
20550
1438
20483
18301
23361
30414
3918
30024
8731
30664
14592
27277
632
20598
4845
15653
17620
18733
7842
6323
5471
4146
30948
28735
32523
6269
19801
29473
7395
21948
12932
18721
30110
31131
503
23004
13684
5699
195
9066
14896
18976
27700
25661
9607
22760
16059
7244
27048
21977
16684
10609
1044
17218
15401
784
23216
19268
24030
22778
28440
30170
10224
6545
23607
23
31151
9004
21013
14511
2707
9405
1007
1465
26854
29105
15501
30643
20670
19735
3280
3527
28462
28677
18571
3916
26045
20279
17811
7824
8727
25594
4378
26837
24067
31816
3896
6041
23445
22069
14539
26395
12709
2698
27521
1562
15488
2735
51
8928
1756
13774
7029
18815
16146
18741
27755
30555
3207
12284
19934
2024
22891
30184
32142
24245
25767
24976
24010
29354
12304
31166
30015
7822
7905
31256
8462
23243
22632
31488
11553
17526
17151
20664
18110
5514
11070
26058
32092
29300
27503
5287
17846
12501
10050
17550
13087
31619
28611
19887
23317
30673
25480
26769
5912
20496
7983
11441
6333
18261
4616
25196
1022
14973
2830
11294
980
12911
4636
19084
3336
27553
24925
127
17221
30430
4869
22962
13427
22342
22334
22766
24128
16790
18021
20852
12799
24745
9079
28571
2742
17215
8902
13498
18802
22270
2289
27208
3038
5302
13842
20546
12564
16873
28985
2765
8371
27531
2074
4893
2098
32262
5890
12181
628
7809
3344
14128
23964
10594
16545
9247
29474
31249
10252
14772
17959
24575
2704
16766
23557
25832
15754
9142
811
18517
16875
24281
31784
21604
21994
8855
14597
28619
20214
4588
9944
4379
20463
28813
13718
30530
12181
16261
4649
19284
9025
3360
18114
3979
467
31752
13681
32652
13035
17838
8435
17899
7772
15339
14283
10994
12253
3560
21908
8350
17154
21563
28309
20459
2923
10322
22934
2897
19772
19221
27634
19087
31180
7879
7150
5031
1186
30765
7497
29994
1181
2803
11284
30133
30066
30027
31172
7356
11612
11991
28806
30854
23310
24265
16594
17785
8173
23881
27971
6808
6780
25623
18598
16202
29975
12913
6737
3677
19685
10295
23734
2634
1288
7245
18999
1723
23062
29249
11324
2890
18893
13101
8323
21388
8962
11743
18616
4174
20955
25144
6214
19998
15422
15314
13420
9486
17033
24549
6803
5556
14468
4716
223
14197
27284
30339
9476
7172
817
11796
32091
3109
25753
7346
53
439
19142
20933
30063
753
18846
24040
1606
17132
31595
6031
32621
11105
29578
4845
31069
13237
18791
20757
23277
10546
20393
27231
27170
19608
19369
14349
24392
26836
16681
16686
11841
18191
9795
28355
31262
9194
5023
19233
26348
2568
17641
20630
15824
13774
32130
2895
5975
26214
9590
4729
7
16394
12975
7335
19258
9087
12904
13172
2092
7903
1764
19049
19794
23452
11615
15649
19949
11714
8261
30890
28128
10364
10658
21551
18366
23514
14809
23764
22824
8145
5786
6370
18774
4228
30222
1572
32243
8129
23124
22417
29230
24527
16689
13866
1038
27495
31747
2342
11269
3840
17399
2381
21193
5968
24188
9122
14687
26895
26104
28484
10104
17918
2745
14998
21505
25384
24622
29598
15350
13415
2647
28587
23415
4395
24442
22075
32029
5751
21016
13083
5006
27180
14111
29648
20815
17290
15457
21558
29402
23796
9029
32359
28401
13043
5052
25054
305
13438
7031
1501
17130
18553
11608
23307
17966
19579
13606
20578
26408
28884
4996
12104
18351
5583
5668
764
10523
3636
16440
3892
6232
27409
30505
6661
8249
13498
26508
3330
30222
13583
13906
12712
21624
14077
21054
3322
30844
24392
31133
7784
29911
647
18481
1525
20369
7280
24942
21913
7637
19541
2793
4580
4608
31471
19213
9701
12280
3419
24591
20042
7103
18786
8997
16328
13896
20221
11251
3262
31881
19224
18502
3605
23761
18327
7173
21354
30300
15511
32101
24175
30501
18166
24923
11662
3067
10261
27735
22992
5847
29404
31535
19454
8045
2559
14425
19718
12801
21376
4446
30111
8316
17782
8331
16688
22975
12300
24298
18414
19255
26828
12913
25669
177
15134
11384
18298
30320
16907
3185
16782
20861
3911
23251
16485
29247
17263
12375
18984
5451
31631
32103
30439
30333
14311
26067
11651
10824
8175
1223
10187
8522
18328
11514
485
2596
22997
31015
22768
1416
19546
16577
15591
24724
163
17635
31176
18782
30265
10630
31734
12752
29233
3830
21468
21686
16373
24455
7380
4373
28487
9603
19271
4030
13186
32104
9749
26404
18467
30800
28471
12651
32393
689
32675
18625
22777
9030
23151
7665
22245
9805
31546
23861
22126
2291
25544
21836
12071
14605
11500
21709
27164
32008
7851
29115
15123
6179
5022
28505
7953
32475
11160
13888
17440
12199
4489
4782
7760
998
22690
11553
19964
3350
13498
28965
15182
21062
4593
22122
2821
462
20371
16409
20598
27453
8767
26216
8401
21907
24904
32365
27558
1457
17243
5167
15528
2317
20066
19203
19120
6314
32425
30742
30725
10312
26943
19270
10202
30168
23968
31286
3352
11570
19088
8609
22110
29706
27210
20718
23366
29216
31194
29701
12011
10680
32712
3938
15272
13386
26102
615
19490
14202
27339
17399
9608
9802
11665
19776
5913
8847
23068
9944
8935
4770
14253
19468
9179
16215
7958
22645
5370
3635
7198
13260
24038
11225
15910
12286
18600
15046
23565
19843
1196
23102
20306
6636
23309
6534
27256
23740
30740
11092
11951
1657
28155
28036
1200
5635
21750
6412
31977
26660
11380
11826
23258
9575
24993
28925
28607
16942
7984
2537
2159
17663
19033
7902
29316
18207
20765
30819
23740
25442
11729
1808
5791
1857
17370
23873
29538
23085
31158
28946
21516
12067
13372
14983
7383
13441
5924
522
6617
22040
11977
29467
5859
1410
26414
18243
11946
23733
29759
7497
5412
20185
3930
20649
24885
23383
11790
25922
6539
30515
5667
23375
2247
8347
29402
32664
7389
20672
20341
3050
21949
16356
6906
11204
1843
12212
6453
14675
29195
12249
25852
18080
30842
4298
26551
18185
29113
30948
27167
27886
24819
20412
8773
4012
4961
29620
25302
11727
27060
28108
20382
24451
20659
6075
15180
19788
11557
26687
4725
32503
16113
22961
30683
5841
16260
7900
30190
19734
16243
6671
27027
16300
1889
19057
2597
27153
36
9109
12985
22931
26147
846
20647
29119
19458
14789
6982
21787
12418
22472
30966
17944
11170
14181
13668
5186
30475
29368
27913
27066
21930
15617
20980
3302
7839
20985
11722
27239
28502
28519
17675
31563
18675
3310
32662
23428
7412
17961
31344
9369
3345
11002
26305
24732
25191
27166
23071
10588
32726
2565
29711
18395
21416
9185
31945
26627
3187
21758
24892
13460
5440
23121
12370
28513
7404
2643
32117
22972
11471
8464
19538
303
4764
4730
27101
17517
8584
22276
22165
9351
3759
26220
9737
13923
27827
21720
30619
18539
2726
17957
27780
4226
14890
11132
16152
30268
16598
32550
24395
19790
30940
29345
14453
5187
25833
17139
1106
2929
15181
10046
20301
14380
11356
3477
4606
10297
26644
6670
1009
2437
9984
7192
2985
27159
14939
28175
28644
13380
26489
29454
11809
15138
4707
9989
6752
27455
31682
29963
11305
29586
5630
18421
7375
31409
13734
2343
15094
13381
8467
426
5971
27323
17224
20863
28339
20797
1565
28979
30015
12769
6045
29108
26366
19488
7852
28259
411
30601
8941
25962
19305
24246
11234
27216
19364
26240
23381
26315
6138
5487
1783
24021
23369
3956
5448
25857
14763
31195
8630
18448
13744
23419
11273
2751
31466
19760
22270
15588
12719
3723
31282
21689
16410
21191
2882
888
7251
23039
8753
14376
5136
10911
7434
17590
11612
32537
9926
22855
1176
15321
9583
18893
19391
378
21382
20952
20206
12090
2211
19120
8739
27051
30043
1952
23620
31148
22118
19604
868
6040
25345
4839
3651
30397
31378
4214
7955
9488
21899
13561
23426
4894
15760
4499
1524
22598
4316
24231
15376
1830
5345
5102
32383
9811
23598
18118
26096
8525
17302
17101
10592
17842
19087
4271
22936
8369
19160
24380
30199
20674
21343
702
15985
8084
10849
32393
26328
30791
15059
19667
3930
3548
28929
22726
9804
17898
19061
24276
5926
15250
7450
10059
27342
28340
22945
20265
15641
29539
19748
4913
11151
13719
9737
20798
8558
9506
16426
13272
9458
24038
31794
15365
2516
8260
9802
7521
11536
11736
12278
8305
7660
24163
16697
32565
22582
264
25856
28668
29645
23996
21694
21116
28003
27384
10067
13090
27776
2992
26418
6311
10954
27017
21443
20452
24709
16199
20998
10727
23126
10116
20602
24646
7244
17320
8765
5043
13856
20245
5492
6353
11452
29346
18669
1863
7419
27723
1283
16146
31664
24359
7106
22559
5865
24474
5196
12313
15477
4043
9595
2688
10659
24664
17352
30459
10317
18761
18028
29167
32021
3907
26565
29520
2799
26878
9466
24503
20448
6393
16610
4021
7941
20333
28194
24936
15318
26751
25750
2123
15020
23225
26099
3922
19073
27067
30122
16695
19447
28974
18447
27406
22940
23546
11450
11552
9581
7097
30765
19958
20377
13419
12472
17332
6791
12395
666
26537
8217
4258
16233
2083
27699
3322
27828
19592
8311
14613
9702
8098
1363
24896
21869
5179
11326
13218
2332
30698
1854
2489
26062
2092
6574
26120
32333
32182
9790
31241
4466
25098
32315
18537
29581
25417
22033
14196
9990
6728
17166
10191
26693
30437
18024
25445
12496
18076
2434
30883
30131
2389
12139
21992
9509
2176
24487
14647
10088
25700
28211
18480
26353
2996
17603
25662
9161
20836
29006
3857
5683
5306
32204
29519
9359
12200
30015
25990
12414
8025
14832
29030
16199
6922
4347
18221
378
3355
1805
7522
32211
8806
4717
23238
25440
25551
5689
7304
18150
3612
10995
27832
20354
7176
20540
15614
5772
13970
27614
31116
16064
32667
14864
18513
1696
27312
4854
18543
23060
6181
10600
26096
10068
26211
9972
5556
31495
11650
18726
3502
10157
22811
25606
19793
31802
21591
28131
2628
19971
31820
30799
21853
23006
3210
14955
3021
16517
14832
4197
26776
8764
28613
5182
19017
7604
25348
13265
227
13870
28662
26641
14362
25827
30214
29074
20931
22948
9682
15947
17546
11966
30078
23706
21219
5152
12109
8072
11843
13760
20082
22607
23183
24890
7715
18713
26069
11962
20208
13579
18490
12573
30291
12674
51
29011
11400
7324
16120
14600
15518
23803
14646
28803
6863
20165
28676
5070
5389
495
1561
791
29149
11708
30012
12886
29032
32128
14331
31792
25807
6826
15264
7195
20416
6145
11873
5060
18503
8750
32215
32686
2278
6523
6578
7963
26855
30938
20138
4911
12017
11817
19897
6483
29146
18356
13191
17624
31676
6908
9254
31708
25419
18615
20223
15218
20325
16919
28428
26365
6379
13135
6984
9949
16080
30548
31588
6734
24687
30944
13500
24716
12834
9405
9097
15676
8208
20800
13400
23559
4934
16148
29115
30600
3338
5944
6718
26472
3179
2635
21148
22983
29213
29960
18483
15326
22148
11789
22454
5603
1551
24800
3106
24109
6087
6707
2547
1945
21032
26983
14999
20268
21039
15184
19491
3322
10420
21048
22853
3142
25082
32550
19833
12010
11141
96
22912
24570
3115
10542
3087
6564
25198
14049
25284
602
7433
30484
26461
25908
25033
9010
11564
2447
5790
5432
17094
11771
242
14780
27644
10836
28473
25391
14348
32046
8394
25183
18456
18550
24557
2111
22998
343
565
29931
27274
22363
17168
22503
1585
5843
11420
1447
5887
2680
700
1621
18700
8274
25708
462
22091
21977
5969
11502
20155
12123
12692
7181
12513
16029
5617
7881
26229
31941
30219
2310
31068
31607
20227
3380
5334
12607
5192
3025
9977
25903
31921
31790
13918
32201
9673
21109
16410
14111
362
1771
12783
1080
16781
8819
21700
8118
13920
29780
15187
4022
21145
21819
2338
8440
18954
7044
9652
7488
32374
9397
12288
16635
11940
6219
17954
13350
7089
18362
30033
2668
6314
20399
26129
3726
14427
24216
6313
23816
3425
17510
17880
4594
12423
12177
14276
3620
335
15197
12083
6045
21710
13149
10493
22822
1725
12341
6082
1330
8398
29091
26072
8201
3132
6593
21383
13605
422
11652
1401
31708
11037
32393
22380
12096
11388
25105
18218
7492
1527
22858
3003
12576
1271
3792
11481
31990
14118
19827
11940
1717
5061
21563
9623
23614
20294
11177
18107
12997
3351
24640
18458
5498
25532
17988
9591
26473
26400
10946
7484
15519
11565
5584
31156
20111
154
534
31354
4020
13828
11661
29234
8823
22337
26503
27766
14162
6385
32752
28691
5686
20053
15315
12662
22314
20325
29471
18785
3638
1308
15276
17379
28287
4119
17785
7046
10419
15710
19512
29898
2215
15746
16908
11730
5695
20968
6033
5726
15759
25700
17693
25593
16959
15625
31045
13940
564
19008
4259
16530
19308
12056
15063
26885
18730
3037
28876
30617
19540
13548
8253
8880
29465
19397
12407
4334
29654
28258
17504
9013
3899
28872
23992
6868
28074
21723
17823
28667
27615
29814
24151
27763
6870
4539
16972
24203
30441
16808
21585
30806
6714
25835
9517
12051
28240
8952
21078
12013
8453
7000
16892
14053
24735
16708
24649
28940
9021
5490
16872
6901
32117
12847
20420
4714
19515
23982
24594
6750
13828
5792
24721
27683
18220
20228
30224
26845
11669
18753
13618
32567
22418
19314
22638
6484
31235
7425
5977
9993
16833
631
808
6217
13372
11154
3184
23520
866
18329
5681
13924
22723
13292
14867
1385
23539
30943
8687
17141
30768
2248
6801
23860
9541
30039
17341
13932
14254
3878
367
24882
31741
9105
4711
27871
8573
19656
28645
22078
14356
2082
23218
28807
17774
1717
14687
23185
13655
27683
11217
21571
10601
28598
30718
2124
27624
5040
13297
7699
2538
26332
20756
10225
22715
1129
27822
16799
27263
17912
2475
29418
13849
23540
6044
10926
30284
16418
27390
26113
1056
13945
2751
22447
12424
20531
30462
9191
24897
9508
19731
1075
29949
14155
27855
26541
12993
13479
772
25457
18572
2891
7496
1870
7481
949
10999
27329
31142
21852
3959
1571
19734
27016
10688
11297
4308
16486
29979
14189
3866
11356
10025
16563
4400
22426
28456
28879
14552
18418
14962
17213
2282
21737
8774
19664
24892
17422
26315
23207
29124
32650
6994
32094
26881
6905
26588
21633
24982
6776
988
11846
21305
12287
20030
20347
2763
25330
9895
30653
28104
22002
27647
30187
3298
7929
17453
24794
18921
26022
4385
18506
5358
15317
14104
29209
1192
25715
6171
30647
19991
31889
26825
22490
24422
15030
16983
20595
8726
14458
5589
5344
10329
31312
25779
13411
18876
10660
25219
17619
29449
13606
25600
9617
11628
19301
16208
28350
8404
25503
390
24747
5532
18647
7531
26513
14699
23337
30590
1923
11097
31579
29497
17568
4947
21684
26006
23437
18624
30993
4306
24099
19556
821
3441
2148
6533
13153
17538
25012
4685
14884
24356
32326
2928
9589
20297
29908
15119
9215
21946
23699
3803
4796
10588
26470
11645
2245
9137
27729
10038
21865
5793
30257
6594
9340
12155
10923
19331
15601
2871
7523
475
3500
24574
25454
5850
31889
24556
31497
4633
11233
14612
23435
18661
10694
22212
16792
18848
15916
18443
2968
5733
19155
28537
14951
29419
29090
24614
27214
18860
30015
3061
22579
27718
2012
10010
18188
13089
31828
25818
22938
16466
3446
29074
13395
27071
12192
19963
31648
3716
8337
28588
584
23446
10616
19169
15404
17318
18256
10618
18742
11849
11632
29511
11404
8789
22110
19330
1033
28558
5861
10141
21485
7042
26471
17215
15059
5553
22388
5513
8676
30449
24474
11165
15691
20497
1407
3169
28904
19389
1582
2432
27977
10145
31407
8626
6358
18642
10970
22590
6475
28521
620
9661
4460
19825
23643
26144
26356
1283
6247
26612
9422
20911
12018
229
19847
24862
14097
19329
12804
7926
4835
29247
8304
30718
13858
11200
32633
22659
15095
19540
10684
27130
14611
4288
7549
21478
4859
1599
21660
1020
11683
13254
22724
16773
17983
26764
26598
4101
23126
21450
15590
9498
22040
18879
20628
30118
31985
23032
9949
7728
16478
6862
31811
10888
30976
20016
26506
170
13807
17315
17332
29413
5712
7046
30256
15677
24874
20379
25935
29197
20341
9411
13047
6641
15476
27145
3995
2786
12357
10466
14698
15011
30903
10931
31687
4189
17499
30612
17146
31110
29662
12884
6181
17926
5525
30141
6521
3997
16218
5913
17065
12415
14999
29173
6559
3394
13984
8484
4975
13818
30022
18695
17801
8867
9641
22284
14130
3775
24909
23157
26421
14399
32624
23131
22997
1447
12955
19698
17159
22382
9336
5134
8414
2211
995
8934
23111
25303
14659
12568
13814
2358
13595
7918
15776
7927
3292
28384
24939
11511
23038
30810
28579
2720
3918
14271
13486
19984
14474
24493
22338
1911
22571
3971
17621
19393
22402
21280
16981
21110
15622
20462
29978
10974
7405
17184
30745
19560
30713
13623
20826
1612
31893
1739
23468
4720
24096
14984
30871
20361
13961
8311
7826
26242
9756
18046
6006
24353
9627
21035
819
26600
16017
10157
29377
21817
7651
547
12122
7102
13480
24858
487
18952
23354
28496
3768
17782
10893
18110
6519
20057
32704
13782
17759
3925
24050
27146
9641
15371
8791
9101
12871
756
16011
22109
29909
22160
27942
23681
461
20929
5264
7567
4602
15217
19479
20338
20527
28027
14142
13418
12088
8905
11096
31316
23569
28858
21334
7980
8278
28614
17886
32464
18683
22372
16797
28167
25917
4395
989
1729
29144
1848
27994
2465
17531
12753
26961
30904
19321
10311
19163
20372
30145
14625
5241
31865
22288
19830
24048
32494
23653
7067
19543
20347
9398
27903
20590
29874
20961
31570
7985
26988
26085
10477
6317
14421
82
6254
4371
28843
4094
26530
12299
22594
19706
4521
23114
32460
3780
15444
22887
5719
21182
29906
13802
13591
1759
8076
30631
25702
27817
8013
16458
8457
10331
30630
29746
12469
20583
28305
25987
28881
4390
29012
13686
638
14539
16552
24564
30677
16278
10267
9572
26223
8266
17587
18113
811
5344
7892
18415
11051
2941
7011
11343
32288
26530
2092
24977
28104
25506
18305
19657
26293
9818
24356
11717
30287
24860
28264
19614
4636
2540
20370
9614
25663
1519
26757
1793
16703
22560
28319
21999
11018
10309
8670
27752
1338
13858
17223
18033
24214
3308
19080
28942
29660
2816
7900
28576
20414
4565
22319
2929
11306
29231
17795
16782
30926
26774
20882
17109
10972
15879
26292
14926
14858
24809
30980
19903
28382
2626
26046
3194
26152
17195
13036
16506
28112
24194
29250
21934
7889
15070
19270
19349
22662
24776
28852
25867
293
20776
1312
2659
12169
6141
13021
4533
8756
30545
31518
24953
10132
15981
91
8533
23429
8521
20470
27956
24088
9286
28447
16024
26514
28703
12021
49
23992
8733
3053
32686
20042
27787
7288
12755
29390
7018
21216
31948
8590
20838
5747
31937
20452
4360
30692
30378
2485
26156
1262
28005
572
17334
32570
3333
8713
27009
31363
24686
13897
26264
9720
1311
9543
2985
17634
20814
19507
25014
6790
8250
27171
30990
19789
14525
15447
9340
1314
544
12225
29886
18716
31540
19396
2104
24669
10142
14909
746
14906
26483
4288
17056
8604
27909
16164
9064
16293
17660
18241
26697
12695
9384
8696
7218
13810
29333
30068
32561
13533
15712
176
21477
10183
5322
24633
8502
9294
30987
4150
15427
3680
21609
20389
11932
13728
13064
18663
19634
25099
11524
9087
4236
5083
14013
25367
3259
31403
19314
14275
2959
26589
9746
9098
11915
16441
31822
6435
8727
12502
28659
30716
14709
11070
10871
2433
1782
27853
22225
25498
17518
5466
28046
21621
8165
4378
1826
15239
16527
22976
10364
29645
6143
21225
15837
13144
21399
17848
14313
1032
579
16317
32511
14744
16999
22812
12486
2266
3093
9707
23560
9284
27524
22235
11972
428
16317
19739
19070
11600
20888
9593
13018
19993
22247
32459
2665
16161
13809
32653
4547
25202
7458
24267
7382
4369
17152
29762
29309
19515
25185
5058
19029
5102
18139
14294
23756
1707
32125
16295
14714
11899
32188
17438
22453
7984
24240
18505
5471
18925
27777
18688
6147
10728
12828
28616
17440
11887
19242
27895
16069
1577
4674
15641
11614
12191
32605
23955
10190
29434
19083
13446
4286
10510
9957
12278
18484
29592
10691
24620
27751
19140
12847
4440
7378
1011
25753
10363
29575
13754
3788
18308
10438
7470
2080
31929
5326
26719
25073
345
1011
2594
31825
19328
4337
31508
21242
30538
31104
3035
5766
19259
8488
11439
26083
23519
13911
19994
15361
4781
11697
16123
26061
7217
1959
11217
5219
363
5195
9014
24447
28786
10594
17322
19509
30812
32443
30354
11235
15458
9408
23680
26467
25152
18763
20149
2693
16347
16059
6629
9148
3110
31046
22074
19479
5958
30353
155
27507
19957
17277
14637
3312
3108
5188
19226
22433
740
8902
24978
32648
13702
18205
3600
17089
20993
32375
991
18173
26773
21541
11484
27442
18094
24815
31613
24977
30987
21675
7698
9657
14623
15886
30539
9002
18872
1217
32763
8188
1758
18871
30235
16337
11518
8639
32018
13064
6984
24149
4916
26163
5461
22718
136
17867
18445
29524
8910
27171
5576
17694
15040
16283
28083
9123
7833
32534
12918
32512
30164
2734
29715
17465
25142
678
273
14797
14862
9887
4827
2701
14268
22287
6499
29357
17008
19184
27146
17180
13364
19893
21956
12049
16685
6530
27255
6119
25629
8604
25509
19242
29741
24863
3659
26354
18410
495
9225
22639
2445
28656
24962
10438
8319
11386
23558
3099
21532
30215
23151
26351
3000
6191
13640
15789
20447
30679
565
17023
28897
12197
3726
30054
30350
20663
27982
2698
15679
7060
7212
2767
25622
17762
1031
25256
28806
7514
22663
21296
19221
9850
6914
31095
31072
31097
17564
24601
14688
768
23475
20246
25069
29207
30842
19933
11392
27358
31971
2986
19517
20861
963
8722
30257
16733
19249
26077
16088
1177
7726
14867
28898
8111
396
6489
16694
17788
10248
18814
1080
18279
29114
27986
18503
21980
31407
26807
31114
9468
31956
19194
29421
18834
2325
13155
8294
25161
23495
25610
5757
24861
20547
30445
17163
2320
14292
26944
6978
29726
6100
28932
27373
13682
4881
20699
10489
27610
630
7707
30005
22649
231
11553
9046
19900
28268
6120
30526
2703
11922
4826
30334
21968
9742
997
29465
28163
15268
4050
13195
8520
24647
4562
23561
8587
25218
12634
32011
26875
4374
2609
27400
17085
28901
6856
17280
19425
2574
27849
17216
149
4186
11250
20962
10648
27351
7972
26259
15858
24258
14263
10777
3299
25002
11025
31252
17433
22227
19063
12675
9765
15321
3362
23179
1328
2197
150
11636
21994
17988
4911
245
28356
8678
27901
4017
18271
32229
19154
14081
19524
18167
3992
4852
6869
4165
32744
7060
14724
15053
23513
10091
8258
11269
19222
30534
9530
22465
20276
12089
8640
8534
12354
24803
25476
22528
6049
2803
15884
21121
19734
12779
20577
28171
18973
30245
21256
29792
6016
19219
563
11576
10537
13258
30777
7907
11316
10434
3140
16943
31561
2775
2377
11660
11561
18324
20798
31598
29062
4785
16519
28659
12312
22746
26033
8646
7661
20403
24930
10819
15617
18200
656
8412
31246
8105
29426
26043
23717
2694
1972
32680
32126
30295
2671
4398
14093
19856
3672
10489
17493
27123
9656
29059
16897
24918
2972
1008
17841
4006
5581
25142
32658
556
770
23680
6705
10255
31061
26069
19601
27674
18676
7156
21115
7104
18201
1667
16149
16221
21820
20841
23990
18367
26759
1657
5369
13541
9610
2640
16
6662
25648
24704
12891
8918
12273
31470
22841
32260
6218
6264
12319
20743
25962
30427
31463
6426
1327
23508
31338
7557
17488
14726
3920
22303
10204
29212
32551
28945
31459
32431
4019
18140
25714
32106
27781
926
6597
27372
2767
18065
185
2797
32631
28884
22144
17445
31594
110
11928
29545
25139
7312
24062
31256
11980
14106
9887
2997
6836
26465
14095
32469
15169
25135
21117
9532
2360
13068
13543
28483
1691
6844
1930
24189
30402
14089
31133
2969
23725
22467
20798
17290
13209
9476
2221
32742
5585
31416
19384
16012
17863
7517
26998
31882
19811
11272
3640
22590
10139
29609
22973
7867
10308
1935
9637
18541
5672
17199
4136
10497
11096
6433
7944
22143
28612
21355
3780
3001
8712
10498
8719
2537
8841
19598
1408
15766
5313
22638
7051
10935
10967
15356
17584
25627
20339
3602
30706
4616
8656
26829
16267
19491
30739
12944
28126
19087
23515
30796
7853
12889
13593
15615
22668
276
5922
25211
25238
23488
25602
3945
8798
17649
14867
13965
5673
32301
24527
9036
16218
6293
8675
12139
4397
30919
22404
1561
14248
20996
262
6192
19151
23694
13483
9656
16920
19284
19897
173
15390
17617
4559
27905
28313
25394
16504
16869
21134
32695
16641
12357
24771
19803
25224
21137
29302
1719
25174
27075
6734
13092
11375
27550
2450
18208
2662
17971
21913
9203
13430
31914
12674
14994
30927
319
28709
21955
27950
28811
25160
20354
24240
4613
25879
13731
29672
16840
13518
8634
13615
10135
22457
18488
28475
24350
13662
726
9204
30074
11769
23095
32130
24572
17960
21192
30635
20522
15080
236
13148
2311
4544
10326
10373
6549
31036
27317
10794
8343
3485
18839
28856
32155
21967
32647
7829
4920
3227
29817
29434
32405
2590
20841
7941
26666
24954
30526
28938
20939
1739
23796
18987
1506
4445
6394
4648
3068
28188
6617
7544
18055
5707
21015
14744
7641
7801
23387
21411
23669
12721
21713
27939
8330
19698
208
21286
1725
20190
26043
19349
29224
12214
30245
11458
5539
30086
1080
4928
8770
14493
1111
10743
16159
19520
25346
14455
11865
24480
29178
27533
17244
11017
12454
3092
3683
32091
29622
6158
24892
15806
12294
29172
4427
13714
27845
6730
6866
13989
8406
10101
2416
29097
32630
28625
18919
4325
30752
6655
18722
27434
28077
1916
1142
25353
26816
19832
28456
17987
18785
12261
20783
16769
15336
21198
828
15429
29981
5610
11256
12577
31133
20081
25228
22055
29824
21294
23143
10656
24888
3798
31803
14081
3260
3224
4169
10266
12775
13045
24031
30353
13594
8402
25631
20879
17193
24779
4097
3001
22389
26315
5020
9570
27989
3033
17057
18174
24763
31797
6184
16346
16916
19364
18863
23819
8559
9224
2911
11429
5346
16947
27026
301
32297
13565
23443
18768
21393
4756
29604
4052
28693
6164
20550
14288
11974
26456
12980
18712
21872
22287
24241
24828
4730
2322
10115
6962
4622
15093
20032
1808
28282
1243
5448
31998
32726
31375
11539
26668
20199
25297
24109
22656
12100
30958
5246
28883
17591
27796
12239
1372
30694
5091
15754
32364
7731
967
32705
21340
22752
646
25970
12740
28535
2197
22538
9454
10601
17328
551
20875
27381
20521
29602
6564
6475
7297
18125
15571
2546
11061
11001
18610
359
9946
30780
28052
1287
31852
12401
2931
1070
28644
4479
2858
7329
24328
7391
22500
32297
9863
14424
3285
12673
23877
19469
11048
18034
23028
442
27704
11581
14052
2363
1026
16185
18460
1614
26587
15037
14249
2969
27998
13888
15414
18159
21929
20159
7645
17103
6345
5472
32061
24877
1394
84
4301
29557
2291
25345
19567
5070
13162
12641
10057
9116
19508
4773
29648
4936
2728
1823
32293
22339
18181
9566
25765
11848
14248
12955
24252
7394
3715
6740
26105
16943
2762
2358
30056
27107
21231
12096
21276
32655
10961
27942
6155
18212
23089
28915
27167
32435
22373
1523
7305
19830
2640
7120
10841
9236
15249
18683
16203
29217
1019
19533
17124
21732
20549
20975
6590
9054
19715
32631
4385
31623
20181
2899
10450
13531
2783
25451
12080
23573
13177
9986
25468
7227
19751
30685
4729
14554
20427
26280
24885
32147
26649
32405
14886
18134
27980
13382
4216
2030
24343
15341
28070
29246
32735
2738
32072
8650
24359
1877
2860
29433
26700
11796
10151
26009
18802
11215
26157
12579
18110
13418
27168
28224
19910
6259
13798
31117
23877
24068
28734
29595
5396
24811
5076
571
597
15881
15635
14072
31729
3576
2618
16100
9030
13041
16818
16280
23833
15852
12959
1398
22226
12040
949
26417
27624
5422
25676
656
32666
20721
21431
13934
7904
32441
29394
32262
32417
19489
5083
4461
10790
15517
31875
28512
30159
8544
3652
13376
2564
18557
18676
25179
6767
10060
23451
32621
7528
1039
14210
11111
6065
25301
22924
5230
20580
14751
15817
27687
297
12226
12617
16946
22188
27788
30254
26612
21839
14634
28165
16794
30236
31177
15959
10330
4093
16892
9082
16892
24879
2142
26029
29082
19700
15736
9317
17828
8584
18917
27617
1830
31319
14259
18692
20046
4717
2829
20324
16425
6958
3607
17823
22957
27463
5146
27630
27644
6628
30689
4348
11751
23076
22883
26872
1713
10953
24226
23272
30230
11829
31698
14401
15756
16018
1726
4789
11977
4688
6504
9293
17285
1236
2031
32183
25217
22382
28086
28385
30152
32396
5571
24007
13877
20270
16997
32649
20533
8346
6170
10176
17870
13905
12207
8722
12769
1601
5033
18948
20652
12092
11492
21776
29074
13225
25210
760
13855
19578
28902
10329
16967
26718
15466
18307
16878
11063
8878
11144
26542
462
4009
14739
18644
7621
22980
27771
15019
28110
10557
11928
5374
26139
28362
1494
32216
11542
11648
17927
8846
81
7154
15742
511
26048
24733
4057
11291
32038
28036
13086
6818
1485
16151
17162
1838
27770
601
7845
25204
30112
26178
1050
20679
22484
7266
7878
20446
23169
19656
15247
27094
19677
290
6007
6522
26907
19238
31856
17347
30691
10800
8307
27291
18431
29740
31436
31974
20055
17846
952
26563
543
15744
4657
19727
18767
1780
19465
812
2387
30747
23606
16896
12292
18110
25453
8512
18648
6347
22258
19438
29269
29689
16814
3360
18380
20655
7042
6660
4931
21539
10971
15649
23475
30143
9350
18143
9076
5064
32198
26442
27381
15169
9380
21779
19376
9997
4743
26071
16221
14933
27908
31652
26470
31273
10487
27578
26780
19050
25555
17038
12072
29159
26422
2325
11972
10694
2753
28478
29483
15398
26662
32705
5325
30210
5506
16663
26056
28760
23022
26569
27412
29835
4176
32238
30205
7
11384
9199
29143
11043
5736
20110
14829
30539
20466
9767
3002
18526
6281
27445
26972
3413
849
1047
69
23590
13176
6165
26676
1255
13001
23454
20067
24631
5758
29139
24834
23770
26198
1866
3813
4259
31208
2571
28538
20631
16439
8927
26365
5199
9606
21451
23279
10398
2926
24535
2756
30068
1837
24595
24796
23298
23105
10716
20404
27167
22838
27228
3934
31723
13500
6992
20270
27826
22780
13582
12215
32275
22316
16838
6389
9313
3425
13832
16588
17225
165
12934
30129
7605
7498
4892
424
31985
20862
28429
14702
21260
13855
28304
3063
23682
14800
6539
9755
1303
588
926
32396
5126
30714
31075
24075
25435
12226
4852
14299
9886
10016
20398
26230
1201
1654
7989
8320
2299
23975
31672
14841
12231
3809
31095
1462
4582
23482
28546
27410
29596
18559
7619
993
15034
18888
29758
22181
4103
28752
24472
261
12260
1796
16086
26234
11824
22362
26216
14156
12650
2020
21606
25533
26901
18725
31257
20355
17249
17571
16061
22908
9735
573
8069
2974
11893
14271
4320
1837
15659
14004
1275
304
20581
27772
15239
25381
29178
10398
16060
25588
15492
7519
12702
11554
15297
20115
21375
24647
11321
25267
23749
4290
24097
2608
6381
1451
16256
28935
25040
22537
20880
28310
24613
16709
3431
26541
13640
11743
31702
5865
29242
26720
1170
12093
32744
28816
14481
3282
23728
21224
7095
26641
21281
5194
12722
16126
3586
1520
21027
26823
11670
5539
2046
1948
16927
28205
51
19650
20385
31760
19342
17123
16104
10872
30683
4777
24524
27759
17487
30091
24756
26192
29987
19174
24409
19326
2690
847
30413
17493
24229
22056
28347
28769
28477
30065
28656
22734
22033
13281
25114
26400
13544
20789
22224
13349
6313
24777
9683
17191
6081
32357
7828
32101
12229
17753
29430
453
9816
15820
16212
7363
29008
13393
21446
31917
27156
12219
8864
30226
20552
31027
30780
27768
24493
27271
24570
13133
32066
30405
23172
31520
16304
8457
18775
7953
22244
21907
13183
26246
5886
22812
18337
3872
10858
17002
16191
13038
12108
12835
1848
24288
17442
15583
20878
28030
18341
15232
29804
31193
20463
30150
14952
32450
7395
23326
2053
30267
2506
15803
31356
3371
16954
17384
25532
16214
15932
925
18351
28555
18861
31824
16063
20511
6885
25357
24985
12187
15511
29897
8752
32178
20216
17140
13829
7286
25636
11853
30119
20939
31677
1018
21877
27931
25045
28888
23467
30027
29966
16144
14237
29422
6143
4587
24125
10937
20954
5095
20451
23607
25164
19210
27470
22718
19621
1910
29158
1698
7737
8254
8515
9384
29702
29304
1523
25022
919
22163
27512
7401
11048
32747
3473
24958
19722
31387
28347
29589
31305
15250
30710
187
12429
30442
17868
18663
12094
12405
18064
21424
10219
15000
3556
1468
19949
5980
381
10876
2375
28610
17195
17942
20689
5463
31763
17315
28566
16905
27967
21403
14714
2617
26970
3725
29472
13585
7092
12308
28938
28440
16525
32262
12802
2819
12943
12270
30905
17615
29084
27325
10415
15116
1738
9404
27218
4732
27052
1477
23146
30684
19156
6067
18612
29698
26517
23319
18893
17960
19214
5165
8274
14472
8291
25614
16710
9001
31310
550
30644
4344
13271
10729
27541
15130
20063
4290
4083
20097
28899
30796
15439
12221
27775
12485
30017
12565
27185
8128
10334
28375
9696
7961
24414
17900
23197
18478
11903
6319
17448
32588
25124
22016
22966
21352
12226
30355
9713
1552
28156
25742
24641
20385
6157
340
11082
13241
8295
15771
7350
31215
22169
30661
29236
7874
25718
5229
6080
20688
9844
1344
25382
20041
25426
12814
10433
13986
9982
30752
3465
9358
17589
13261
14925
9258
17516
2120
21564
22903
16239
22972
24234
27406
28744
11675
27153
1295
31202
25907
13398
2139
10734
1666
7758
14851
14982
1867
6785
1792
22288
20073
31022
12324
26726
24420
13711
29264
27700
25666
10333
32488
23457
2463
17303
22660
25905
24832
15232
26600
32233
15717
16615
23863
3509
15901
12458
12643
15112
31710
23677
23528
6594
3093
20712
4282
16726
20091
15503
6779
3628
14569
23734
9458
4676
5485
4868
3001
31005
26269
2183
309
25301
26155
505
8651
31377
20922
18754
18257
19487
31216
20541
12483
7386
18381
28863
21048
19406
11323
28118
24852
32029
11750
6734
28798
5282
2381
18554
12821
17363
5914
26417
11998
12012
27822
28694
3201
27978
27393
2844
12982
26900
12201
2890
25850
25121
7224
10428
9350
6166
26571
7147
28289
24527
28384
32302
10869
10241
13672
4992
23808
12573
20254
24963
29388
31863
8726
14277
14272
13991
14233
3394
20088
8495
3888
22315
15347
16223
10239
15590
23436
19062
13396
19798
20268
12554
11136
6492
16317
9642
11750
22430
482
193
28497
30087
29413
31165
7051
14735
8689
31601
26923
23228
6529
6072
20142
12648
23832
24156
3529
25926
28467
6966
2302
15520
29563
16278
5998
28898
16704
31461
19182
11356
31267
18056
23644
5444
30994
26888
12852
2554
11642
13424
13662
29328
14007
1015
26698
19338
21456
15583
29759
19938
31585
22173
8432
22608
12248
11834
27217
32200
25572
10489
10408
23875
811
27194
32487
9922
29500
8350
825
29072
8388
11884
21979
18376
27908
12596
6701
2840
3970
11442
1545
5828
16383
23796
31571
17134
15530
29631
24529
11540
147
17712
10045
27098
15970
10143
17305
1034
29513
2760
28611
27865
9783
2605
2121
16748
10063
32438
26238
2458
25496
21403
29134
21492
8438
8835
23374
21250
13913
23278
14231
24528
5172
30928
27349
1449
12593
3710
6939
31523
12067
9678
7418
11356
19515
15482
3665
14978
29824
24518
4966
5273
1913
11107
27190
3448
9772
12178
18442
4885
7501
653
13643
27395
16303
290
23447
6201
17662
673
31252
19989
176
1016
29701
5281
1337
3613
11675
532
1918
23468
11021
11676
5773
466
9707
16218
31627
8297
3247
16814
21997
23908
8341
6070
18412
12142
9644
15633
18226
15310
22829
13033
26074
19342
8716
15920
10135
7132
12238
23337
14131
3504
31642
2603
4156
30895
24466
22946
28922
9552
14436
20822
10403
12861
17691
8944
5586
26876
14652
17338
26934
17870
13582
21414
135
14039
6201
30098
28095
22144
25234
31946
32390
9498
5942
5070
22510
1476
21974
16470
31328
654
7761
26772
16855
7134
29320
15801
13899
10003
19054
12218
16497
105
3678
20052
5793
5148
2994
15182
30231
721
6033
4606
31839
25905
21512
26638
13579
29399
19292
19328
12199
4204
21919
25072
12783
2320
31874
3353
23103
30460
20842
14491
17994
8038
27078
13564
4623
17829
30111
17388
17161
14742
9328
14797
29606
9534
19513
22642
21243
23985
1743
18215
19638
15154
14710
19442
27988
15515
15025
10777
22164
31232
2649
18916
22571
10895
20461
3492
185
16826
4905
30708
15100
26521
25306
1855
19267
20617
24048
27267
16678
14362
21205
29524
12661
808
26877
26915
19566
19783
2239
8640
9267
25957
30051
798
14203
32170
19836
21079
5255
4771
25976
29679
10328
19872
12405
349
3615
26202
11094
22471
29429
18393
32278
1038
25036
31893
18269
12298
2981
9692
18001
29975
24580
627
22191
14288
2465
18560
29466
28954
9057
22183
12723
2149
14724
116
28393
9006
27424
31225
6803
3528
16334
9912
23356
8541
1443
20419
31677
19248
19298
1313
22290
6436
19183
11892
13926
28546
22535
3801
21872
19447
10031
16400
258
14812
234
26845
991
23482
13615
12973
21966
11790
25370
17021
16620
26441
26850
14584
28998
6427
4107
32223
8871
30449
18909
23214
24751
26045
4116
10365
3365
14581
15833
5412
8334
16606
29937
17314
22783
3594
25397
19392
19247
3615
31810
23793
2512
26075
31601
2173
22304
11349
16906
30430
5307
27526
26036
3178
26035
2567
816
16691
14050
540
10567
12332
8575
2546
28673
8589
23536
4389
4120
5240
11487
14213
3756
3036
5264
8474
20792
8858
8306
19302
11717
10982
7412
18409
19294
23792
6553
32747
26307
22724
29519
25973
20322
32623
22781
13729
12418
26468
32347
12307
31426
28702
28934
26568
450
14598
17364
4367
8736
32662
1124
28884
934
10431
12026
20772
19393
31112
5258
7918
21557
17145
26387
5383
14864
1335
24623
6257
22748
19952
13799
10717
1561
22009
20939
4206
8427
8758
32323
8640
18959
11195
32288
19241
22547
21296
17014
16447
23495
9082
12974
29338
18671
10136
15063
14043
5946
22474
5181
15084
28536
25081
31805
12682
14599
20819
19799
22273
7054
22838
11909
13111
18670
18255
19659
15596
9078
24835
21264
16960
5207
12301
5164
14966
9815
617
6978
25847
14537
8561
5712
22938
24252
1095
20228
28194
15987
370
9682
5385
1301
17356
17219
6524
17062
1691
29584
23718
16950
23806
24687
30769
12888
2187
7469
27146
12758
9014
14589
11621
5283
8308
19344
25858
29969
27041
12261
31406
25924
6559
24931
22540
21735
7105
12069
7317
32541
12775
14741
29918
29883
9706
28220
30489
5812
10810
30168
10463
5333
11717
18607
4653
17586
10011
23844
428
25824
6864
9352
26165
8292
24866
18994
24980
26220
28380
26834
30860
27197
9595
10754
1052
24429
28302
1054
18433
18002
9827
2646
21116
23738
6623
769
2389
1756
7086
14388
2080
17551
29853
13972
13247
1722
13123
28264
10024
30988
7911
27379
23913
5101
20894
5120
15593
2740
15796
11710
26608
27162
8781
2766
30313
31470
13132
9371
31975
15627
30836
3562
1255
3720
10189
29618
23125
21294
32586
8237
21073
12335
25000
13359
28466
12308
15001
2743
1483
25336
28194
31427
18414
20212
22338
27497
22575
17626
6612
28196
19178
27942
19382
21356
14472
8497
14635
28041
17661
25768
18558
30120
16533
4925
16617
18223
17905
5788
30900
25934
31052
14497
11937
32470
19716
26056
4744
25679
28501
29669
16703
9285
17767
16661
14268
16866
6027
16116
382
14786
21185
15888
9769
18690
895
3486
6768
10906
28077
17260
14391
16109
26100
16407
505
20895
20536
17278
13672
29095
26467
9590
29012
4005
12901
1728
29390
22133
19065
3640
11661
29188
22185
1614
17297
14434
24724
28346
8197
26905
26223
22124
14698
30398
20042
4546
16114
3781
7828
8446
13610
21401
8162
23287
17884
31981
19436
12303
18228
21068
11736
6500
15905
13304
6076
2123
24574
9713
20830
27130
22386
4436
9278
4996
20629
12262
26838
10763
4180
22001
31008
23344
6934
3663
11353
31183
11936
15556
16389
21226
4917
14993
21043
20194
2050
8517
20738
13037
20154
14295
868
5828
6782
13810
3874
25244
26111
20880
8224
26968
29926
19146
5347
29437
1140
27118
21584
19302
28517
9171
12470
10553
18715
22633
31759
281
13304
24468
12675
6429
30476
22587
22574
28801
5872
28060
803
20380
30193
1762
4785
5138
16241
5369
6885
3403
8843
29345
4943
32036
8182
2753
13321
4324
28460
14590
9206
26225
16075
6285
23624
29124
21563
13637
25925
22170
20113
21241
20554
2668
4275
16132
4880
21154
5821
24613
10286
29444
15012
30862
6367
8305
11290
20023
21510
3027
8113
11640
30319
6482
31042
31191
26712
6088
30096
16671
29744
3189
5929
1202
15006
26357
23181
11551
10181
12654
30098
23543
19911
4366
9735
4061
18567
10933
21400
20189
3764
16366
2289
19199
21507
6180
2087
13595
24763
2579
32339
12782
631
14716
6784
9582
31271
23837
3015
18523
2905
8416
10936
15383
4279
30803
20988
4279
14800
30040
10809
29018
22043
30494
27958
27321
20792
17743
25664
32768
17530
27531
9676
477
16803
26902
22109
23510
15086
2253
28840
19423
11347
30047
22774
14380
27142
23993
16331
5956
14401
15810
6085
7767
4163
8009
8902
10705
13977
26427
23126
5167
1692
794
14146
28433
5947
2730
7305
21137
7418
10734
27001
14036
11579
26450
30486
3038
18108
6698
1211
939
17250
9563
22532
17019
5941
19032
5098
26989
171
10321
2864
12111
3625
15271
4607
31669
7367
29090
4813
14408
13396
9318
27267
19553
25754
4899
20446
30423
2018
10893
18965
31253
3771
12684
31421
20079
14584
11828
16106
20150
24568
5879
27544
4873
13866
9241
10569
28143
8143
21861
13039
16291
2306
31
31755
5039
23798
31033
535
15548
640
12233
19746
25257
469
19387
25530
14042
14228
9411
13838
17107
14599
9622
17492
1285
19878
28506
1129
20455
8668
20827
19127
8009
5902
26879
14940
22502
21722
32252
137
9528
32668
28360
24359
27024
14391
16722
19137
29797
18706
11247
8094
29420
9312
10903
12845
20202
6053
29777
16039
28615
22645
25836
31727
4579
20095
12016
21949
10285
16075
27092
4603
31729
15424
20593
25967
32497
361
17335
15259
952
6009
26015
13793
20523
28300
24672
9707
15969
19247
11750
1866
24500
11555
29568
15453
22040
4958
17881
4725
22444
16723
26921
20790
4239
26995
25004
22849
22261
24820
26708
5648
25978
16593
6075
18208
4022
6162
25947
25686
9489
4941
15105
8604
30168
15725
17535
21963
11921
15794
17825
18637
32140
14073
3171
11523
14011
11326
21345
18404
27075
3679
10383
3559
7763
22306
11306
13731
10933
21882
15343
1589
22691
3846
24202
25827
19547
23259
849
26111
25078
6531
27186
25869
29941
11845
18410
26664
17949
7591
31352
21153
29573
30002
25042
10986
14061
24693
12502
30642
24145
3917
19075
30802
12990
20835
32617
15464
16741
2805
16222
24257
15086
26330
4979
26493
23822
27072
29735
6509
6748
19129
20442
11968
29792
13558
21892
18655
15341
22225
22438
6037
11185
25105
23425
31603
4363
24938
10375
10099
30492
1860
27663
1499
2081
22974
17740
25700
6400
24561
19840
11164
4896
13433
28781
9609
12414
8498
10508
6031
15870
10303
30338
13203
22527
7761
7504
9313
21809
14885
2250
14667
21419
15695
24778
29971
7224
6711
10149
1036
20466
15201
29790
23931
5139
20465
7450
5187
12295
16750
26068
6850
20934
14022
1874
32246
27744
18578
8792
23524
25817
19100
29467
6458
312
20126
22776
6707
19931
17485
1638
699
27917
23190
27946
16852
1243
1576
15050
27704
16163
20786
31043
10815
4077
22638
10238
15620
13822
6494
24833
24259
10667
30166
24163
646
28140
4282
29698
14081
30641
26633
20856
12474
8057
20506
8266
16237
20768
13350
21091
12974
28152
16391
13505
29136
5404
22335
6767
19206
17921
32060
13235
15816
4430
4827
25992
17528
19438
3370
13646
24902
30819
2418
7361
29265
23133
25205
23080
4366
26763
10996
4302
238
4273
12660
19894
28987
507
28994
17547
5699
29073
5301
22742
23993
3435
27827
18292
16984
4455
374
1094
713
12952
8336
8234
16327
21729
3117
19242
17793
16067
12185
18164
1088
16244
32002
23946
31817
31537
22654
12347
8453
20948
13392
29394
30559
5033
16999
26381
29550
30846
24359
11345
22868
3321
6508
14235
9574
2607
31692
1978
16269
19313
31517
27068
32235
22121
11831
24998
15042
10599
13051
2920
402
17397
25749
2063
6018
7601
18173
19261
25345
32604
19396
23766
30381
29230
21517
25341
17268
14700
5082
2111
13817
2621
14985
4621
17209
30138
1182
15216
10350
14660
6850
10232
25140
26906
25100
758
7914
10538
8576
7914
12379
26664
8405
10559
16541
20702
9340
17974
20026
26051
27357
10529
13198
31438
3812
31953
15728
396
29628
12369
5397
23409
7642
31701
304
9836
7486
12781
16990
14269
27893
12542
3778
14603
27619
2291
28908
7089
21183
10544
3584
22106
19295
10951
5908
8397
3382
2799
27097
8714
8987
27058
9342
17557
15947
8421
12497
9490
15026
18269
2728
20242
14438
29792
17791
15405
28277
22362
5474
18769
6880
30673
24334
5721
13287
12699
4947
993
16007
16719
22972
17241
28226
29945
20082
11609
29214
21778
22366
21044
4848
22959
21646
30928
1754
32760
12250
32693
7699
21468
4039
21603
11494
16899
12715
29929
22270
17924
12050
12211
8160
18649
12897
5540
25785
17296
24249
21093
9050
31298
28446
24316
12929
25417
20697
17056
20314
3758
15642
21963
9285
8673
5602
15250
11482
15277
2592
1330
6954
21610
17691
13291
8776
28277
11535
3345
18953
10973
29979
29792
12295
5727
1626
16528
23020
17045
1105
15913
31981
32618
28809
21657
24212
18641
12668
387
12995
15543
182
7771
6902
11573
1076
9264
10952
8971
5904
25032
5561
25674
1376
22514
27182
21328
16219
12312
32185
14841
18365
276
28315
21780
24941
22084
24199
13332
16477
11489
19113
16648
16818
23436
9447
1230
28454
6186
4711
31619
20906
4082
29521
3389
22351
17860
6102
32509
20582
10941
18033
28639
18406
9480
30572
13972
15119
30967
27047
13074
29773
18514
29845
26762
3423
7151
15239
29595
23736
11138
9773
12485
21030
22455
16985
10016
1713
2686
29447
2894
966
29094
4251
28334
1429
18350
24169
28370
15543
7896
31098
31028
21268
25214
9357
30500
14340
681
5469
30213
30644
32224
10018
8121
8652
15678
5722
5978
846
30408
10697
3627
14273
2557
27839
9422
21904
2734
24217
27831
14765
28175
15242
7648
13945
3599
17052
21694
10728
30437
7409
27765
16096
13035
19023
18760
24035
2224
14044
10067
4334
24392
24101
16764
24225
15591
8037
25767
24735
5039
9989
17193
6456
20677
4447
7295
19526
25002
10951
3393
24404
9161
28876
6993
1286
29260
14523
21080
14261
17972
8037
1139
18265
7337
9762
809
32428
6030
8470
25761
9100
3161
23219
10513
22177
29986
4223
21626
5697
30713
11544
20627
26768
30845
25461
11010
28908
26539
3950
978
29832
17907
32639
16418
4694
2961
3017
21786
12843
27418
7769
16164
28446
8789
4269
31064
305
19789
628
2359
27187
28580
3478
29341
27108
10282
31604
10225
32091
17070
24433
19103
28069
7189
15025
20424
12719
3241
3361
23864
10085
19635
30647
29336
26652
1867
21499
13028
15405
3951
25798
25120
29155
27475
1097
27463
7064
10744
29522
645
31002
14080
11723
14245
4180
8385
26755
3277
14634
1176
7218
25961
8356
5503
16823
24933
1871
28898
9123
30879
16096
13743
26875
27292
11035
4525
15674
22138
18931
14606
14742
3877
1779
31815
29572
32718
24028
28703
21630
13465
4240
23558
7940
23446
29742
25257
17633
20979
6527
6339
29359
4464
21649
32310
29853
4626
26529
3418
22640
29724
21822
21653
28872
1595
7596
20012
7589
31745
27527
27224
32297
26772
29608
32669
28576
20904
3149
5463
32189
28330
16243
15510
10278
26686
23687
27435
8500
11244
19774
3331
27123
10262
12738
16308
28529
1070
2062
27734
3381
10534
25243
13204
6413
11815
29244
24578
23565
32133
26438
21170
7380
17907
28149
7682
7953
3059
18955
17079
15430
28561
21946
17232
31180
31313
26564
404
16408
2406
25825
6766
5948
10276
97
13306
3248
28344
28690
29152
9811
14615
5988
993
1709
18996
28107
687
9847
12150
9317
3842
18269
30825
20189
26344
1026
5812
5007
25948
8517
31307
9965
8219
1219
15845
5665
6067
29852
30641
9460
11741
1147
580
17134
22028
21456
20950
23486
13382
352
10671
1757
7731
30720
17884
23151
12916
30877
19750
25962
31285
1408
8005
5369
18694
4816
21328
2339
20198
8281
31352
7336
4257
8331
31478
9259
14941
20678
5954
10390
111
26325
30086
8379
627
14264
15186
28215
25755
15270
4497
8604
4935
4946
9404
18895
25814
29294
30029
21166
3516
4973
3191
14070
6869
6286
26900
2404
26106
32278
14559
6427
14545
476
12771
13638
4585
9227
8243
21502
16390
9508
31708
8302
18361
9538
6936
13365
18228
18594
21700
11
19549
1378
10004
10152
20769
32393
13958
21730
21003
4168
14612
17941
13077
29056
8622
7111
26302
3715
8167
10636
2908
287
18415
20008
29364
18905
30401
5876
18376
11894
18077
12931
18160
25024
10169
30340
15404
22662
28980
31978
15289
28645
32331
7243
18658
18630
11215
16262
24345
31912
18902
24745
4422
4000
21938
11026
13151
17309
4127
2260
16953
12529
17344
8028
32158
18445
20429
32596
26783
8332
19206
3015
9259
14708
21227
23686
22497
3768
23342
8139
7459
10241
4457
16157
8300
1197
10509
19315
27875
2328
9114
29852
5680
20763
26902
4062
13454
3027
17592
29150
26401
17572
6628
8127
20619
15741
25948
7054
16826
15965
24244
20446
1795
32278
19974
24239
2933
2129
27112
22421
18023
17618
20891
6422
10068
1021
30597
24915
29673
13465
4065
20971
19547
9941
22454
27420
18942
136
18437
16939
27668
18109
2375
30470
18146
8303
15127
11561
10506
13969
25643
3006
11028
21842
7816
2312
23886
12958
21494
1281
2006
32232
7858
30530
12533
7463
8804
13348
23982
15134
29008
3365
16535
2785
20944
20621
19176
25749
30722
27729
21458
8055
1982
14391
18962
19744
29387
11067
9157
14855
1874
49
126
22343
17042
3501
12694
29090
15318
21792
7363
22982
15268
3395
11500
25040
21304
11193
17724
21519
2097
12784
27254
18186
26761
16712
5768
29380
6858
14967
27234
27454
15999
27692
12808
25662
12521
5362
28390
25167
2548
15447
23653
32009
25961
10062
8891
5778
19557
27603
11271
11365
21258
26573
20381
9554
15988
7992
18334
16582
18159
17795
9421
2893
19047
30263
13469
31829
800
24794
3471
8501
5799
27667
13754
31086
4360
5135
6059
26672
8257
2082
14704
24352
9207
19378
27120
9816
25960
24145
22654
26031
2977
12073
19117
21307
8176
24477
25701
11029
13981
6445
13878
21596
4053
31386
1517
22397
17639
24651
1381
2481
21939
3056
27552
4551
10846
28517
9238
10787
23883
7897
2125
17415
24903
11823
22442
28689
22532
32164
24967
12293
11465
14771
5510
5581
18279
4662
28196
21438
27503
27853
27025
8733
6050
5763
1215
7650
31145
14511
27832
1211
18951
5401
23094
29268
9291
19806
19309
726
12170
14742
4140
32430
11020
4659
23588
29583
13126
28972
21383
24250
21256
28252
17878
19581
13560
23333
2804
4345
2367
24920
13950
32297
29570
2393
5471
15136
5396
27518
10654
8338
1898
4281
6267
16022
23247
18039
16059
28586
27992
27079
24384
7416
11803
28095
8156
6104
8348
8475
18535
11413
13448
30504
30735
21108
17830
22497
17648
7410
22538
15191
31205
21070
25740
5206
26269
19271
18808
20037
30193
39
13191
25166
32372
26368
4878
18367
332
1846
29046
17328
19265
26173
15084
23527
11284
12708
20569
28920
14354
19027
30101
17328
18408
5393
28632
27060
10937
13385
26737
30054
15982
3853
26554
21768
25166
18779
31819
11556
30670
4511
25198
12843
26026
26490
16339
17756
20788
16322
18309
22759
492
10698
23069
24403
9042
23011
30262
18973
22776
15650
3360
23458
22747
31332
4057
20542
32755
1168
18488
8886
5385
8732
21100
28627
11721
3539
19109
15696
27160
5333
785
10231
31144
21983
22026
15622
8137
1484
26766
727
10626
23900
28911
29888
2528
5173
21963
30265
4238
3367
14655
316
28326
6068
17496
5106
32199
27344
18122
8587
32104
15589
32485
2669
14955
7450
7620
24466
21749
29141
23496
29995
6270
16510
12613
2186
6692
8839
1914
32062
4421
2985
30151
30080
7756
17776
24346
18894
29643
17401
939
9173
5579
14331
23273
16532
9056
516
18867
7615
24192
27397
2252
5729
26132
17937
20361
12998
22096
24418
5837
12184
17216
23709
2103
72
16804
29270
28058
20655
29182
4823
13486
18934
16873
31261
23301
7859
22444
15140
22080
8788
23567
12901
19586
28609
5742
412
12581
25405
3851
30926
6572
27533
11176
4235
24313
30301
31318
22897
24257
31711
7816
1265
28988
28085
5227
27478
26401
3345
15994
13058
9169
27675
29005
31995
10194
7827
29105
15015
8064
23991
6398
4308
18943
9063
5029
27643
19572
135
28169
10694
17781
12965
25488
31695
13502
15579
9209
26539
2853
2039
752
2087
30416
19930
17887
29649
16293
21534
1032
27835
18434
14844
19665
15739
1454
23916
2142
26486
1808
7053
18021
1631
22687
28744
28478
3322
24218
14640
2874
16166
30457
8109
5174
3354
30627
28250
1392
13295
23777
21931
7577
18271
15379
25555
1835
2252
20130
13285
23292
12163
10549
6201
12564
1603
29480
17425
13243
505
12858
14460
26839
13774
32389
30843
9589
18531
12980
18531
24486
20059
27760
31874
21132
11803
28955
6917
10420
28877
19137
21785
8358
9387
12619
6993
24507
13434
5110
20808
26415
22612
22276
25735
24439
939
6578
19113
11733
29835
6249
10941
2089
18463
32568
13803
31498
14455
16514
29531
5653
26504
17396
850
12933
23413
442
7582
2053
4109
24051
20277
962
16788
22626
15129
5571
21702
25702
25214
26749
25
32044
14383
13986
6723
18979
814
13115
12796
26544
21658
14326
21253
10276
5334
11713
7273
24811
27624
25495
3075
6149
2335
18330
9024
9659
3577
13923
18726
7818
8259
21654
3477
6500
26498
9913
12749
9752
31122
23366
6705
2062
31373
31486
3403
2359
29679
29569
25615
31044
9975
12316
3940
11542
24144
13538
5856
4726
752
28670
29907
11271
30785
13639
29576
2424
894
6165
28615
4094
16992
5971
9374
9986
29947
20438
25698
7447
7906
10477
25328
22830
17298
12090
30008
11277
16910
4544
27133
22013
5062
30012
24534
5315
29373
4537
15481
19922
10987
20063
10552
10431
6881
20364
14540
11765
10155
11046
6738
15786
10234
14127
32147
29458
2691
9881
3208
18386
15266
26716
7710
2999
3651
31943
1590
1192
11266
13587
9968
19161
20625
4414
10025
13634
21594
12311
29250
27216
19046
1429
25891
26842
13694
19308
19584
7510
6288
24546
6235
22349
26196
1759
26827
13068
5166
16708
22523
19357
21591
11902
9589
18677
15160
11355
9889
7791
21526
10524
8328
3449
26868
23499
28382
16525
437
22223
7232
4708
24194
10429
20410
21862
29035
32625
13196
12132
6993
350
14638
23945
12291
20770
24209
29838
1447
28509
22696
28974
4956
28356
18215
11482
25373
11889
21899
2733
23272
3709
27994
28834
8480
21201
23980
24837
8241
10297
7146
18471
28018
32699
470
21078
5967
13350
11467
24076
7847
11757
25158
24167
8051
31030
7590
16857
27817
559
11056
12577
9056
27553
29782
14970
31028
13255
24889
15634
18924
7008
29548
10429
10330
771
32251
26091
30339
12979
7852
31192
18688
16307
23684
15106
6564
1179
3981
10720
3423
24492
30167
16849
20834
11105
6589
22099
21380
9542
28009
20597
23013
14093
16283
24719
15825
21983
28069
30768
19943
27632
30395
8280
7034
86
21609
32743
14135
4379
15461
9814
8456
21393
12167
28325
28473
20197
31254
3732
28890
1271
2373
9750
20324
7529
14845
25347
29599
18167
1245
3341
12738
17158
11136
3573
220
20351
19198
18943
16756
25309
30645
23715
22380
28293
17993
3461
6956
6998
26089
4519
26108
13442
12244
27869
15792
13468
20508
1922
25483
10482
27562
19562
19038
24348
26499
25367
14320
4309
13642
23088
5538
522
18693
22062
13395
17713
7204
6233
1922
6620
25023
29171
7090
6542
20511
30643
19475
9933
9088
2421
31582
21112
15893
559
21505
11099
2381
9255
21372
11265
31829
5475
9483
15049
27614
97
3973
28732
1824
11529
31364
6046
9758
9696
20166
7619
19756
15742
13779
25125
2479
2114
31968
7731
3109
7748
7924
22251
9061
14731
14921
3242
32039
1153
29941
7491
20422
11427
5321
3151
20805
3453
20090
9669
8081
2006
4094
11979
32261
22824
19001
6347
3123
1875
32217
27336
23010
13457
3967
21747
31827
28589
10015
8825
2249
21616
7849
32160
6215
4189
17385
14866
14492
8094
29100
6520
28317
22077
17444
15947
11698
2455
27789
16615
26772
28174
26641
6882
8020
31999
7657
23707
3744
30452
10438
24854
25666
22042
20335
29703
7401
17653
28843
7724
28460
27986
26209
3040
26572
13181
9214
16878
6969
12725
5143
5283
4184
2013
31056
5415
18564
21364
22140
26893
2259
25543
8709
16424
18586
32357
18574
23712
26931
18388
17112
24902
6909
9346
17122
23077
5029
9726
15445
13145
31140
22632
19486
4645
10505
1063
17245
17471
13689
14297
22910
14702
19828
11920
18853
15191
25305
26171
24400
22420
15533
31330
13880
12295
22040
5911
12664
9582
11952
6185
28144
4151
28667
10394
13292
31637
3118
30291
11265
5843
14907
19991
23352
20713
29451
13238
10863
21069
21512
19075
31995
18699
2783
8711
6802
15128
11908
15095
28777
21219
10614
22628
28057
23086
6468
28978
32455
22300
18256
21963
27908
32651
7891
24084
9202
30371
17441
13217
9000
2223
12591
3109
7896
22828
31570
26668
