81
3 885357
3 463049
6 82763
6 678451
2 317748
6 307779
1 518705
2 99899
6 883681
5 63284
4 291316
6 5658
4 282161
2 227946
5 833073
2 992827
2 572705
3 634546
2 884100
2 122892
2 788143
6 953112
6 548876
5 134970
1 675095
6 732138
3 743716
1 966131
2 60503
6 471156
5 917418
3 511266
2 377258
2 582852
5 140155
2 574710
5 995088
1 500903
4 832243
5 568603
1 253379
1 176297
2 456049
5 63485
3 65538
6 630039
1 485584
5 487243
4 515593
2 650560
2 723694
4 208689
1 589269
1 530671
5 637608
1 731804
4 937828
5 529329
2 304795
4 926009
4 236082
2 240276
6 753764
2 130805
6 503357
4 399140
3 850079
5 480957
1 492545
3 469872
1 585898
3 197951
2 993147
4 697730
1 31267
3 318822
4 663720
3 23274
2 402405
1 281824
2 403910
