58
5 160429
2 546606
3 746090
4 185831
4 256817
1 604011
1 652518
5 117941
2 124288
2 835864
1 120780
1 550138
5 263848
4 181524
5 38025
1 40179
4 196470
1 830586
3 403466
3 533470
5 804662
3 393000
6 628796
1 80247
2 560373
5 116027
5 791884
6 792315
3 738945
5 569808
1 688360
3 388776
6 52583
5 446276
3 585211
4 384698
5 978035
4 825011
3 644723
6 990830
4 395955
3 668988
4 323198
2 110850
1 749620
2 954618
2 602056
1 706802
6 346818
5 681739
4 325437
5 649275
2 234794
1 637580
2 323020
4 643739
3 499387
2 938137
