74
4 810482
5 211849
5 953262
1 727009
4 254989
4 629813
1 500526
6 586189
1 638176
5 147297
4 718504
1 601505
4 271551
1 775344
5 267154
4 763300
2 16768
3 927177
6 17568
4 577819
3 941048
3 809487
4 156679
3 587722
5 485052
3 17832
6 402236
5 640951
3 722720
2 545721
1 641396
2 390438
6 95162
1 478503
2 968613
3 740380
6 677214
1 632087
6 169027
3 838175
2 239779
3 800430
5 288899
3 281652
6 247708
1 576721
4 204954
6 813662
2 125726
5 446053
3 355837
1 962085
2 72384
4 473103
6 522338
1 992651
6 463765
5 228596
2 905469
5 373784
1 816883
4 549945
4 194819
4 641742
1 60910
5 952451
4 851049
1 208052
1 369885
4 784054
3 270117
1 370255
6 204178
5 659897
