91
83 32
8 4
80 79
88 87
14 15
75 76
35 34
67 68
49 48
22 21
86 87
39 40
43 44
84 85
65 66
73 72
68 69
20 19
20 21
89 90
28 27
54 53
4 3
72 71
85 86
51 52
7 8
44 45
1 0
3 2
22 23
62 63
64 63
51 50
59 58
16 17
82 81
54 55
57 58
23 24
53 52
89 88
34 33
28 29
32 31
9 10
11 10
1 2
47 48
18 17
61 60
84 83
36 35
16 15
71 70
69 70
6 5
49 50
47 46
83 82
29 30
60 59
56 55
19 18
62 61
74 75
37 36
30 31
56 57
32 33
26 27
25 26
46 45
24 25
8 9
41 42
40 41
42 43
7 6
5 4
65 64
77 78
74 73
38 37
67 66
13 12
11 12
38 39
81 80
76 77
13 14
78 79
