8953
5804 3380
85 41
1866 4619
1106 6654
2260 2900
3281 4299
753 6551
525 2927
2283 2942
5084 7149
1183 3371
1030 8626
4143 8846
3612 6272
172 5786
671 1005
5231 5877
5587 6580
7867 8927
5505 6747
278 4374
3238 3271
3645 6862
197 3846
1834 3142
560 8437
1864 3368
278 3514
5748 8105
5720 7209
3199 6515
3165 3593
1537 6423
3204 6299
2638 8819
1714 3222
3812 8281
1024 5756
6692 6906
1958 7694
431 6785
762 4679
5157 8518
3435 4912
3180 7166
3118 3623
1510 7606
857 4560
3231 4258
1275 7770
2711 5544
1384 7661
8176 8462
1136 7377
3258 7363
3233 6909
484 1081
777 7830
7491 8556
1281 3292
655 2145
2566 8091
2324 8725
4135 6841
1547 8380
616 8499
1553 8192
5322 5979
1299 5725
3827 7248
5238 8922
1670 5310
1347 3352
3192 4811
857 3356
5067 8693
3100 5911
2363 7534
7108 7142
5672 6343
779 1036
4171 6565
1211 3100
196 8084
1650 6913
1574 7429
1177 8609
2803 5535
1457 8447
3602 7376
6030 7961
1160 3615
160 424
6027 7523
3836 5505
5066 8030
5960 6801
907 6503
3093 7431
3354 5789
615 2574
7034 8046
7447 7461
4611 6335
1980 2922
660 7767
2918 5585
1183 8038
2602 3777
1090 1587
1448 6382
4910 7102
391 3192
304 5134
486 566
3052 4612
5747 7087
2375 8062
978 7802
7656 7898
3501 6031
2259 4855
1041 3748
1324 2660
1535 6167
6569 6890
1280 2240
10 6448
3 4
3127 6666
2303 7754
3969 4998
1118 8897
176 6176
2482 4245
2479 5064
4953 7061
1815 8244
1975 7423
3329 5489
6155 8651
5799 7224
7953 8001
2605 5584
4367 6770
2236 3774
1073 4306
1044 5941
2999 4286
7440 7540
1454 2178
6078 6938
369 6844
476 924
1694 1917
3638 4457
2956 5226
3545 4405
1692 4693
1574 3639
458 5369
5698 8871
4139 4613
2132 6716
1625 7779
4082 7976
448 6120
1288 8416
2776 5809
701 4980
6964 7900
3241 3524
19 2103
2193 3987
2818 5349
4019 5525
1653 4279
6564 6894
2252 2631
142 7460
7506 8717
4099 5880
5905 8231
519 8132
6490 8894
1232 7202
1935 6225
470 8698
1149 6843
1027 3492
358 5475
458 8538
2354 4281
1013 5137
3251 7813
143 7126
1188 4364
3188 8731
2142 4159
3720 4559
1168 1856
3297 6340
4526 7876
1869 4088
1031 3746
354 8313
679 7098
1109 2577
2057 8117
4682 5027
3006 8908
4639 7492
6837 7627
2076 3040
415 549
7488 8548
398 4787
3932 7889
3279 5116
321 6670
285 6708
3869 6885
796 8713
5284 7544
3542 6547
3936 8815
281 4324
1265 1376
239 5102
1840 5625
416 7679
7345 8235
3909 7787
311 3496
1334 4441
2213 7864
1149 6421
4543 5330
2014 7884
3575 6007
3283 8720
1206 5716
4225 6543
8272 8884
2940 5533
2302 2776
2202 5159
2190 3761
572 7818
2378 7813
567 7535
3002 3310
4432 8566
4813 6994
2781 8064
3100 8488
2616 8016
2603 2864
1826 6053
801 6045
1533 2517
2958 3766
6350 7718
4550 7333
6406 7161
2755 8004
4477 7079
6277 8778
3313 4600
6861 6927
563 627
7349 7934
1860 4947
121 1097
970 4226
7438 8411
4734 7334
3118 4916
3917 7797
1181 5415
2568 7509
3357 3643
238 7549
6818 8013
5093 5990
4196 4262
4721 5985
5970 7789
1903 6190
4202 7884
3962 4932
72 6168
3384 6566
3941 6039
3008 7756
2512 4373
2542 8707
2199 7315
2734 6614
3830 3874
5617 7185
6657 8301
290 2657
2097 6818
2650 7615
1874 6013
529 1284
1527 2813
138 8357
991 6177
3794 7562
3487 7602
1269 2750
2936 3577
4105 4625
875 7067
4038 7473
1885 2518
4061 6751
3294 6050
4683 6194
5995 6763
8425 8797
3431 3898
2529 7863
6006 8385
3277 8097
996 5166
4294 4359
2199 6887
7919 7950
551 6841
4767 6303
2626 7534
4036 4636
3592 7159
135 3966
2981 7488
1207 4874
3135 3960
1569 2518
1653 5397
2554 4377
1872 5430
5194 7317
1364 4281
788 8942
4954 5508
1240 7605
913 2966
7689 8576
69 469
1506 5967
1466 8503
2766 7625
1578 4781
5282 5908
6368 8875
161 8590
8320 8405
1194 3393
5951 7514
2826 4842
2632 6377
4637 5557
3211 8238
8008 8225
4896 7587
1854 6680
2348 5023
7937 8083
1393 1475
800 6148
676 1329
2430 6792
1148 7832
5561 8716
109 7853
6970 7119
1870 6976
3676 7165
7691 8065
301 6637
6052 7233
2307 7521
1848 2744
1066 3690
936 1673
3831 7624
1625 8913
3299 6309
3242 4353
2133 5217
1481 4472
4837 7363
802 8554
2296 4676
2862 8839
3744 4969
807 5575
968 6129
5648 8191
100 5588
2423 7295
3491 5164
4308 5474
2155 3949
715 5819
2367 3488
2261 6255
3806 7146
1170 2533
1340 3244
3119 4282
5313 7086
668 8310
2661 5049
2959 5784
3859 7714
1676 3436
1487 7993
196 1711
5367 6661
2601 4281
2326 4524
3349 4507
6187 7369
3641 8207
344 942
2489 3579
6503 6671
3014 4243
553 8713
290 4256
263 5623
4040 7316
1287 7633
7432 7475
434 6630
540 5768
3239 7826
2396 5620
6104 7106
6683 7696
3821 8511
1287 3965
4545 7583
5451 6880
1115 1123
543 2997
2206 5739
6812 7322
307 7556
776 1984
1159 2886
4724 7560
3236 8686
662 6325
3460 4773
3311 4557
327 7564
7166 7485
6196 8260
414 3485
2173 2893
945 5848
5056 7465
749 4678
5699 5933
2769 6118
2396 7698
5531 6343
7199 7699
1880 3427
127 3257
99 8208
2509 5550
387 8193
2923 5812
4520 8370
2564 4283
4055 8588
1608 3451
2880 3278
451 5388
918 1278
1010 2433
5452 8327
1974 4187
1996 8266
3386 6524
2888 6252
2747 3895
6418 7076
2937 5279
4263 4482
1598 3649
1394 8595
958 5833
6704 7628
6395 8659
5716 7032
746 3669
5057 7552
5476 5678
931 5271
5316 8409
2938 6170
3770 6540
6419 6534
928 5223
3632 4783
7852 8319
3467 6798
5340 8611
3134 5928
519 6764
5932 6895
1070 4521
2222 2882
732 6336
5212 8002
2370 4991
805 2239
1820 8901
1713 5165
242 3768
6058 6344
59 4758
1000 2440
2203 3107
743 870
7384 7913
634 8306
285 4861
5433 6641
5907 8603
2210 7277
1165 2799
4274 4439
3398 8050
82 2278
283 2019
2425 7908
3836 4052
1280 5703
1813 2662
3628 8012
4747 6521
5680 8439
1246 1523
5185 7334
1450 8938
2642 7366
4759 6142
2667 8492
2978 4098
742 3073
1560 4264
4668 8341
775 2422
2463 6021
1330 3718
607 6215
5675 6139
1789 1809
1756 7059
2822 5035
2035 4842
2071 3899
3943 7451
135 2897
3616 3747
2960 7061
4691 7241
2324 8205
5410 6330
1922 4095
6957 7200
2727 3033
2783 6991
5523 8598
746 2027
6318 7539
4134 4933
7519 7757
6552 8887
4815 6079
4564 8263
7551 8021
1299 6143
2487 3500
319 3466
2084 8610
920 2810
193 2824
138 5189
6255 8118
5423 6046
2269 4527
3022 7090
5577 6811
5757 6590
7949 8274
4336 4895
2009 7035
2968 3974
1807 7228
367 820
4107 4498
6185 6493
468 3048
3021 8446
127 798
1043 7948
4267 5987
839 4294
1213 7374
901 4047
159 624
1290 5456
2372 4434
3531 3752
55 6270
6912 7414
4402 6416
1225 3115
4133 7676
5468 8690
836 4272
929 6509
4147 8158
516 6202
3016 6516
5031 7009
4302 7687
5192 6542
2865 7111
3680 6989
1770 5505
5279 7430
1513 8548
7438 7968
956 8827
1280 3118
654 1799
1547 6489
877 7740
4959 5529
3905 5855
5764 6487
6978 7825
735 4646
1472 5752
2152 8049
299 4939
7920 8426
201 4522
5778 7922
1868 3894
41 4529
4114 5088
4387 7913
3261 6600
4961 6130
1515 4005
936 7407
1137 5710
2689 4338
6361 7791
2976 6958
576 5031
1334 7514
5762 6672
579 5115
6897 7870
7082 7614
3605 8612
7603 8139
1685 6598
1242 2968
3906 4163
1780 7668
1963 7921
4768 8609
2911 3534
4276 5503
4185 6214
666 2359
4157 6200
801 7232
3947 8305
2438 4165
2862 4439
1871 7343
4311 8160
5157 8929
679 3736
1012 7012
2333 4951
2008 5587
1891 7748
31 2281
6635 7453
56 7704
6074 7122
2601 2836
1403 3737
5096 7845
4014 8475
5227 8224
2074 7148
1651 8737
4485 8009
1834 6809
4893 5539
6332 7854
3896 6956
3409 7414
636 8584
4323 7501
2886 5780
66 4810
1408 7170
3742 5348
3999 8241
2899 6674
3362 7819
1899 4160
15 663
4874 8722
6911 8560
1414 2553
3226 8349
6681 8179
5895 8310
1941 5113
1426 4513
1857 5865
224 8453
1267 4216
261 1376
2204 3723
3197 8679
305 1847
110 4689
1485 5021
298 7124
1493 7773
690 3761
2394 2943
5217 8596
3993 8787
4956 6767
2929 5740
48 2798
2988 8315
2083 7036
485 6423
6096 8372
637 4083
2701 7460
1726 7781
6417 8225
6966 8392
2839 4804
1575 3725
6078 6835
5324 5491
517 5753
4776 6303
2390 3549
2018 7478
6605 7625
47 2620
3114 6537
60 8946
1109 2047
51 6493
4986 7682
2790 5301
1731 4638
2235 6937
1339 7388
2133 5463
414 1881
3204 7715
63 6209
3118 8778
1200 8816
1760 8162
6285 6716
6941 7936
881 6391
2055 5615
4796 5922
2622 4191
3550 6333
4751 7599
2949 8095
4849 7423
852 3399
4389 7924
4352 5059
125 7297
5505 5995
2582 8254
1481 3754
6001 8796
95 6038
1593 6501
7032 8712
88 3052
5084 5317
7561 7660
5401 7546
5472 7574
44 8523
763 4039
3189 8648
2917 5284
1615 1682
3394 5348
5965 7858
5747 6582
1208 1840
1819 5942
4426 7075
2313 5306
2102 3606
3792 7039
2412 7947
1332 5034
2092 7982
3175 5115
3811 3816
4247 8044
6176 6711
1399 3678
847 2088
2866 7508
4460 6295
4725 5846
81 8356
1485 6304
955 7554
3983 5474
4653 4946
2930 6100
4110 8155
3265 6212
2039 6892
474 8892
1759 5241
1605 7167
3307 5530
245 6939
1361 4210
2326 2448
4874 5917
3776 5781
1996 2768
2324 6530
4927 7926
937 6335
714 2017
1736 4162
6160 8808
3494 5394
744 3772
3405 5050
992 2822
142 3050
924 1440
6055 6522
7255 7735
995 7745
1237 2816
811 3284
4045 8007
7337 8481
6225 6896
1984 5934
2123 3988
489 3032
2866 3653
2249 4596
1876 1907
274 3607
290 8775
6706 8358
3562 7140
677 8784
1441 4628
4309 7164
7394 7413
4225 8906
149 726
1685 7556
4847 8707
1391 4719
47 8677
3003 4491
7361 7662
445 2952
2445 2539
3531 7419
5252 8771
2712 6952
7659 8061
1748 7654
2832 4400
2949 7834
6805 8091
2200 4980
2700 6778
188 5627
2181 6076
113 2403
4590 8378
8246 8878
1365 4494
1536 3207
3231 3691
1735 4181
2224 6119
2447 2595
3057 6712
1123 7002
1069 5865
6242 6551
5477 7932
4360 5856
1699 1944
1269 2459
2579 3270
54 6514
266 4085
3186 3290
4656 7874
6595 8815
2221 8216
2595 7746
6957 8092
1932 4588
2228 2605
4696 7285
1527 8562
5532 6491
3342 8423
784 7365
263 1451
3768 5823
861 3113
6 241
1369 3366
3600 8293
2177 4915
5323 8481
342 506
2444 8260
4637 8377
2705 7990
1637 8063
2913 3677
938 4698
599 1600
3688 7492
3267 6480
3640 6533
3104 4552
5919 5975
6118 7450
1344 2470
211 4638
2498 7420
1447 4850
6725 8699
2316 5152
4550 7750
2489 6575
5921 6035
2143 3587
2373 8386
1390 6898
646 4214
2515 7936
633 7967
830 4893
1306 2149
7587 8896
1940 4689
1313 1594
3404 6422
2909 6392
3731 6124
1666 3294
5199 6004
477 7455
497 6599
5988 6693
2461 7418
458 6867
444 6265
6288 6650
1987 6494
5091 7391
1633 8610
2299 7607
2404 4712
3171 7688
810 2711
2296 3073
3399 4422
2880 7857
1783 1800
2196 7949
3768 5381
617 8801
25 1792
725 2070
104 7157
2357 4646
1689 4853
5213 8519
5210 8028
2208 8081
3921 8023
2802 7918
3217 6708
4493 7886
1564 2536
212 3879
5589 8336
2873 6229
7518 8847
879 4996
3188 4414
179 2223
4619 5564
2015 6978
382 6631
1738 7597
567 4579
2780 6868
667 7070
3633 8905
707 3115
1788 3336
7616 8232
587 7502
175 2704
3694 6749
1224 4566
366 6241
5971 8240
4585 7650
5289 6046
3496 6380
1057 4571
4390 8457
1821 2425
1955 3237
921 7514
1018 4332
2271 6183
1317 3305
2782 5387
7083 8880
2005 4722
1351 8433
2271 5098
5146 7921
1528 1629
5261 8014
4748 6589
7257 8063
2979 7627
3336 4333
1391 1835
1833 1925
3473 8224
5707 8743
1622 4528
1038 5398
2338 4191
926 2045
4356 8789
6277 6976
7663 8364
492 5305
4852 6302
2789 8904
7765 8400
4575 5135
2573 7575
3822 4054
181 4514
5987 8732
6445 8003
83 6570
1484 8380
2259 3742
4001 5147
4122 5640
5014 7253
5187 7214
1169 4415
1719 1929
2659 8937
8917 8944
4051 6094
8121 8429
3407 5804
6083 7557
4792 5968
2993 8910
859 2269
3139 5614
271 8109
3706 5529
2152 7676
3390 5955
14 839
5079 8475
2295 6649
142 7816
3635 6725
443 8409
964 2792
4571 5070
3711 6271
4467 8898
1728 8384
2548 5484
2042 2302
1797 8905
4672 6710
5180 7579
1218 2667
1849 5620
146 8310
4157 4971
1078 4961
4209 6895
6222 6406
1167 3722
4755 7767
4516 5224
216 736
1678 4573
1981 4966
3055 5411
5984 7234
564 7716
6932 8364
4685 6736
1536 6438
7218 8548
2382 6859
3168 8455
5046 7370
4646 5663
3787 4169
5204 7585
1033 3979
4617 5312
6924 8468
3379 5201
5611 6678
5275 5968
375 2485
5415 8016
6286 8582
3051 8375
968 1251
3774 4051
4121 4653
3774 8456
3064 7092
574 7480
926 6050
1517 6533
3282 7001
3126 3659
313 4468
1055 7942
74 3175
2270 2345
5337 6360
1090 2310
4761 7825
6156 6637
5296 7800
3370 8163
3106 8514
6567 7604
5830 7358
3519 6817
3173 5658
618 8001
1878 5347
1217 5321
8017 8414
2288 2470
6122 7033
4066 6379
3312 6516
694 6503
6200 8462
452 4417
4700 5551
486 2227
4008 4610
4191 7661
4012 7275
892 8398
5359 6681
3152 7838
1528 3515
1817 5526
67 8643
6696 7775
4669 7616
3338 8758
3550 3963
4270 5755
4486 5888
473 3599
4079 4302
3297 5093
2211 3735
2040 8764
1637 4090
4583 6816
3482 6400
1519 2380
888 3331
3195 4824
1369 7219
427 988
2381 6853
1769 3721
3415 7744
3311 7520
5571 7012
3931 3937
7712 7849
1493 7399
792 2385
4024 5659
183 4634
6662 6736
6017 8948
2484 4575
2729 8130
2329 5813
1258 5067
3908 7669
1339 7363
4809 5038
36 6541
3491 8781
694 2860
6426 8355
3399 7543
480 2814
874 7336
6442 6637
7612 7703
7922 8576
5328 6147
3045 4809
5573 6558
1045 6520
81 426
1086 8874
6892 7350
343 3056
2266 2435
5554 8297
3075 6077
5122 5701
884 1316
8120 8286
5426 6775
140 4523
5572 7977
6259 6449
2528 6507
167 7314
166 2028
1319 1782
1709 6816
5196 7831
1986 2218
1490 8219
355 536
5610 8467
3888 3912
943 5574
4715 8162
2789 3284
1113 7272
66 935
5646 6242
6265 6581
1361 2080
5757 7566
4174 4488
335 5986
2674 4854
2124 3085
1873 4513
4595 6851
5480 8845
5541 8820
551 8588
2326 8286
3528 6649
2045 5550
98 3151
644 5055
6608 8455
861 7319
4465 5863
2109 3275
761 4668
112 5945
3825 8932
2778 7973
2535 4590
6221 6832
6829 7415
7875 8404
554 5695
1864 4922
4870 7718
3454 3806
1859 3775
4343 8693
84 5027
2191 8501
7101 8904
880 5448
2568 7178
1415 2088
130 1881
5396 6384
906 8351
2700 7387
5001 5372
4378 6447
1130 1905
7805 7859
4004 8894
3925 7247
889 6642
4508 7664
917 5813
706 1281
2314 6795
2738 8299
2317 3346
2121 5037
3726 7139
1186 8039
1558 3761
5230 6397
3731 6264
375 8219
5093 6497
1751 6424
4058 4975
3576 8246
4134 4923
1003 3029
1560 8944
3824 4297
1018 1616
1048 1645
3328 6176
1989 3862
4843 6301
854 6339
7248 8178
7609 7685
968 4231
1144 6016
8592 8675
3104 8300
1695 6009
4770 4906
372 6357
125 1332
1054 1314
208 7186
2592 8440
4146 7676
97 5732
5524 6249
4553 5722
5554 7293
390 1238
133 2867
210 3540
4392 4952
5357 7444
989 4401
1130 2867
5122 8405
2467 3040
2241 2386
370 5412
6824 7614
3740 6575
122 1011
3084 7545
1796 2287
2497 8851
3047 5456
1234 3478
6927 7175
5519 6248
1199 5916
3672 8702
7178 7458
7568 7642
3006 6474
5514 8524
5900 6771
1833 4982
7 5906
2752 4915
2704 7814
79 6094
957 8153
1633 3441
530 4793
4643 7783
151 4391
1790 2237
971 2785
409 2049
940 4232
2144 6019
5851 8359
4009 8856
1017 3745
4929 7037
7008 7529
539 3886
4736 8460
3723 8175
4263 6177
4615 5027
470 3501
6628 8181
5014 7933
1269 6800
6214 7760
2233 6523
1072 4137
2729 6717
381 6251
3042 8191
5253 7746
5222 8676
481 1478
5797 6708
1327 3660
4568 8407
5109 8854
3315 6469
2079 8362
123 1048
3830 8190
3519 5122
1242 4313
144 5284
1554 6726
1522 8555
301 3844
5479 7882
3338 5618
4857 5218
345 5546
900 8633
370 1960
225 3264
2407 7802
1145 5317
8 6501
1831 6091
3821 7677
4028 4420
2377 7887
803 4521
1015 6118
685 1783
1874 7963
1552 4798
2218 2521
1127 4795
3586 8769
289 5799
2986 5230
2646 8207
7742 8395
625 8344
6721 8720
260 5432
1173 7244
3135 8752
994 3602
539 2899
3792 5020
3099 8382
1335 6297
590 6450
7194 7280
2596 8189
5819 7360
876 1964
843 2411
2928 5961
1004 1154
7129 8637
4208 5813
1696 4219
479 5004
652 6628
1502 6385
3598 6017
6166 8723
2317 2520
3613 4607
510 2029
3756 4832
3358 6373
1843 8625
2149 5543
2687 4120
7156 7196
7476 7939
636 7766
3400 5154
4556 5655
1619 6023
3188 5239
288 4381
3414 7586
1332 7042
4986 5987
706 4358
6780 7939
5126 8923
2921 7241
1240 7173
183 7595
7479 7857
862 919
3555 7290
1034 7490
2253 7430
755 5981
1173 5884
1816 2356
1255 3514
3337 7268
5758 6165
1617 1901
1532 8479
3120 5018
568 5840
3181 4458
788 4396
7546 7771
5505 6020
2325 6936
2099 3730
5628 6542
2120 2233
1476 4683
7636 7806
709 4140
6110 8573
6647 6747
7144 8157
3163 7984
1162 5612
1007 8594
2170 3804
49 5758
848 8317
2154 3594
171 7904
2167 7290
3361 4864
5286 7630
3490 7737
4166 6349
3856 7049
7262 8830
2242 2954
2273 7374
3574 6438
4014 5731
4126 4413
2616 8194
6435 6849
3729 5605
3406 6163
279 5659
4305 8063
8 558
3031 3332
2120 2158
6392 6625
662 6092
4191 8714
1777 5210
2124 6023
109 7111
7281 7896
136 4580
5549 8367
1803 7410
1499 7162
2337 5817
2505 4452
1015 5598
706 8809
2209 6388
1259 1588
6155 7146
7147 7775
244 4101
1546 2115
1861 7789
3003 7203
3096 3906
1328 6908
1959 7532
134 1883
7808 8379
5608 6035
3201 7243
1208 4194
6714 8654
113 1605
2775 6875
529 6104
2920 5689
6506 8442
7623 8515
7200 8385
41 8848
428 6946
3380 4239
5406 7584
540 5303
4762 8242
6258 7373
4971 6655
2259 8931
5631 8446
2489 6401
3708 7757
1654 4188
8182 8913
82 1508
3082 5591
6057 8952
2006 5685
161 2830
4125 4126
851 6947
23 8059
8134 8667
1879 7437
610 7013
835 5469
1891 3982
77 2010
412 4884
3477 8044
5361 8160
2976 4350
3451 6260
480 2530
518 2347
4144 5885
3210 8740
2970 6772
3189 4790
5110 5331
2396 4389
4697 7019
5366 8480
7602 8507
2004 7527
417 874
77 1808
2996 7300
825 3711
103 6913
4038 6819
973 3414
1414 8886
5314 8863
3222 5128
721 4326
3151 3554
2918 8765
546 8398
2360 8291
1846 7901
438 4404
3249 4207
1693 1842
131 6395
3472 5177
6540 7620
6976 8613
1534 5865
1928 6248
3057 6272
1134 5511
1415 2419
5237 5449
5546 6330
6007 8172
1289 8077
567 1561
4822 7485
1106 8270
2476 7014
28 821
2317 3792
861 7245
1754 2045
2587 3595
2179 2257
5208 8776
2965 5838
3433 6456
1413 5862
1414 4284
6471 7317
4395 7201
1681 8509
141 3592
1202 6515
549 8950
7571 8039
2262 8379
527 5619
649 3164
1075 3703
4479 8359
2915 4487
1172 1463
1229 8254
380 2570
185 3830
6866 7961
3842 3957
4510 6520
685 5198
666 2641
3643 6845
951 6367
138 589
2727 3790
2221 8887
1463 5785
5024 8112
456 3884
2064 8898
5290 7088
7505 8312
3311 7909
1584 7276
3622 3729
447 5725
2110 2246
3636 7191
465 3626
546 8332
3259 8675
629 8692
53 4308
4441 8877
7105 7700
6097 7798
4635 5267
1748 7077
2017 4004
4372 8631
4262 7284
3158 8759
3814 5300
4524 7055
6361 7310
314 1154
557 6800
4609 7501
2035 3342
2475 7299
1373 7054
1255 6479
4683 7153
2722 8389
4907 7660
3799 6318
1478 3525
2362 8144
6297 7440
4379 5713
2504 4984
273 8857
990 6542
2702 6827
6238 7423
665 6179
3964 7901
1021 5319
3267 5013
618 1741
3962 7970
987 2436
999 5145
2676 4546
3372 3779
2093 2339
1795 3917
490 2254
5577 8103
4361 7686
816 4023
1838 2275
7171 8094
5629 8138
7696 7943
4806 7576
4115 7795
2130 7810
775 8368
1802 2026
368 661
279 7386
5654 7255
6582 7768
6748 6866
2137 5644
981 4796
1082 5577
3095 8900
549 1697
331 7154
2079 5341
28 5841
514 3606
4565 5280
3054 8738
3303 5130
725 2298
2795 3112
3736 6672
2563 3204
2758 3803
1602 2758
620 1995
2013 3571
2175 2748
2287 8593
594 1204
4893 6670
1390 7163
6595 8014
6975 7453
645 5981
1526 6701
2531 5408
125 2211
1543 8720
313 3335
4869 7881
6779 7837
782 2791
568 5849
3883 6825
996 4195
54 8520
7334 8540
118 4235
6034 6783
2389 7651
1039 7776
2450 6629
4846 8351
1886 4788
3095 8550
4943 7136
3592 6561
2602 4993
1837 2039
3397 8261
3946 6590
5112 7524
328 3055
1498 5964
1244 8212
5044 6929
113 7839
3644 3931
244 3821
1317 4462
1824 2840
3745 8526
6266 7870
6849 6971
5350 8174
4978 5255
1474 3867
2139 6508
1600 5143
3048 7028
2404 2975
4973 7408
5936 7394
1746 2810
1564 8932
1511 5863
546 1367
1555 7670
1030 8311
2216 2764
2746 7817
5469 6643
2635 6059
2867 7939
1395 6263
4419 8146
4567 8615
3843 8485
4743 5037
6904 7362
3367 7476
8106 8512
2401 8354
825 892
2606 3705
71 1783
1734 7625
1402 2082
2003 3566
2695 3558
1311 5582
874 3700
2565 7967
439 1166
416 4860
5653 7844
4297 6221
6142 8491
4151 5272
5515 5793
627 6462
6412 7949
3488 7932
623 2146
1370 2607
131 7234
6933 8247
895 4744
879 5782
1580 8440
3446 7204
2105 3018
3 3342
5967 7577
3809 5488
2277 6989
6393 8557
184 675
1865 7722
5086 5606
2254 6189
364 1863
640 7731
6298 7642
5733 6264
6266 7472
7321 8437
1372 1772
214 5739
5321 5439
2979 5564
4216 5784
1231 2170
734 6420
1066 5473
5741 8555
4897 8482
478 7161
4543 4627
3041 5233
2764 7484
734 5127
2186 8004
5188 6973
3563 5729
3528 4193
4705 8011
192 5057
2155 4276
6027 6031
1617 6871
5455 6406
3392 5681
2707 8482
2749 3209
144 886
1965 5535
41 4145
3479 7900
1852 3030
818 8026
5456 8412
399 6925
3194 4213
5094 7660
2540 6981
2436 7744
2853 3597
7080 8611
1336 2371
5904 6763
3315 5826
3078 6092
7695 8415
4689 8608
2387 7400
609 8699
5009 8614
565 6706
7829 7839
6503 6911
3764 6962
2194 5277
7466 8619
2844 7006
1430 5336
5197 6652
3341 3520
3872 5439
3452 8476
3178 4130
1550 6960
975 1407
2487 5060
222 2098
3543 6114
4303 8149
241 4924
6712 7156
2420 4609
751 2322
5312 7477
1011 2888
298 6573
142 4145
269 962
3147 5510
5330 5385
1473 3819
803 2849
1700 2417
5632 8415
1337 2206
834 8700
3948 6429
1363 7285
3350 4688
8120 8334
5147 8944
2097 7075
758 2789
5288 8566
237 4320
4249 7675
4992 6477
639 3776
3510 4166
7998 8798
1907 3434
647 8033
1297 5147
3560 5839
3783 6420
813 1331
5181 8855
5250 8076
2825 4919
5278 8676
5927 7455
2271 4531
3776 5974
2802 7938
1302 1779
3610 8631
5712 6327
1064 1726
834 8884
1818 2472
1603 7845
537 7788
1648 5776
1220 3814
4533 8270
1936 6313
1263 8924
8069 8123
2904 7428
3122 5226
7150 8712
450 2801
5556 5843
2945 5896
4665 8181
1181 2903
3687 7353
2404 6069
1934 6084
2538 4592
1488 6043
1111 7653
1104 2365
24 3060
1792 8891
4856 8808
4949 5910
2737 6953
1513 2936
3051 8122
325 5494
4155 7402
94 7257
3245 5963
7118 8937
565 2059
3357 6563
6744 8336
581 7127
4674 5662
657 5054
1320 8888
1805 8490
4664 6402
1671 3877
5755 8800
238 4568
5327 7513
3340 5842
6251 7214
3205 3730
984 7041
2880 3529
3839 4086
6111 7809
1240 2277
1092 4105
655 5130
7356 7708
111 7934
4759 5851
1069 2976
1743 2717
604 8140
878 6300
2003 7204
2234 4537
4457 5364
462 2739
4340 4622
710 7263
2794 6714
4907 6103
2251 6069
1377 1935
7354 7875
19 8188
329 6134
496 8572
3394 4431
2883 7001
2397 3043
4279 5093
3111 6414
559 1510
470 4106
5463 5734
5614 7806
474 5033
852 6663
6873 7623
1977 4176
5306 6269
1474 2486
770 2309
4081 4994
1705 2147
1752 8010
473 3743
1744 5716
4280 8204
3865 6204
5599 6804
3932 5321
1627 5803
1640 8625
1586 8607
1602 8654
6893 8892
864 8810
1200 7474
5466 6422
259 7543
2815 3010
3370 6267
930 1727
6945 7647
812 1856
2087 2114
4297 6135
4930 7282
667 5542
875 7074
4064 5855
7721 8323
4229 8110
1772 5016
3526 3832
7144 7228
463 7762
6067 8376
3105 4336
2285 7594
5225 6256
3815 4166
4632 7937
1082 7759
3471 7509
6781 7502
6133 8263
2684 8213
3574 4368
5997 8757
4763 8945
1515 4315
1734 3637
2783 7411
5975 7717
75 1685
3250 6449
516 2464
7288 8283
7519 7848
2101 4539
504 8879
3671 3897
3580 8488
3477 3880
1482 3552
1423 1969
1858 3212
4206 8599
1271 2934
120 8601
1646 4768
974 1938
887 1287
3959 4739
4742 6425
3597 4894
599 3517
1446 8761
2086 7897
4448 7335
7246 7452
4361 4620
139 1296
1340 5518
4539 4648
7407 7938
3596 4510
5521 7585
5858 6664
3307 3833
5814 7914
6821 8716
4703 6092
5940 7145
295 5872
1627 7723
5591 7999
1094 5053
954 2447
7761 8533
3518 7924
4642 6807
3150 6934
465 3964
1610 7237
3994 4680
6230 6925
838 2968
6568 7075
487 6233
2058 7999
5534 8745
585 3224
3022 7382
5050 8875
8148 8352
502 3327
6577 7442
904 982
3077 3276
3926 8326
6142 6499
456 6479
625 8453
7653 8754
7138 8435
6536 8711
2513 7915
2268 5098
5604 5740
5130 8707
1016 1843
2725 5583
3093 7130
2073 5946
653 8880
3528 7289
2243 5394
3277 4728
3826 6464
6570 6850
4551 7095
3264 7203
497 6289
544 1387
2439 5868
2321 7313
642 1403
7380 8526
5713 6544
7683 7751
5205 8019
453 4356
1088 6046
5042 6618
4950 8392
5318 8600
3255 8148
2192 6397
1079 2127
3095 5392
4426 8754
1988 7738
2800 8142
4132 5461
2006 7990
3137 5543
4148 4700
1039 8425
1728 6018
6540 8058
1124 1168
3835 4167
455 4809
4033 7952
2111 3568
7615 8204
1083 4533
1226 8366
6857 8249
5448 5639
5032 6250
2822 3015
5954 7813
5829 6906
7555 8018
4769 5834
2251 4463
5136 6237
7480 7749
2514 6492
35 4918
1914 3079
42 3363
71 2562
344 4178
3481 4161
766 2136
5516 8619
6129 7783
1638 8276
1944 8883
8007 8794
1059 2671
433 3737
51 7980
1279 8061
3995 4748
4059 6776
4618 7130
2997 3813
1302 8318
1236 1897
4435 7191
2819 7745
1028 4637
4203 8578
878 1394
5554 7971
3524 4644
1624 6972
570 4315
6162 6666
2532 6856
3801 8192
867 6982
607 5459
3299 6159
2034 7696
3620 5104
3139 6243
1725 7635
3024 4529
1750 7845
2020 7305
2025 3527
2440 8169
2388 4971
1232 5108
40 5956
183 809
178 6836
673 1619
915 5568
4755 5082
1500 2174
226 1739
2524 8396
1064 8060
2506 6258
8014 8730
3920 7512
2807 8759
3507 8593
1096 1933
2258 8813
6259 8071
43 6820
7265 7647
825 2136
3473 4242
2538 5837
812 6102
620 2174
3346 7415
5046 7856
2968 3240
774 8597
1664 7431
7490 8739
265 7962
425 5388
5118 5771
2343 7071
2477 4786
1778 4302
772 5617
1768 4160
1601 4156
3677 8742
354 6187
2438 7359
243 1468
1609 7025
8104 8495
118 5690
7552 7704
251 2078
6052 6706
7089 7751
5766 8264
6596 8299
7098 7997
661 4148
1785 1887
4496 7898
753 8747
4400 7327
2016 7103
4852 6950
4960 8295
7184 8019
1288 2176
3927 6320
53 5836
2592 7557
2341 4952
2689 8604
7762 8574
1416 2827
1773 2798
5440 6337
4156 8592
3028 8901
4521 4685
1204 5698
522 5018
341 4273
4048 4451
2815 6641
2381 3214
2820 2862
901 4957
5114 7279
6184 7308
5050 8653
574 6004
3439 8647
4302 6331
3379 7578
3412 5936
336 6346
345 3969
824 5785
2764 5475
3346 5680
7018 7875
4623 7835
430 4984
4681 7837
2022 8037
976 1348
3817 5066
5428 6820
2156 7700
696 1493
3138 3501
2485 7751
5848 6358
2197 7684
4197 5046
1360 8945
5121 6415
4644 8467
4898 7425
802 6066
6455 7915
624 6831
815 6507
440 7294
2041 3316
1021 2546
1336 3014
1494 3251
2931 4845
2879 8515
4248 4799
4998 7388
2583 3034
4237 6869
282 2613
2957 3778
3888 7174
4504 8715
4769 5209
6440 7827
5840 6028
4255 8915
3396 5234
845 7701
1962 7910
4221 6327
1118 1572
502 4034
2427 2818
5892 8170
6081 8608
3767 5552
1785 7701
3302 7522
7811 8531
6207 6538
4699 6389
3609 4304
426 4561
2161 4025
32 4390
3402 6348
2046 2541
1879 4094
526 5568
1827 2162
596 6000
2452 6176
4801 4835
5800 6021
3162 7389
353 1811
5721 6488
1703 7531
4330 4467
3140 7053
1562 8094
3310 4848
1976 4684
6086 7690
1188 1812
649 1080
1196 7988
3144 5103
2679 6345
1315 3627
4336 4546
1108 8847
5113 6593
745 1392
5950 7772
380 393
654 7833
2984 3193
3197 4334
2542 4904
1533 6870
4241 6694
2645 5591
5791 7062
1708 8641
5994 6279
2083 7320
3285 4029
1412 3868
7117 8639
4300 6107
2073 4579
312 5630
5802 6155
4562 8369
7287 7672
2139 7587
1776 6530
3047 7851
6090 8624
853 2445
705 8424
579 6755
54 6743
2106 8856
3508 7809
1576 6155
1006 6902
3655 6372
2777 8549
4099 6061
3432 4774
6450 6979
1454 7129
711 6404
5175 6802
5831 8899
7600 8098
6828 7511
4783 7177
5151 8837
3940 7843
5105 5166
4087 6435
8624 8920
1379 7122
1422 5578
4501 5226
2994 7471
5596 7911
4103 6128
5192 6357
2597 8378
1150 1473
3862 5677
6676 7196
487 2047
4379 5757
5962 6787
863 8602
3602 4836
1012 5386
1551 8780
3015 3862
3180 4086
463 7818
1600 5739
1026 6487
2693 3493
4200 7563
2664 4988
182 2103
2891 4089
4511 4829
440 6168
2587 6275
1396 6845
711 7396
5636 6632
1057 1976
1460 4619
1669 1799
1175 8278
6917 8532
2421 2491
3230 4151
1095 4100
3233 3622
687 3818
8453 8647
1763 6930
3273 3373
8222 8824
3295 4833
1926 5602
1475 3865
902 6302
3461 5969
7595 8356
224 6184
2013 7463
985 4594
1054 8583
1112 4067
1809 7311
2753 8241
1089 3675
5726 6074
7265 8874
6559 8741
1218 6322
6971 7528
472 1924
1380 5859
3989 8173
4833 8847
1499 7829
5991 6273
603 3888
2140 2484
1896 2558
4250 6280
8255 8317
1341 2898
550 5729
134 3627
7392 8610
350 8789
1364 8512
3201 3230
1686 3671
1514 6250
1472 8809
1161 8899
2106 6226
4419 7225
1114 6688
830 4045
786 2390
258 2672
4659 6994
686 4429
278 4727
3355 3765
1560 8351
1931 5178
4540 6423
4190 4814
3730 4312
727 2457
2671 7367
838 4330
6068 8464
206 6773
287 2232
2070 4729
3181 5377
6531 7741
1606 3834
1303 1401
3341 7443
1902 3230
82 920
4628 5127
2626 8386
3301 7232
3437 7399
7433 7862
1359 2458
3731 6584
7586 7824
2551 5239
6525 7652
4537 8544
5843 8865
96 7227
3836 8801
1312 6085
3045 6680
2241 5507
2277 5924
512 7292
2825 3467
2967 6679
819 4681
8 4156
6385 8835
3503 7265
298 1287
3887 6638
4578 7702
2728 3784
2805 6224
4220 7705
6077 8866
1456 1849
2401 4746
1350 2675
6681 6890
3927 8292
3813 5781
273 6294
8177 8737
990 8116
3854 6214
1170 4878
4014 4339
1119 2198
5985 6324
330 1505
151 6920
3035 7538
5953 8726
6032 7766
1310 2962
6145 8587
2244 4193
828 5015
2069 7901
508 3382
5335 7391
2014 8611
3599 3862
606 1757
5026 5757
151 2098
927 3251
3613 4449
1213 1712
1629 8744
1228 4794
2945 8098
3181 8335
1178 6799
1483 7489
2987 3379
4582 8204
6700 8269
5883 6056
1567 7470
4911 7421
2167 3253
6713 8629
3021 4908
4028 7837
4546 7178
560 934
4274 4292
205 3026
1999 2571
2417 6883
1535 6371
7743 8522
857 7338
5387 5772
258 4003
8676 8780
1882 4676
4716 7713
1254 7097
2833 6853
450 2969
5294 8675
4760 8278
7839 8339
471 5560
1378 8621
1771 6508
4067 4876
302 2348
947 7558
4753 8304
3589 4085
4191 4549
3504 8687
428 7995
2178 5546
2714 3652
383 2461
2261 5203
1261 8934
2489 6186
58 3082
1595 3421
5842 8212
6898 8292
3046 5639
78 3522
1859 2171
2725 3001
4489 6716
5322 8079
2143 5899
5617 7216
6100 8714
1971 3834
5382 7527
464 4255
1460 6324
1674 6233
1820 8130
2466 5409
7155 8944
4582 7047
3733 8002
7434 8877
4574 7027
794 7766
4016 4347
3348 5351
5341 5412
1733 8749
2935 5572
8262 8393
4887 5475
4286 8590
1510 4724
4280 7302
4356 6656
894 4005
1009 6318
3166 3959
2679 4367
4440 7917
8041 8338
2595 7123
5375 7238
4035 4516
39 2687
2677 8824
1143 4346
548 2422
1861 5346
7235 7935
1360 1429
1729 3875
4995 6414
4530 6967
1034 1830
4879 6505
6221 7052
4490 4512
1226 2098
3919 8943
3853 4945
963 2077
7533 8715
1916 4386
499 1776
6206 6716
6117 8098
1132 1523
1120 4917
6692 6793
1290 5896
6702 6817
6415 6819
2193 4983
1223 3890
4912 8880
6149 8653
4167 8250
1987 5935
4900 6025
4526 5520
3003 4481
740 3834
2649 6963
4734 7672
4845 7664
2274 6824
2065 5513
1605 3186
66 4579
2202 5279
422 4290
2253 7348
4485 8355
5430 7177
981 2012
3848 6829
3652 6079
674 4925
3170 3640
4113 4531
2799 7250
3216 4456
4688 6995
7263 7922
7536 8476
1275 4418
6810 8597
25 2274
2826 6916
2740 2748
3963 8812
1421 3162
502 3634
3091 4252
1510 8640
4821 5699
1310 2500
3609 3779
4114 5997
1831 4347
1 6760
107 5814
392 6013
3078 5488
2771 5637
3407 3597
1503 2580
7063 8382
87 7534
1221 7979
7243 8085
6627 7103
7 6964
2230 3248
1088 2832
6935 7283
4423 7267
1216 4482
911 5352
2280 5847
1096 8873
8084 8749
4339 6689
1710 6434
537 3648
611 7667
1195 6268
1126 3824
5806 6410
1758 2252
1758 7844
4234 6762
4453 8304
3657 6614
3504 5436
1067 4177
5251 5441
4437 8278
2233 5726
2442 7087
4658 7459
3852 5276
961 7880
1696 5427
3340 3393
2183 8125
4081 8050
2365 6638
3956 8629
1156 2021
1888 6669
1823 6940
4850 7498
333 2111
1563 6186
592 6362
844 4055
6372 7857
432 7230
769 3752
3366 4622
4059 5078
1965 3564
4092 5739
3826 5041
1824 7331
260 2068
369 6224
6093 8250
2066 8055
1623 8100
2461 4407
6173 6368
3498 4793
2529 7502
3710 5167
8090 8514
4805 8303
1269 7785
4496 5714
1962 4045
2049 6177
4517 7318
227 7298
1775 3045
1555 6657
2807 3281
3820 6358
185 3960
2900 4757
1639 6450
5829 8328
1686 8465
1879 3311
505 2110
1388 3993
7289 8395
3313 7892
7139 7977
3893 8890
782 2517
3704 4877
2935 4713
3733 7030
6543 8568
2347 7925
1330 1706
3577 8180
4345 7752
320 2238
103 940
5068 8766
934 7592
1764 7525
1968 8349
104 4177
3433 8347
4507 5352
2323 3425
7173 8634
2181 6479
5538 6807
2165 2466
1912 8222
1976 7569
486 1644
6358 6687
5090 8568
2714 5119
1363 2669
672 862
2431 6972
1445 4594
3404 6463
1255 4143
4362 5804
419 502
6918 7919
3329 6459
2872 7443
3037 8755
229 850
2476 3500
3382 7100
3594 8071
2416 7614
340 4878
2241 6137
6312 8672
1178 2042
716 3604
2933 6757
459 1772
8203 8276
5651 6951
6055 8125
3511 5622
619 5964
1979 7902
1258 4170
752 7927
6417 8655
2762 3362
1657 6889
1304 3092
2906 8022
4476 5815
856 7401
2456 2487
304 7758
7652 7739
2913 7329
1099 3860
1252 7298
4328 7107
1822 7621
3183 8029
4502 7205
946 6188
758 2652
2604 2716
5579 8127
4349 7351
55 787
2065 8630
338 4576
1192 7552
2166 2622
1746 5132
7539 8866
4887 6089
5175 5180
1067 3352
2293 6652
110 1762
2522 7212
3029 8285
4816 7486
3488 4483
196 8777
829 5465
3325 8221
6386 8435
3333 4594
309 4469
57 8825
3343 5097
2318 8248
5599 8473
2330 6794
928 5403
371 3054
1621 3098
4144 8043
1063 8466
2665 2686
4627 6277
4502 7577
3053 8040
891 1478
2465 3251
2871 6359
1017 4407
2858 7324
2272 7385
6454 8826
1343 2969
3844 6036
5983 6427
3328 8607
5739 6163
5886 8259
1270 8683
2128 8263
5761 5995
1877 8433
2770 3085
1152 2916
463 7575
290 5450
7020 7369
2847 7822
780 7200
128 1914
5947 8056
3930 5936
2327 5327
1963 7185
2421 4164
7709 7952
3316 7847
6323 7127
6305 6756
2850 3464
5063 8805
1829 6638
985 3089
1740 2048
1097 6545
2095 3633
2929 4701
7720 8777
3679 4821
791 1495
3659 5832
7434 8871
1385 8330
3028 4975
515 4270
2794 8463
6915 7224
3585 8252
3931 6877
4675 7741
5549 6593
5832 7850
4070 6579
4122 7926
1461 7016
2664 4836
716 4863
3328 8529
2400 4027
6487 8484
6033 7353
687 8361
7347 8466
5057 5737
1438 6031
455 8185
684 6101
3211 5251
5790 7116
3116 7536
30 5431
316 2171
4821 6008
6411 6701
6013 6483
1429 5376
1501 6578
1220 4787
1676 6821
584 8224
3875 4934
2351 8118
7857 8422
3770 7571
4189 4392
2702 4737
1185 1217
1319 8685
6403 6732
2141 6999
1528 6512
2560 3941
3604 8275
4248 7010
2427 5571
4956 7899
4434 6016
2090 2636
856 8860
3959 5779
5729 7476
1611 1707
1690 3834
52 2996
643 2806
4171 8591
4680 4927
61 1065
2405 3715
4073 7750
2855 8467
2829 3749
5819 8047
3618 5770
7152 8147
7248 8168
1994 5219
764 5051
563 6974
7158 7371
7199 7914
8103 8112
4082 8061
130 2547
2535 5324
1196 1917
4602 6090
205 8120
1981 3981
6147 6587
5196 8811
3417 4518
5191 7917
6751 7608
5085 5203
249 7816
3453 8390
332 4360
1829 3103
920 2138
6321 8930
3116 3989
4265 4581
5374 7003
5181 7837
756 6258
1917 3076
3724 6458
4084 4316
1280 2918
6202 8329
6454 6755
3910 7052
516 3143
571 5415
6777 7912
3166 3635
2224 7269
8494 8663
226 3805
7795 8483
2392 4949
4624 5867
2991 5757
1115 5036
2933 8256
6865 8635
3124 7013
503 873
1468 3426
4964 6041
6600 8756
3752 7940
4830 8004
4931 5897
6034 6639
3810 7155
2430 8282
1134 2831
2882 7989
1040 2520
3269 4973
872 5231
3779 7596
129 5658
4497 8623
2706 8915
7196 7768
3941 5263
4581 5221
76 7406
616 5470
3534 5274
1052 2864
5278 8093
3752 8258
1967 2146
6140 7256
2067 6120
4095 5949
3922 5325
176 1909
3977 7500
5392 7216
2201 4151
417 3873
8023 8219
1556 1720
2511 3157
1552 6634
6028 6187
790 3066
3703 7882
6681 7446
2440 6220
1305 6445
4632 8205
5482 8140
707 3559
4647 4916
3933 6058
7214 8578
6098 7162
3789 7977
6177 8671
1221 3177
4218 5102
741 3049
2038 4520
1710 2713
3468 5708
4230 8613
3306 6157
2352 6207
3455 4091
1524 1775
2493 7801
5507 6764
217 4522
6458 7420
3319 5217
3001 4779
229 2056
3859 5847
5083 5772
2114 2453
6906 7611
1216 4019
2989 7471
275 7587
2112 3774
3480 5220
1667 8190
2819 3858
1383 8875
5902 6130
1307 3612
188 3399
965 7278
6757 7916
799 1413
5960 7547
1554 5948
2362 3656
3745 4301
2627 3014
1078 8410
4717 4754
2975 6616
1166 3782
1968 3288
2017 5931
1093 5124
5195 7017
51 4165
7563 8455
4929 7581
5490 6980
2118 3022
605 5751
6057 8470
1267 6457
475 4775
1931 5344
8126 8668
2709 4421
258 6556
1959 8376
711 1047
283 320
3546 4179
2314 6644
3975 5872
2260 7076
3605 7605
3318 6612
1941 6760
564 7114
1110 1982
4778 5349
343 3546
3353 4461
349 1419
3483 4184
3493 7835
3043 6936
721 7350
3898 5534
7888 8494
1785 3027
3390 4192
2966 8405
3510 7045
1853 3389
5103 6326
562 1664
988 7429
2253 7747
3039 5684
3216 7304
672 4460
73 2815
1010 4126
7055 7927
622 8287
3554 4017
3983 6266
2325 6455
1990 1995
2754 7043
2820 6974
1300 7542
5487 8158
7864 8318
1260 2621
3597 5149
4493 8230
6902 8493
183 7642
4281 7105
149 4520
6148 7705
2863 7878
1384 8309
709 3145
230 5547
3546 5642
1876 6806
1942 8612
2340 4376
7431 7436
385 4740
1477 6905
2790 7530
2606 3528
831 6194
3496 5392
3252 5805
38 1899
3054 6626
5074 7255
6545 6880
1035 3716
1736 6207
4885 7360
8243 8287
2333 6549
2586 4738
2933 4582
4652 6832
5885 6017
3465 4456
5357 7462
1770 6144
3670 5721
2589 4638
813 1982
4116 8235
6450 6884
435 4697
1169 8816
4981 7755
2731 7939
2066 7125
1585 6660
5835 6833
741 8641
2420 4726
2002 4766
5768 7116
2577 4976
1385 1628
4070 6865
2337 2666
2195 5071
1397 7198
1089 7667
102 149
5610 7246
694 4774
535 3253
4371 8718
2049 4803
1476 2231
2724 4839
4853 7700
3447 7676
1954 7680
5089 6545
1561 5649
2725 5497
431 3101
691 5380
4752 7931
1692 5068
1796 5847
1216 1516
1823 3338
607 1377
4310 6935
3064 6310
723 1366
1127 8850
861 2018
203 3911
4642 8918
4365 5593
5012 6160
1577 8649
5383 8668
4119 7152
2982 3461
8242 8901
6874 8203
2163 5107
4818 8621
3131 6848
3543 5864
2481 3763
281 3461
70 3668
1521 7729
419 2484
11 7259
4427 4594
5596 6538
2896 4445
3821 8267
2023 6785
923 2556
2685 3601
1819 4822
3148 4138
1946 2397
4175 7744
309 7948
5394 8501
17 6766
1374 4170
3311 4817
1427 7522
3125 3874
1694 4624
1659 8402
2003 2824
2668 8354
3631 6573
219 8092
2442 8417
2153 2473
78 7361
1886 8664
4790 5397
1085 4129
4130 5524
2471 3283
945 2935
3054 5918
4499 6017
4132 6465
5254 5708
7883 8545
4735 6722
6003 8027
7581 8945
4671 4875
1371 5013
2907 5790
656 7385
8119 8899
846 8411
1114 6972
446 5955
2188 2671
4662 7380
3300 8635
6132 8052
4289 7901
4609 8191
5004 5073
3683 3846
114 6355
598 7372
4731 5431
3979 4004
5717 6134
2127 8534
2996 8903
729 4138
4099 4271
5436 7857
7869 8436
16 8730
7481 7866
7399 8914
5463 8268
4920 5692
1716 8054
1993 4475
4180 5353
648 1044
422 8504
2053 3009
5016 6873
2828 8350
182 8682
14 5504
1068 4241
6931 8487
236 3074
3525 7574
5297 5692
6778 7990
6959 8253
3856 7318
5067 8448
3544 4091
3224 7387
2770 5053
2443 3964
624 3292
5140 7974
4098 5008
1167 4359
326 4024
968 6991
5722 7527
7088 7566
2748 5043
6462 7213
7268 8443
4298 6784
4230 6883
2458 6627
1873 2555
4191 4880
7362 7752
3906 7892
2181 2659
6444 7565
2237 6745
4848 7828
4817 7306
6073 8832
1666 1738
1632 1763
2342 6166
2794 7131
276 4975
1513 4686
2094 7496
3887 5131
3881 7326
4489 8487
6591 8823
4222 7168
1204 6550
2327 6987
1597 5525
2783 6797
338 920
2738 8450
1037 4527
2036 3225
6584 6874
6400 8226
910 7305
195 6193
1853 2056
6151 8639
5037 5966
1756 2573
2652 2936
3429 7956
6733 8723
1610 4596
5707 7344
2967 4093
3481 7349
3848 6686
3183 6459
1626 2183
2556 8350
4512 4819
1870 5292
7739 8788
4389 7804
6306 8621
2360 5142
1231 6820
1571 2475
3549 7691
7846 8484
3258 8161
139 1418
7615 7840
3739 5924
4605 8489
3291 8308
796 967
1613 5910
6971 8347
818 3522
5080 7527
424 6892
5964 6705
3827 6738
2009 6803
1241 4454
4650 8093
4056 8273
7169 7359
5798 6223
3995 5565
5344 8051
4104 6234
827 2088
329 3967
5863 6210
3533 5228
566 8536
383 7022
1698 3699
436 8646
162 1284
1825 3986
4010 8919
2584 5398
666 7327
2934 7949
26 4945
1553 1957
2108 3373
3561 6966
1958 3567
3778 7711
3131 8234
1952 5162
3762 7878
883 5737
5936 7663
4515 5798
2761 3526
352 4227
2449 4524
3197 8836
754 3018
3327 8060
3651 7133
4387 6546
137 4107
3762 4462
3841 6948
2512 6176
2108 5829
2990 5699
1690 3631
5723 8096
4857 6352
872 4428
2672 3308
6682 8709
890 7155
8746 8889
4565 7608
8310 8329
810 7189
4933 5784
282 6234
4127 5424
1942 6468
3346 6245
4858 5254
2741 5357
2309 4693
2720 7982
4112 6261
5563 6363
4442 5833
849 1503
3411 6741
1461 5977
5085 5168
1715 6146
469 3933
24 4754
5971 8662
1041 8561
4552 8833
7140 7641
6080 7467
71 6081
976 1189
5465 7143
528 3225
2346 3486
6818 7459
2690 5915
2614 7926
2441 3629
587 3989
3581 8378
267 5510
4806 7887
2838 4900
3847 3864
4016 5372
2011 3896
3010 6886
1794 7402
2092 8643
1625 8557
1437 7425
6923 7367
2263 2306
574 8498
2680 8756
7094 7158
389 5675
6720 7517
5607 5725
308 1305
808 5228
6882 7806
2205 8129
2852 5613
7915 8228
614 1148
5244 6403
1233 4642
5062 8266
2678 8939
20 1811
1342 7249
703 7484
1269 4010
3686 4035
1931 4587
8308 8358
3065 7207
3659 7664
2029 8660
1400 4747
6749 7091
3783 4705
5882 8873
2052 4677
3465 7528
877 6411
2580 8664
1874 2581
4752 7437
3198 6402
4093 8658
6658 7791
500 3753
2684 8478
6163 7591
1867 3460
1133 5824
6436 6901
545 3893
1042 5462
345 1645
1467 7815
2813 8816
2634 3521
2052 5449
2439 5083
7734 8659
2689 6803
1966 7957
2936 7548
3830 6739
3985 8726
1046 4029
2043 5876
3750 6864
1247 2188
767 6893
6854 8165
799 5412
6829 8657
2538 4789
840 2557
3007 5258
5210 7515
354 5815
8162 8872
877 1436
1020 5898
1209 3472
1668 4749
905 8831
2918 4563
2721 3421
908 2466
434 5017
500 1988
394 683
1406 5839
2993 5114
2323 2445
1979 7775
4459 6993
1802 5313
5299 5913
5541 6013
481 7612
3491 6187
3132 4806
5209 5645
364 3374
2541 7085
2974 5216
5771 6013
4719 8748
4173 7952
116 8290
2186 4704
861 6766
2656 6952
2368 4634
273 919
116 8840
2453 2476
789 6356
1281 3035
1844 5277
902 8339
2636 6104
1721 2267
1013 5390
3191 5397
166 5687
2917 6112
7539 8558
4713 5850
5365 5454
329 3117
2199 5258
2467 7671
234 7236
647 8307
3529 6558
3959 5581
5903 8783
1820 2319
3934 5318
1329 1923
1745 2234
5404 7631
21 704
43 3465
1105 3536
5072 7061
306 8032
1836 2310
1875 3558
3844 7329
4709 8006
351 2197
1622 8114
322 5812
6484 8420
960 4084
4183 8223
7068 7619
871 4697
1308 8338
1229 2292
497 2995
1948 3523
781 3435
5048 7611
2649 8062
3845 7690
168 1672
5039 7779
959 5573
5925 7766
1054 8271
6022 6223
2116 8495
8075 8639
6189 7316
45 6641
2614 5258
4260 6253
4427 7507
4419 8086
6934 7107
7113 7238
4383 8240
2467 7111
3322 3673
852 6837
3139 8741
410 997
2864 3006
779 4257
4581 6317
2158 6383
51 483
1170 4411
1675 5795
2426 3609
5838 8911
1496 6413
3515 8215
3625 4455
2051 7830
4651 6230
174 4616
1720 6648
2748 4522
2809 8844
5861 8620
2214 4885
3116 3223
2892 7763
2034 5032
6457 6486
5171 7998
3036 8605
97 4241
5714 5869
1949 6277
3539 4969
4944 5106
5811 6884
4102 4596
5621 6598
95 6656
7738 7818
4076 8357
228 619
2707 6644
3345 4325
257 6487
2293 8865
6212 8858
8505 8841
3306 4945
2469 3226
1303 3556
4222 6054
2674 6325
1043 5993
6190 7223
2828 6446
6329 7705
359 793
2025 4340
3519 7675
1198 5154
171 1459
6154 6813
2009 3413
2989 3592
7188 8803
2508 5343
4377 7061
1488 6156
3155 7104
4695 8585
1926 5718
7134 7397
270 864
2354 4888
657 4611
805 1774
6433 7053
6734 6821
495 3569
1704 3815
3179 7230
2917 4244
1337 8371
1316 7727
3041 7172
864 6777
561 2194
3365 6707
2331 8196
6993 8417
2173 4562
2883 3077
4361 5325
1117 3617
977 5762
5618 7656
4538 6891
2698 7243
5679 6739
4970 6519
2341 2585
321 8265
1647 8269
4866 7761
955 8073
1131 5923
2910 5750
1356 5368
819 1464
3579 8322
13 4162
2182 4606
257 7422
2353 6081
6950 7985
370 6547
2889 4478
5489 7411
6064 7418
236 1882
3658 4719
1701 2806
4965 6806
3428 5045
8646 8945
2902 5322
3572 8912
2602 2962
8597 8754
7080 8831
1476 4265
4487 8673
6621 6766
1431 5300
5017 5246
7774 7973
4664 5134
5396 5495
2778 6271
1074 7692
3126 3320
2912 6075
2205 6941
1227 5871
2870 4793
5247 5333
2651 8734
1727 5532
221 1400
124 3834
2276 2379
3665 7492
1295 8220
4823 5793
727 1323
119 4318
1416 3215
48 4503
8220 8697
5562 6199
3968 8773
2774 7509
1539 4926
1764 6603
3706 5535
1001 1032
3637 8314
1415 1634
391 3714
4136 8573
6151 8078
582 8510
6766 7963
1117 8102
883 4282
425 4574
1089 4708
3520 6730
1075 3889
386 768
7387 7752
4278 5350
1596 4820
5014 6039
1448 3059
2358 8089
1618 4702
7852 8500
501 6808
4190 6047
3845 5358
6203 8587
5146 6665
39 4347
137 864
4147 6274
6765 8215
3938 6077
3442 7783
4598 6194
807 3473
5537 8233
4331 5860
2184 4394
3699 6995
4056 5224
1262 5961
390 2413
4883 7801
1144 6088
2843 6172
3916 6533
4500 4635
237 445
3140 3194
1313 6907
183 4963
6419 8074
1877 8761
4072 8252
7341 8740
1998 4217
1491 8622
3683 5566
2358 4816
779 8547
1347 8856
3616 4695
2213 4807
1681 2362
2655 5253
5601 8932
4508 5394
7242 7568
2355 6465
2559 7154
3364 3804
3427 7474
7953 8046
1424 4591
2106 4479
621 1628
6969 7684
4160 7026
729 7737
699 5347
2393 6179
1840 7295
4298 7741
1364 1930
3729 4295
1939 7749
1699 8466
7275 7984
6437 6569
3229 4537
3934 4928
4164 8175
2537 6745
100 7787
507 3566
3245 3551
2788 6870
2074 8588
4615 5484
4564 6646
2316 7434
2669 7979
1824 8567
1344 5888
13 6247
596 5478
6725 6855
630 5367
3296 5932
4154 5774
2172 7257
1003 1978
6742 8772
5622 7191
1367 7364
7658 8283
3989 6560
575 4717
1489 8083
1466 2976
7300 8396
2124 3689
7621 8641
4676 6541
2643 6798
6182 6937
4403 8598
6907 8689
7141 8841
480 3868
7504 8662
6318 7404
3584 5022
3232 8141
3705 3945
1918 8184
2764 6720
2393 3385
1187 6649
1889 2235
4799 6343
4284 4730
4507 7825
2553 2683
315 4075
2326 7270
3203 8570
1425 8757
1056 8795
1349 1595
3636 5681
2113 7755
1826 6188
4859 5009
4049 7648
8012 8079
4021 8501
1551 5395
3030 7988
687 4258
7123 7395
969 1735
1498 7056
2967 3539
7330 8306
3273 4521
453 8826
1916 7470
4380 5549
527 6121
1584 8678
774 2779
3139 5521
1294 1334
5195 6488
5421 6737
985 3392
2998 3840
5935 7724
3289 6052
156 8651
2060 2178
2129 2226
1900 5378
1336 8127
7537 8383
5819 8036
3572 4077
2934 3707
6019 8345
4775 5867
2258 4043
4517 6328
4916 6613
181 5438
339 3945
4725 5988
7354 7449
408 5634
513 6009
2492 3641
785 6123
5262 7928
2575 4006
2051 5587
740 809
2372 2854
4266 7352
4199 5977
4986 6742
2603 6134
2611 5493
3781 5562
2953 3526
4701 7159
7020 7133
3300 4983
4812 4971
6794 7286
7381 8293
1893 8891
2318 3262
2257 8760
2939 7499
1341 7718
3942 7790
4535 5765
663 5471
1715 4865
1933 4991
1600 7372
461 6916
1388 3009
606 2100
286 2279
2820 4805
356 8345
1186 8005
1170 3857
132 8191
3156 6682
4020 5905
5795 7354
827 2973
3829 5222
5319 7040
249 4987
85 5069
3450 4046
3666 3721
625 3911
23 6639
1725 2423
1410 3509
6485 6583
3391 7842
3086 5006
143 1244
4343 7714
5235 6984
1230 4511
5406 7177
797 7118
912 1423
1047 7846
568 5660
5069 8872
1692 4214
876 2509
2305 5740
71 8733
2698 6728
6927 7784
2876 3980
4553 5641
807 4355
1788 7154
2005 7001
899 8137
3269 8440
5494 8409
6217 6885
2131 8682
2562 4466
2214 4822
1098 1625
1313 8025
6163 6625
4525 7150
3956 4732
3267 8275
2411 7989
5248 6583
4253 5926
3148 7084
1231 3383
1568 6643
1552 3842
2878 7655
3424 8416
1893 8774
3393 4164
237 7187
1592 5598
863 5138
518 1110
2134 3289
1172 7361
2717 6287
765 787
1085 3627
4438 4969
4065 8107
3252 7257
2308 7672
3215 5759
1610 3415
155 6284
3759 6535
4560 7865
1322 7352
3663 4972
1710 3986
1297 8417
1147 8449
431 8211
2570 4442
6037 7851
221 841
753 3032
4483 5384
4277 5161
3401 4968
916 8472
6645 8504
6300 7978
1091 6278
2206 5891
2620 4454
1180 5445
4688 6044
4979 5915
733 8744
5163 5822
2057 2679
1499 6636
2912 3755
5207 8120
4269 4681
5433 7427
4613 7109
46 7937
5738 6612
1032 6356
6799 7441
5674 7127
617 1411
6213 6219
3116 3952
675 6994
3769 5320
3090 3458
727 2335
3200 3332
4142 5976
1721 2541
3925 5690
3286 7752
7445 8441
491 557
1330 2369
4738 8674
1724 5824
5751 8138
2426 6069
2148 3149
4916 8280
4556 4695
3572 7290
1339 5929
1215 7101
2551 3611
2668 4268
396 6441
3780 8615
173 2925
4553 4948
1318 5922
1007 7363
2208 4390
2833 7675
4354 5702
1781 3928
4851 8869
6003 8565
1519 4630
4077 7386
1892 8424
4990 5190
3422 8338
2492 8881
2627 4617
2748 5506
4123 5918
5184 6886
2694 2910
2983 3020
2464 4182
1827 2062
330 4678
1668 4980
1174 1344
3580 8321
717 6206
7745 8603
1604 3565
1480 1990
4614 7459
57 7088
7413 7636
2229 5957
2586 2681
1961 7862
4539 7320
1160 3231
1301 3855
780 7417
897 1624
2787 6700
2647 6602
1897 8811
195 1462
4777 7078
5473 5576
824 5532
4797 8373
5741 8337
1146 8709
1656 2629
4018 6632
567 8907
401 6321
86 8006
362 395
4557 8045
4595 8872
4030 6418
710 979
337 8617
6962 7096
635 3982
3530 5021
1477 6913
573 3115
2084 5074
1730 2480
6374 7484
5001 5963
3321 3325
1025 1192
3725 6029
728 2541
400 2588
2941 4585
1205 3416
3174 7950
5518 7648
2609 4343
177 3822
6226 6439
324 1172
5100 5116
2227 7061
7701 8861
8364 8909
7015 7042
1687 2101
2283 4463
5572 6355
2646 8188
5512 8635
7977 8174
1338 1653
5313 7354
1224 6457
3664 4078
369 1228
1873 8924
1386 4742
397 7874
3175 6014
2334 4731
4888 6213
2095 7752
4589 5989
2185 6752
794 6062
1166 3616
3970 6283
4535 6086
2035 3047
1809 3809
2454 8453
272 1751
3449 8408
2855 8502
7191 7634
4228 7379
765 3467
7023 7240
3287 6379
8349 8390
859 2155
1583 7670
4411 7307
361 7650
3152 6914
1546 3939
1074 3013
6195 7586
2262 3942
2296 5973
215 4078
2756 7563
1356 6068
1823 8150
2751 3630
7331 8779
3082 7005
7956 8503
700 5399
301 1646
2096 8948
3729 7629
2812 4974
773 2707
1408 5346
345 3828
1227 4929
2973 3218
3710 4573
4266 5359
3639 5766
5738 7239
6169 6316
2387 6885
4494 7128
1485 7357
2394 4781
5824 8703
426 5769
4024 5858
924 5816
1139 5584
409 8573
253 556
1043 5523
1684 7654
1950 4044
939 6571
485 6156
496 1266
567 948
980 3995
3728 6696
5981 8538
4168 8277
899 4309
389 5916
1495 5303
220 2340
597 6532
3017 5863
1998 5296
44 5905
1969 2005
2365 2609
3882 7024
1741 5404
2455 2466
5460 6265
2347 8853
504 7571
7823 8450
2125 6256
5526 7153
6456 8807
1287 5089
3854 4837
438 8031
2 2588
384 4443
2593 3891
213 3041
6060 7848
1805 7405
1857 8570
1877 7516
3925 8940
2971 6924
1053 3021
2538 5170
3486 5210
402 8282
2231 3939
476 5592
2024 5693
3339 5078
2187 6496
6078 6857
4336 7975
665 6198
1600 8244
1455 4519
8426 8775
1608 6479
2972 5542
2314 5205
2502 7020
1655 5286
556 3785
3798 4801
1106 1419
3279 4363
2217 3748
262 5100
1765 2479
3169 5947
4643 4772
3861 8320
764 6008
3898 5252
319 4390
1641 8225
4718 7777
4127 6432
8329 8869
215 2720
3856 8638
4390 6001
4706 4801
691 6801
7526 7596
3014 5585
1469 8527
4848 6237
3029 3630
5398 7093
6158 6255
315 7508
896 2150
6492 8460
2993 6062
733 8650
538 8528
3059 5743
3129 5005
3130 6389
3591 5435
746 7667
1048 2076
2254 3697
421 4555
480 5862
7834 8506
3192 5789
2059 3971
2356 4917
3885 5876
558 7340
3397 5838
1134 4027
1177 6933
3370 5589
6558 6981
509 3224
6418 7339
5065 6947
4911 6622
4141 6181
5137 6657
4721 8929
2777 6121
34 3808
8357 8951
3049 5174
5446 8295
2693 4208
608 8390
1195 5526
3908 5721
6403 6592
3209 4210
3184 6830
3737 4397
4011 5506
1717 5152
552 4082
2951 3730
3725 7323
3674 7492
4356 8862
708 2839
4471 8486
601 3654
5705 6142
734 2287
4040 4063
4183 5383
622 7884
3882 8942
840 1746
2328 5375
2248 7145
6843 7980
173 701
1405 4507
327 1006
796 7903
22 2418
3928 4638
5826 7243
7872 8416
4395 5658
1102 8868
8202 8368
5855 6929
2908 4041
1066 1471
4412 5092
3339 7885
4341 7457
5676 5854
3160 6541
2356 5793
4187 8077
2483 3438
2595 3448
3059 4083
6079 6881
5302 5831
4052 5401
2493 8785
6768 7448
1461 7004
2650 4430
180 2944
411 1075
3196 3667
3772 8790
578 4606
2157 8489
2899 8040
1987 3513
1938 4067
2314 8098
3584 8680
1216 2437
3879 6623
1934 2818
1933 2804
2000 4779
280 6166
8314 8505
2772 3981
200 669
1424 4327
749 8136
3549 8537
3300 8828
8196 8475
2809 3640
1867 3359
5069 7280
5117 6739
5549 6852
1897 7448
2091 3411
2422 6390
491 1761
4413 5767
2870 8276
4129 7368
5337 8883
944 5649
7025 8864
2458 4051
329 5181
2085 5643
5804 7580
4267 8680
7478 8406
3112 8545
886 8035
2771 8371
7707 7722
3373 8824
1763 2198
4747 6630
2003 7000
2989 5508
3950 5294
5948 8033
3703 7784
4108 5543
4153 4828
1936 4098
5597 7666
2800 4096
3360 5743
4206 4784
850 5043
357 4841
6673 7024
4042 8770
7311 7879
3389 4431
1530 7873
845 3153
1380 7102
4756 7241
277 7869
5177 5213
1275 2061
7480 7603
1752 7564
4399 7561
4548 8908
4184 5457
5128 7981
4104 6141
22 6467
1755 3395
2432 6308
1489 3347
3263 4446
6731 7268
2267 3704
1442 4539
5544 7751
2826 4819
1954 7807
3098 4464
2483 5580
576 7249
15 3637
4040 6640
6955 7693
3684 4724
5559 6695
2411 7318
949 2615
4067 7493
3207 8374
3030 5559
158 7927
3542 7256
629 5170
2450 7468
4065 7308
2619 3679
1947 5082
33 1913
499 2914
5241 6944
8198 8896
3110 4964
2407 3892
525 1695
4355 6106
2112 6086
1529 7125
1260 6156
7008 8890
2639 5888
7624 8143
5 7106
4570 8100
3516 5083
1116 1486
5179 8602
632 6087
2686 3061
239 3304
6430 6703
3649 7906
418 5292
3288 8862
5347 6163
5485 6552
1219 4124
452 8681
1452 2370
5830 6465
234 1346
5354 5574
1591 7700
902 3811
3428 6896
2097 4541
60 7710
3389 5844
2549 4978
2948 7389
2856 8749
2226 2616
7021 7625
6075 6507
2640 5791
7965 8834
1073 1407
2150 2692
6377 8100
190 1266
2539 8215
1165 2532
5437 7503
1116 7645
1841 7318
4124 5249
1953 5571
2680 7195
2448 5484
2642 6850
3098 8606
4391 6235
2826 7513
5138 8827
2903 2991
1283 5162
747 4744
4284 7570
2947 6922
177 698
959 5417
7609 8055
3159 8206
3190 6989
6653 8250
4143 7055
588 8172
6358 7959
7051 7182
4204 7578
1785 1793
6668 6697
7137 8412
5076 7187
1661 8077
552 8888
544 3136
61 3709
4090 5536
4094 6847
3413 7119
452 531
7598 7656
5961 6502
5059 6254
4293 5005
2692 8296
7609 8431
83 2072
1023 2111
4924 5755
4063 6307
4714 8134
8301 8922
3286 4449
1991 4073
6791 8230
1193 6153
3591 6413
5834 8569
6198 7206
5139 8578
3161 8134
2473 4112
4696 6473
3210 5890
57 2541
1235 6630
1298 3803
567 1595
3218 5960
372 1205
2595 8925
1798 2597
6331 6965
2699 8353
4734 6729
1157 2361
2330 4845
698 7214
1459 1499
3920 6361
1855 3160
3738 7136
5806 7234
2783 6227
3246 5488
1608 6758
5206 8463
5202 5658
2001 6578
6838 6953
2480 7317
10 7972
6922 7794
556 7346
1162 7691
980 7706
6103 6362
2848 7805
170 6045
4175 6060
2974 3738
1451 8365
3998 4433
3224 5419
2081 8822
316 1361
1038 1444
4867 6947
1496 7298
1994 5101
7260 8763
1276 5131
4930 8789
4753 8418
8353 8726
3135 8774
3178 7006
3163 7699
4358 7165
2564 3224
3005 7650
1164 4899
4375 5516
1749 8260
3023 5961
1152 8553
693 6451
6733 7033
2878 3176
1485 3802
2941 4419
5251 7110
4221 6604
832 6728
2554 6199
4631 5834
2220 4359
4239 4466
1185 3240
6001 8711
1922 5598
3002 8535
1761 2596
640 3647
2312 6823
3097 4360
3547 4776
5542 6781
1915 2835
5194 5596
4859 4926
7177 7811
4295 5254
4603 8076
2823 7171
3958 8640
4137 4253
2139 2534
5427 8608
1830 2992
1691 1963
5539 7077
533 8465
876 7919
1636 8615
2471 5480
6838 8750
3310 7374
1348 8552
85 2964
2458 6785
1836 6429
2902 8543
2870 6920
3228 5666
1845 8778
6334 8440
2811 8772
4795 5151
718 2877
7091 7353
92 6276
6513 7502
705 8740
708 5974
5502 5876
8170 8544
3425 6659
335 3343
189 5778
1804 6276
393 5914
7251 8633
87 403
2855 6326
3527 8437
170 4795
494 1612
1607 6736
2342 6618
1645 4474
2920 4382
2896 6179
1850 4369
2881 4521
1354 3184
1571 2868
2107 2215
446 6419
5418 8476
1222 4418
4201 5576
2722 5944
1061 7938
1747 8063
833 7575
2501 5510
1103 8363
613 3891
4753 6068
3715 5424
5255 7607
231 1467
534 955
5683 6752
91 223
5928 7764
936 7765
40 7070
1482 2525
4351 5719
5230 5982
4668 6917
4419 4480
3671 4506
3548 4169
5398 6254
3670 8204
4174 6839
2179 8857
451 7102
952 5807
4088 5494
1985 3114
870 2821
983 1994
1693 4841
1450 7042
2067 3234
3954 8360
568 8895
1428 6351
4911 8849
4838 8758
4670 8206
2845 8544
6279 8005
3984 4261
4795 4800
6239 7356
1732 6428
2590 3786
1518 6826
3720 5391
2124 6875
2068 5601
2759 5061
5055 7050
7841 8519
1122 1491
1279 4707
5502 8745
4962 7500
2727 3302
531 2101
4780 8754
4282 7806
207 8446
1190 4890
4102 4997
1590 1795
1434 6689
2809 5158
821 6571
1163 1787
5720 8932
2409 8294
7057 7693
584 6519
2629 8701
4103 5879
2610 5512
5570 8373
1220 3012
1999 8454
4234 6826
2538 5569
3458 6321
4083 6360
6972 8445
3083 7967
488 924
952 5567
750 784
169 8642
3855 7976
537 3696
231 2117
3819 7182
4253 5006
759 1058
5154 5351
1050 3751
3324 6823
5249 7583
5112 6997
1804 7254
1544 8203
2864 4914
2409 3778
5391 7041
3760 5544
757 4149
889 4597
4261 6937
1437 4796
4533 5215
1301 1630
398 6517
1246 3368
2258 8441
7310 8690
1707 2698
4998 7251
3452 8345
1629 8059
2620 5000
345 825
58 5570
3902 4317
3992 6264
1583 8090
314 7271
799 3791
4072 5902
1545 7830
439 8101
1509 6484
3106 5010
1155 5766
1103 6917
746 1906
922 8725
2365 7913
2571 4747
921 4471
259 2889
4646 8859
4421 5133
7063 7945
3445 6975
1071 5455
762 5187
4370 7751
2619 8719
5797 7992
1175 1759
3252 5801
4822 5794
3185 7560
6070 6211
696 1268
68 7505
6215 6593
1881 7787
2875 4846
3741 6328
4942 6152
1144 1787
2676 3245
1079 5670
1719 7987
7208 7278
2548 7099
3270 7374
1739 6447
6164 7450
376 6046
794 7161
2383 8342
633 1504
1613 3716
4421 7062
702 5052
4158 5706
59 3632
1679 7494
1775 7739
2414 7986
1115 5080
385 5394
1270 1649
4205 8839
2691 8306
115 1029
1286 4945
6855 8525
5062 8251
717 2139
4744 6968
163 3371
1720 8914
164 4791
2815 4150
466 7147
359 8032
1946 3746
3973 8667
518 7418
6606 7900
720 3809
1285 4458
1317 4377
128 903
6205 6270
832 5781
6903 8926
4140 7544
739 2019
6594 8764
7410 7933
1138 4268
360 5108
407 7698
719 3556
7369 8229
4780 6470
3143 6701
548 4123
1294 5874
1190 7385
4724 8768
637 2265
5465 7814
1606 4889
5501 5664
152 6891
734 4288
2311 3069
3067 5422
3447 7179
628 750
5492 5527
320 5123
3219 7486
3735 8031
40 6366
2977 3305
5844 6236
2546 4396
408 4260
2332 4868
877 8842
1863 2447
2830 3422
462 4682
4889 6724
3518 6787
2742 6623
1573 6424
3284 6095
1723 2089
3670 8335
4562 7119
1737 3784
1179 8676
7317 8589
4443 6045
756 7376
4455 5949
2618 5191
5077 8212
5343 6743
69 7058
1715 5381
102 4820
456 5774
357 7443
4013 7762
2008 4388
6012 6885
568 1774
439 2019
443 1783
2057 5641
3985 8618
615 6038
617 5706
3064 5605
2591 5064
2377 5871
3256 7887
8396 8610
3019 7168
1230 4547
411 2859
4791 6574
6688 7610
2822 6340
1929 8878
4895 8888
2276 6640
3658 4787
2976 5291
2031 5887
471 5056
722 5141
302 7108
5981 8276
1221 5881
2157 7198
1359 3070
5554 7733
6292 8483
1171 5189
1722 8852
1728 3717
4406 7177
1179 5773
4172 6306
1155 3344
6497 7258
1098 8882
3383 6184
2135 4380
4985 6761
4413 5228
2724 7172
3182 7492
4999 6335
172 1398
5967 7736
3678 6002
3253 8451
2050 2986
5356 8810
3948 7408
1908 7428
1525 2763
3534 5375
94 3784
840 6970
1243 3933
4155 8509
1129 7704
6913 7004
3480 8737
732 5509
2229 5813
3145 5389
5089 8477
2159 2842
1517 3213
3582 7304
7095 8747
8245 8756
2491 8554
599 6719
6504 8856
2787 5578
5496 7768
3693 3734
1389 4567
2700 4870
2780 5935
3744 5870
2189 5276
5 4097
6496 8018
5068 6490
2087 2715
3850 6872
856 7604
721 6229
5335 7337
5785 6220
3391 7783
1341 8324
1598 6244
3852 4204
5788 6038
1274 8153
5153 8919
6395 6722
416 6572
1298 4743
4307 4494
2131 2708
4290 5452
4586 4946
4122 5235
974 6998
5630 8099
4398 7250
1860 8902
1481 6006
5387 5746
1261 8525
117 4156
733 1904
5064 5777
5939 8902
215 6257
1136 4673
3682 4034
1635 4073
5031 7031
3161 5240
5326 6651
5508 7754
1600 5266
2636 2723
3831 5890
6713 8814
2142 6810
1076 5563
1410 3311
935 1495
1151 2717
4178 4811
5252 6498
6225 7726
362 1523
129 7643
3299 5897
2632 2896
3303 7076
3886 8429
383 1776
4801 7542
1283 2057
5527 7094
3506 6505
1044 4172
1924 4777
6371 7300
7375 7672
520 5665
1350 6926
1538 6278
3663 3778
2688 5430
961 6072
2637 6887
5958 6142
396 7680
652 3512
3449 6010
6365 7629
4037 4368
4118 5916
3570 5819
3662 5612
6346 7873
4883 7784
631 4601
2978 8302
4557 7086
5339 7227
932 1542
4959 6655
6348 7043
3657 4432
783 7280
4690 6052
1542 4254
174 3436
2389 5677
1135 6246
1196 6854
2465 7799
4025 5729
2285 7567
3823 6425
5846 7856
1144 3250
803 8008
881 3947
241 4285
1663 3645
3198 5081
673 814
826 8580
3064 3419
5665 7324
4300 7620
1084 3058
1731 3133
5304 6453
5949 7732
1529 2152
858 6709
2955 7630
5021 7089
2230 5737
623 4608
773 5424
454 7694
1660 8494
3690 3819
633 3902
2381 7060
1227 2780
7029 7643
1241 2548
2113 8769
1701 3858
367 3338
3035 6148
3440 6280
319 1613
1830 4660
6930 7573
1513 6460
4081 8048
3121 8570
936 4251
5332 5624
5504 7412
3961 4086
6682 8661
1455 6096
4526 5287
3473 8413
7503 7646
7064 8680
7073 7860
5087 6409
3165 8179
2376 6840
3762 5308
4060 6510
4232 7893
6874 7038
6953 7163
3394 6074
4254 7453
731 5842
207 4353
404 1890
2955 6292
3774 7230
300 840
1784 2148
8297 8819
1590 3269
4508 6262
5380 7264
1407 8397
519 6176
5315 6012
905 2135
2749 6463
1739 5998
505 4292
874 8269
2934 4495
1278 3901
488 8861
1895 7819
5040 5669
182 6704
3945 4797
3459 3917
2920 3347
697 1922
4633 7925
4593 7194
878 7393
3157 4306
3808 5679
5445 5895
986 4049
1552 2017
798 8096
3032 3667
6264 6576
1382 7144
377 496
629 2731
1992 3687
550 4357
5232 5569
2073 3254
265 3927
1045 8378
2549 3076
453 1404
6856 7211
2060 6511
7570 8515
1577 8468
2763 5841
7121 8641
998 3650
7402 8566
108 2642
2630 6549
8340 8442
313 2192
1119 7353
372 4384
3403 5516
1039 8007
455 7526
2250 5705
1798 5242
5419 5735
2611 7911
4107 8696
511 2481
1076 4541
2582 3978
3618 7220
1119 7836
6121 6535
1927 3460
632 1112
658 8087
6059 7222
2168 8100
506 3000
8382 8685
4449 5873
5255 6652
1174 7714
248 4592
5214 5407
1083 4542
3866 7786
641 1576
3067 4153
5220 7567
2063 5596
5457 7231
5007 6879
1406 4361
1407 5304
5863 6243
4120 6161
3099 3701
3885 4990
4430 5543
730 2372
1924 8000
5259 8186
1794 6083
3186 5247
2745 8074
1586 2857
1884 2033
933 7301
90 423
6548 7852
1094 5283
2921 7454
1059 5915
84 7159
2 4090
1993 3649
4608 6620
354 871
3149 5719
1176 4671
3112 4096
2590 5352
286 6470
1249 7723
2741 7937
5614 8763
5326 6723
4572 5755
4287 6345
5279 5668
5037 7272
3815 7597
1312 5440
8073 8838
2540 7883
4560 7961
8059 8409
1194 3474
4515 7463
4922 7001
7305 8285
5020 7545
249 5021
3235 4002
632 7649
106 8579
734 4322
2506 4013
1929 4913
4970 7755
1533 5180
727 1081
2528 8348
715 1866
6027 7410
2209 6745
310 925
2286 6901
4623 6667
4070 7464
5389 8932
209 7530
2888 3910
1729 5327
700 4825
1784 6347
5096 8925
1565 2953
910 2208
82 957
2113 4870
1853 5011
5479 7156
1426 4404
1689 6633
885 4282
884 3293
600 3933
4224 7125
1326 7993
1587 7812
937 7079
510 881
4196 8809
4680 5334
6518 7255
2301 8875
3529 5171
2547 5792
88 2816
5023 6514
2075 8735
7316 7487
1877 8154
1753 7016
2786 6302
1547 8713
1183 5500
3283 5965
5135 7619
6309 7960
3378 8796
3611 8923
4999 6638
3388 7541
4236 5999
4476 6632
2919 3168
5040 5362
5025 5370
2958 4488
6396 7221
1543 7930
88 164
2366 4257
2418 5329
5686 7958
2578 6008
2060 2681
3544 6473
2291 8217
122 8935
911 1087
1886 8069
1212 4292
2167 2744
1951 5458
2287 4799
1805 1810
5772 6790
2523 8180
4694 7834
6255 7944
6991 8546
2366 7330
3221 8215
4433 7172
3685 7160
101 7235
48 3666
6676 7465
6315 8515
760 6694
542 6152
606 6000
5643 7778
2599 8318
284 6341
747 4649
2396 8248
4131 7766
6641 8596
2501 5029
5268 5515
6531 7590
3162 3724
1498 7854
198 4204
1973 4163
2519 3312
1356 4039
2716 3337
6035 6860
2679 8855
4297 7261
3925 4509
500 4655
5868 8389
853 2797
6528 8806
778 8380
1485 8793
560 7044
702 5196
1520 2633
501 6414
5269 8111
1904 5257
4885 7852
2852 8616
1127 7325
6407 7334
1945 3365
361 3876
535 2644
1927 7211
2128 3972
1333 8344
2415 5398
2663 5407
7559 8694
5516 5747
4820 6850
5943 6621
3600 5877
2434 5551
1557 2619
374 8786
12 3751
8052 8833
5494 6774
3360 6207
866 2638
3266 6613
264 7965
4658 7331
555 7957
7422 7916
7845 8634
3466 7993
6252 7132
2306 7378
3497 7224
199 7132
1416 6124
1890 2439
2012 5917
747 1121
725 1636
4239 5236
4080 7539
1684 8560
5964 8911
80 2801
3668 5048
574 4360
5903 7324
1479 3326
181 4007
1246 7104
1696 5295
2022 5925
2420 5753
4740 5901
536 3462
3369 3486
4843 7639
6212 6988
2490 4502
2122 3095
3081 5978
1756 2550
114 3929
7699 8144
1968 2544
451 1351
8146 8916
115 7803
4925 4960
919 2614
1202 2162
2062 5735
1772 6542
93 7365
3944 5941
1058 7940
1380 4807
4447 6430
2010 7970
1225 5042
3894 8581
2227 4905
1918 3807
3307 6230
274 8884
4562 6464
3464 3975
632 6316
1520 6341
530 1582
1913 5431
331 3788
6727 6954
1894 6992
5107 8717
2317 2954
363 2124
334 867
992 6476
8265 8916
4273 8255
52 602
606 5920
1155 3080
2624 3434
198 6373
7217 7408
2369 8166
1023 1968
2890 4862
1173 4764
5025 8098
2773 8666
6158 8289
1562 7867
6409 7564
4996 6386
1546 4692
1273 4160
4442 6050
3608 7194
2842 7267
712 2071
5995 6669
7768 7996
1984 3699
3756 8453
822 1501
1755 8056
4429 7928
1718 5502
3915 8461
1504 6967
4334 8136
2784 8765
284 8508
1486 4028
162 8000
1821 4773
656 1458
5342 5483
4765 5009
2446 7877
254 4936
3505 8021
6191 8581
37 3701
4718 5414
184 3281
3035 5213
1975 6478
6338 8015
7482 7723
1467 7532
139 2486
580 7442
299 2287
2284 7630
1492 6181
443 5163
3345 4128
2114 2307
4097 7248
7029 8812
2294 4000
1811 8365
1414 8427
1847 3177
978 7548
4757 6125
3238 4918
398 7409
2131 4408
1956 8891
2381 7694
4989 6959
817 3514
5510 6472
1213 1947
950 7726
1492 8319
4829 6625
4050 6465
6852 8284
1841 5420
1919 7613
5517 7840
4069 5682
2578 3499
1659 3884
4211 7239
929 6051
5464 7742
3317 7007
1427 5104
2025 3252
3826 6154
2855 8535
4318 7956
1875 8051
2858 5417
5404 5972
4831 8333
6134 7936
5751 7830
3990 5718
2217 6742
681 3952
3491 5748
3673 6554
426 1814
1140 3205
5861 7931
3426 8647
2924 8305
204 2625
3837 8783
5444 6805
882 6674
169 8102
1461 1606
5380 8724
1435 5807
3355 7366
5566 5568
1476 3583
1161 8617
5860 6970
2267 3698
6983 7986
3924 5559
2281 3909
2109 4993
2444 2940
8375 8904
6742 8575
2155 4254
5140 8397
1948 5784
5371 6319
5827 6135
1591 5176
1509 4715
2810 2892
8327 8700
2792 6557
3187 4306
2869 6210
167 8233
612 8822
251 1055
194 4675
3208 3777
1548 6424
1162 7220
1064 6180
3547 8206
5317 6109
45 3996
648 2680
542 1395
1093 3414
2086 3258
3298 6016
3247 4760
2527 2648
3348 6716
3089 8517
1371 3353
1983 5104
2984 7451
4112 7712
5863 7273
494 7389
1675 2932
4784 7456
1256 3235
4012 4667
5464 6699
3472 6078
5172 7531
388 8029
3006 8184
4026 7069
970 4248
1138 5691
268 4230
1180 7637
1077 5247
1927 5486
919 5558
901 5095
1870 3418
5018 6644
2263 2522
5749 8091
1428 7846
578 6408
968 4732
7147 8718
1359 1743
2496 3559
725 7380
5760 7008
624 2256
155 7592
5641 6401
6465 7510
2895 4249
5003 8520
2452 4236
3018 7465
1361 2384
928 3799
1290 6982
2753 7690
3153 4886
901 2969
1264 4555
3998 4032
5863 7673
1455 2442
1329 1650
2699 8127
7531 7810
2232 4076
4590 8702
4957 7072
2634 7950
3191 8868
850 4207
7276 7620
430 3495
603 1016
5077 7618
1624 2767
5769 6398
623 8176
2510 6737
8381 8577
102 8217
2954 4719
3559 4751
3104 3401
5653 6053
2194 8754
2735 7020
239 7365
1293 2398
6766 6936
5763 7579
904 1625
3171 3667
2873 8928
2030 8495
1012 3982
350 7071
5660 7403
18 4872
5416 8455
4666 4728
759 7725
1660 8719
4488 7013
718 8723
1932 8072
231 7414
4172 7777
5886 6321
2661 7140
5839 6231
6104 7377
7309 7520
3316 4997
7075 8352
3285 8916
448 6921
747 3841
4354 6237
3880 7612
734 6314
178 1369
189 8934
2719 8596
1659 5900
1894 5969
445 6675
1259 6299
2982 5414
1668 2829
3232 8361
4488 4545
5014 5265
374 3777
4913 7642
4602 6389
271 4295
114 2844
7029 7067
2309 6960
3076 5476
1783 6601
298 5728
241 7229
2433 6809
5270 8861
240 1633
4802 5889
3939 5450
398 2572
6293 7545
191 3243
493 4218
2807 3693
81 4927
845 6082
848 8551
2741 6588
6106 6910
85 6980
1020 2001
5783 8181
2262 5162
3672 5787
2251 2503
1755 1790
5200 6756
4227 5621
2378 5307
2021 8514
1806 5531
1887 3961
2109 8474
6282 7188
2644 7932
4920 8759
7145 7351
6310 6627
1050 3909
713 8896
3692 7301
3114 8883
2413 3110
3665 5314
181 8701
2551 4750
4225 7555
55 6063
5993 8728
4673 8628
5945 6815
3635 4577
2399 2488
4094 5342
3309 6586
1337 4864
990 8152
4469 6746
2876 4381
1212 1433
3658 4416
2263 6916
4386 8746
7804 7814
5592 6128
2044 7256
3923 6370
768 2370
3624 4773
8175 8821
4561 5200
5173 5212
276 831
1292 1941
1166 3062
680 4099
152 5363
4890 5260
1203 2462
909 2151
6769 7142
1691 5407
2507 4156
2384 8645
2462 6631
3145 7826
2094 4737
2796 8045
1365 5704
4953 6021
3537 5006
2035 5545
1024 1773
3505 5904
880 6734
1282 7188
62 6174
1145 7753
2194 8533
610 8480
5892 6609
969 2033
1293 1702
3731 8032
4765 8259
2817 6961
4944 7567
860 7415
557 6024
132 8388
5007 8830
1071 7445
2545 7187
482 2884
1701 5268
5237 6952
7151 8670
6104 7729
585 3968
4186 7272
3993 8197
5299 7820
2834 7721
5132 8156
5177 6966
5699 6963
6943 7035
1328 3841
3240 6270
2877 5064
8300 8449
2104 2188
5275 7843
4073 8042
7342 7605
4151 6554
6997 7965
5896 8722
325 8541
6859 8689
3641 7891
3543 4856
6503 7871
234 2048
1673 5305
346 8652
4409 5782
2054 8473
423 743
2944 3104
5122 7226
373 702
1892 8434
1352 7780
2001 2341
361 8128
1005 7752
465 6830
4341 8582
2673 8362
2254 8746
6490 6809
489 7061
1851 6619
4385 5876
1900 8014
6745 8539
2153 4644
4862 7034
8367 8631
5859 6424
4960 5125
954 3839
1581 2302
3363 7857
1271 6232
1419 1818
6500 7587
3013 7946
1250 4311
891 8417
1337 6359
168 3528
6387 7951
2954 2971
2255 7003
2988 8144
415 5708
1089 6488
5469 7678
6956 8381
4695 8893
227 6594
7562 8473
4187 7847
2158 8002
5050 7154
3849 5061
4059 5632
1903 7428
2212 7934
1678 2831
1530 6597
4328 8288
4526 8823
772 3596
7197 7580
164 6165
577 6323
5917 8123
6822 7497
250 2049
2670 4853
7940 8403
3261 7994
296 2876
157 532
2391 8092
7226 7511
2544 6510
1028 1145
5363 8448
2306 3138
5393 8032
2571 5661
3735 8459
3629 8743
1905 8056
2598 5207
2102 8024
2720 7278
1914 3673
270 5355
3336 5435
3113 8287
2210 3205
2696 6519
2198 6709
729 5437
2085 4903
4354 5715
2721 5258
5581 7371
1366 3640
63 4242
4470 7576
3712 7128
6 4068
468 7259
828 8893
2848 6660
5193 7220
4308 5467
3385 4825
5635 7575
2967 3904
4965 8008
4152 8439
3253 7674
914 6782
3254 8691
879 6868
5405 5902
2271 5893
1562 3983
5647 8298
2039 5736
1197 6441
1558 3222
1375 5093
5201 7895
695 8329
3257 5205
4782 7495
1898 5450
3727 6300
1778 6901
3204 5171
75 6208
433 2697
1852 6718
75 4268
1990 7112
7549 7722
101 8135
1839 2423
3164 4023
5338 7215
1159 6942
7941 7944
1022 8889
50 4391
2615 6308
5152 6878
1980 5603
3988 6052
2716 4376
5845 8564
6126 8138
436 5098
916 8822
1955 4543
337 7579
1619 7065
4518 5421
962 4995
4781 8728
1182 8685
3330 4577
6812 8322
5857 6560
6672 7894
1804 6029
2203 5866
766 5744
4111 4936
4185 8768
1801 8815
3901 6214
366 6167
3108 7861
6745 8708
2247 4733
5395 7515
3456 6197
1589 8854
2414 8131
2705 6571
439 5239
8342 8932
2150 7562
2013 8552
4544 8066
1775 2863
6564 8682
4661 7354
1984 4640
441 5120
3807 4653
1140 5686
3024 8885
112 5396
5853 6331
5483 7782
2861 6806
3621 4629
2277 7997
6788 8017
5388 8556
5267 8158
2902 7796
3440 3711
5654 8827
1142 8057
6011 7065
3223 3990
72 6258
2380 4472
5121 5443
8620 8751
2320 7400
5462 7275
4525 8083
329 6437
2226 2997
1292 5090
5338 6827
8489 8947
3646 4891
3570 4337
1822 5395
3377 4470
1538 1561
3384 4769
5555 6633
485 6502
4277 8365
1784 3955
3660 8390
5453 7031
504 4831
2289 2566
3732 6339
321 1100
3408 3643
586 2577
3006 8680
320 8195
1967 8231
3529 5142
1099 7603
422 5436
2773 8268
4151 7786
3268 6601
7035 8405
1597 8863
4645 7312
4509 8200
848 8004
4341 8712
4078 8599
704 3156
2381 2703
3328 5886
166 4244
5323 8830
1947 5865
4747 7624
1491 6598
378 6117
795 7620
6910 8239
2119 5782
2817 5515
1669 2304
5255 8121
1835 4710
3644 4367
2865 7210
2714 5742
7414 7679
4910 5667
5567 8586
6150 7608
289 2166
226 5745
3896 4837
6815 8765
1311 6540
5865 6466
859 2395
7499 7576
2640 4868
1382 8502
1388 5800
6605 6929
2920 6002
1599 7395
925 6657
4797 5612
3804 5271
5894 7686
2855 3436
8452 8499
494 5031
514 5548
1850 7056
6567 7107
3038 4905
5766 8208
5226 8467
5071 5345
143 7859
6049 6276
165 2670
8097 8793
7919 8080
7121 7513
3895 4557
1086 5666
405 2816
2294 5422
898 3364
2256 5075
1287 2431
2980 5998
7864 8638
2257 3390
246 2106
186 956
1970 2682
2156 6390
3538 6713
5294 6822
717 3840
4301 8015
626 8244
1844 8840
173 394
744 2608
1449 5352
5259 5986
5948 6130
3974 6788
5820 6425
3850 5460
303 4047
1665 6077
1649 6179
1188 4734
5321 7312
1555 5613
171 5408
548 6908
7298 8068
8493 8874
5609 7306
2439 4342
5925 8428
2733 7664
1125 4530
1141 4895
1901 4504
3913 6904
283 3128
3187 7778
2041 6983
4196 6954
111 651
4224 4233
4537 6090
4198 4390
5767 7023
50 1430
2206 2792
5960 6735
1153 3689
7232 8710
4844 7005
1607 6300
3224 4894
233 2135
4723 7530
2532 5442
6778 7640
954 8876
4584 4727
369 7915
4435 6617
2428 3904
953 6599
258 7540
3004 3314
312 1973
7335 8568
3309 3583
7821 7956
2978 4694
2364 6486
2543 5474
1054 5514
1379 8652
5522 6530
7922 8236
5651 7090
4899 6113
1677 2930
6847 6926
37 6396
3511 3768
3092 4591
1805 7988
27 8232
3243 5845
3620 6527
5375 6504
1253 2612
4677 5161
1625 3838
1077 5519
7501 7777
854 4335
448 5409
720 6248
1008 8328
4376 5999
1541 7421
382 6827
4139 8721
2495 3142
4674 5144
1011 1257
219 1356
1246 6042
4373 6532
7596 8150
341 4055
2719 8419
6079 6740
6240 7316
2575 7998
232 8422
4176 5176
2476 3025
947 6838
5702 6451
1723 7005
868 7217
6354 7519
207 1540
388 8808
3553 4429
1666 1862
3720 4272
1718 8581
6666 8862
7498 7784
6750 7046
6986 7807
4320 5996
5280 6181
1315 7655
3675 7813
5520 8673
4656 5453
1210 7992
8516 8920
3943 6016
1500 7711
4510 4808
2824 8074
1467 4957
5120 7026
4285 7920
326 5019
288 2526
133 628
2862 5556
5118 8566
1061 5002
3141 6945
3460 5040
3707 4621
7665 8036
738 6436
3260 4629
3415 5374
7120 7788
1413 2050
5682 8893
3447 5603
3588 6603
3352 4646
1026 1910
5664 7464
1735 5436
4066 7549
5925 7328
3072 5107
2646 3058
8389 8430
438 6759
1314 3159
4511 6336
1082 8912
4089 6891
2631 6211
682 725
3131 4840
3658 6516
580 8787
3504 4901
6602 6814
1245 2754
2107 3146
1087 1228
3497 7657
5281 5976
7641 8702
1648 3531
3565 7382
186 8793
2296 4238
955 2782
4797 4958
4165 5722
2153 4033
1688 2719
126 8868
2703 6399
444 3881
3861 6257
1063 6015
4366 8408
2842 7583
3810 5754
893 6731
3933 7109
3960 7281
3355 5657
3418 5373
275 8665
3187 6970
6775 7586
4568 5430
2961 8620
4586 6969
2036 3435
2905 6722
6311 7205
1368 1531
837 2824
894 7190
1173 7215
1746 4308
2210 5005
748 6689
5318 6616
2639 6071
212 413
5258 5694
4959 8617
2079 8124
3574 6603
7502 7888
675 2478
87 4361
5534 7966
4334 8028
1933 5034
4639 8572
2523 8152
1614 3703
6624 8166
1052 2297
2315 2895
5818 6944
2565 4404
532 8949
2528 8183
3376 4544
4111 4830
1401 4486
3065 3886
7469 8344
630 7313
217 6375
6670 6737
2092 2292
2855 6175
1708 3489
53 8858
6562 8012
1572 3075
1423 5537
209 1158
4229 4967
3206 7118
3971 6320
2150 2847
2813 3510
862 3757
1915 3685
3018 8111
803 2837
761 6494
1060 8693
4062 8469
2578 6611
3055 4937
6050 8665
3351 4488
6595 6610
4272 8618
4687 7340
498 7829
70 7681
2612 7046
6356 6959
4401 8115
6362 8323
2843 7641
950 7550
3420 6822
3170 5553
1357 3511
3044 5769
3337 8187
4329 6431
291 7261
721 3011
412 7755
3694 4022
1642 3765
742 4989
2478 6707
2760 8941
5186 8747
6477 8240
3476 5554
3274 4666
3384 4693
3449 8821
1163 6091
1448 4947
486 6093
5980 6768
246 4117
5034 7702
1877 5834
2891 3067
494 2126
3900 3950
3003 8218
7613 8889
2846 8145
5647 6449
6654 8572
5809 6658
4399 6303
6982 8383
4650 6808
2512 7291
120 4615
247 1556
5408 5429
1081 2110
4039 8024
1312 2054
3421 8528
1117 5116
7274 7276
2300 2731
807 3870
2950 7423
1001 4816
3871 7813
1804 2194
315 7986
8057 8836
2163 4166
4396 6159
724 5150
905 6481
2092 6605
6081 8133
4265 5725
3981 6569
1921 3821
1516 8592
12 6904
7140 8401
6526 7379
824 5810
217 7100
4414 6977
3880 6281
5131 6539
2946 3274
3167 8747
5899 8661
210 2077
1136 7133
4356 7602
2001 6192
5989 7334
7002 7283
689 3154
5771 6879
1465 8866
7553 8942
60 8697
677 8465
2372 2760
5136 6697
1482 8685
2808 6197
2195 3450
5710 7511
1223 7442
2061 8542
14 7206
390 7472
1237 8244
2986 7793
1298 6369
336 1938
1065 7677
245 3372
6749 7070
8531 8542
3650 6100
661 2104
4296 5595
402 3400
5828 7117
2341 2704
2024 8096
6915 7764
6524 7488
4452 7855
5722 8632
1002 5692
906 4891
7300 8727
2593 7611
7439 8553
1137 8280
420 4996
2032 5637
5775 7538
8209 8246
681 2037
1123 2985
1309 6757
1956 7565
7031 7730
1572 5155
6387 7024
2658 4542
6074 6147
2922 8790
3260 3863
4326 7299
2281 7066
4252 8774
6587 6599
2305 3403
2775 6888
6155 7093
3545 3752
3374 3475
6303 8458
3578 6373
1362 2306
2130 4368
4036 8479
7699 8088
890 5454
2853 4259
5453 5976
1084 3536
4043 5574
3382 6464
3749 7508
2966 6342
5442 5808
5724 6700
4353 8684
3548 3600
3781 8248
443 6312
8050 8563
1357 6509
61 678
2587 3771
4731 7390
1247 5587
3069 3161
6163 6793
1119 3954
148 214
3843 7367
6387 7447
4221 4569
6599 8273
1766 3703
959 2385
1617 4319
4911 5358
4544 8317
1722 7995
2921 6876
153 8432
91 6619
7048 8730
665 2207
1553 8864
4960 5270
2048 6754
3951 4395
1759 5273
3046 4555
2482 4621
5090 8067
96 6376
1139 3918
1559 7462
2204 8042
823 2818
2851 8161
967 4593
593 5915
889 2628
2858 8588
62 146
6403 8852
1594 8113
373 8266
365 6879
4306 4702
4728 4945
1355 4159
629 8461
3986 7009
5633 8084
1262 5590
1395 6615
4212 8397
344 7426
664 4714
1179 4497
3022 8688
3527 5095
4599 5257
829 6218
3956 4840
150 8751
169 204
643 4321
6273 6686
154 5193
2700 8843
6424 7773
3061 4620
2410 8597
861 5420
2785 6066
6942 8882
1838 5730
4873 7684
3719 7448
3345 7633
2214 2754
2523 7644
5173 7711
1012 7868
3620 7130
1188 6069
7588 8676
6312 7115
5593 7531
429 8530
914 5711
670 4159
2291 2339
3649 3827
7274 8210
1895 5725
4610 8177
1987 4124
5014 5344
5724 6131
442 1678
972 1892
5930 6101
3013 5229
1338 1376
4741 8568
1544 4057
2706 7671
2394 4946
360 4084
546 6819
1193 4366
1424 3104
7496 8636
3486 7416
1742 8815
6072 8415
2071 8463
1823 2351
3642 7887
2336 8157
4211 7711
5099 7423
2662 6114
2290 7217
2872 3621
936 4193
470 1062
4771 5268
1830 6429
2488 8693
2889 6826
954 3857
546 8870
917 4385
4942 8019
323 6055
865 6753
7590 7696
743 6513
2437 8565
952 8819
1354 8238
4943 5835
1262 2752
2528 7562
65 2226
7862 8164
6051 6997
4843 7949
2422 3326
6127 6591
3793 7627
3660 6840
2998 6522
1805 2982
1807 3160
4622 7222
938 1282
623 737
3503 6281
736 3911
1909 5577
4242 8661
5458 6899
2889 7792
210 5097
2726 3225
2746 7354
6492 7411
1705 4229
7885 8868
3685 6206
2128 2918
688 3621
1370 2699
1345 3431
3661 5856
595 7500
7905 8242
2533 2697
3371 8149
1652 2094
8268 8734
6138 7971
2653 4772
7512 7827
771 1577
3356 7164
255 6323
1792 4817
3767 6904
993 8902
6685 7710
2083 3575
4882 7795
5586 8365
2729 4062
438 6642
3482 6899
887 7461
172 8470
5680 6110
6796 7109
1248 1739
3408 8837
866 2446
89 4054
1876 2125
7044 8330
3258 3795
3670 4906
496 1272
3411 8517
3443 3624
135 273
1732 3763
3670 7786
1847 6623
1148 2362
1632 8864
8332 8598
5874 8359
1250 3013
1072 1243
2615 2647
230 1674
297 2653
851 2594
2151 2318
4814 7578
4250 6040
4719 6099
3460 4532
6461 7902
5310 8523
153 7963
3696 4889
1805 8200
400 6985
581 8649
404 7964
5550 6101
715 1999
6201 8233
1541 4237
6577 7135
2801 3272
1098 4723
790 3684
6555 7004
1680 4518
1424 5470
4974 5847
6173 8316
2284 4625
1427 4091
6065 7464
569 7941
556 8810
5721 5852
1951 6448
7820 8701
1198 5156
7557 8642
387 5542
5182 6275
5783 5878
5285 6976
666 3230
4045 8110
1713 7098
3148 5216
2887 4254
2611 3858
3681 5615
1110 4084
1019 4803
5227 6889
140 1613
2578 7113
941 4172
2714 8500
845 1236
3048 6248
6415 7693
1782 7901
6116 7617
1736 5139
1340 3217
3601 7284
6400 6408
724 6049
3976 7174
1386 6796
2773 6026
5615 6919
224 7991
2120 8277
4317 5402
849 2310
806 7181
467 6592
1749 2383
406 7137
3043 6953
4977 5540
6730 7872
2491 3031
869 7585
2983 8150
6105 6525
6054 8083
4940 6250
2565 2600
2413 7386
6394 7947
3733 8151
318 2784
881 1791
4598 8471
8076 8688
5602 6973
1765 2667
2451 5654
1899 5507
6440 6863
2082 4680
263 5696
1683 1691
202 5049
1197 1579
115 5086
457 2407
2264 4562
653 1940
1159 2460
1220 2654
6636 7632
7048 8281
1432 2785
790 3953
5047 7269
4892 6906
6319 8399
1321 5004
2312 6469
1462 3481
4492 4659
4245 6609
2307 2494
1213 8803
5874 6189
388 4195
2337 8818
1154 1571
3541 8043
312 8495
995 4425
1205 4314
3642 4464
3192 6521
2495 3590
541 7117
1620 5639
9 5100
3677 5649
1937 7127
449 4757
6447 8802
983 4300
4834 8725
3620 4871
2885 5688
3392 6403
787 7344
603 1679
114 4664
1051 4321
5399 5413
1006 1398
3618 5110
6846 7828
5601 6761
7448 8279
5354 8694
6485 7589
2048 4431
57 5065
3484 4693
594 6230
348 2287
1305 6498
4455 7713
5642 6427
7113 8166
8389 8867
1671 7780
4291 7560
1905 7317
1808 3659
835 7982
3258 4496
200 6217
367 8733
1615 3103
1497 4911
5871 7495
2181 7433
1922 5626
6204 7880
2224 3970
6677 7687
259 6678
7964 8605
1913 3588
966 5237
697 4580
1443 2421
4827 5096
187 6186
2488 4149
6297 6628
2247 8469
3485 6080
1208 4346
331 5684
4654 7619
211 3886
6212 7432
2602 8426
2963 4572
2583 5243
3573 4302
1473 7068
2212 5453
6011 8208
776 2764
3685 3800
688 6217
2947 6373
2899 8753
1799 5650
1309 5256
3616 6966
5243 5364
972 1911
4962 5979
157 7151
1903 7582
1539 7193
2186 2567
1128 1140
156 5937
2348 6947
4824 6062
86 8339
1285 7050
4791 6234
1589 5303
2408 4259
2552 7952
4171 4432
4849 8842
1617 4387
1635 4450
437 3648
4997 6385
4760 6178
946 8171
4739 6145
5293 5894
8159 8263
450 6291
1032 1409
3893 8092
1354 6458
943 2974
601 6560
3533 6111
5988 7804
4663 5722
533 5311
4597 5676
1822 3334
5759 6370
3671 5965
446 3068
1331 4977
3695 7722
1771 3797
344 1133
1566 4669
2176 5499
4424 4964
47 3150
3752 5157
2996 5921
4605 6628
6475 7011
1004 5767
6746 8038
873 2268
105 7044
287 4941
1597 2497
1662 5844
1311 1358
6269 6360
674 2349
1378 8762
1322 6669
7618 8644
5283 6003
3535 4694
6699 7231
256 2553
2521 4580
109 4216
2765 3547
1811 8564
197 5430
2583 5562
3457 7567
3260 3264
1254 5732
888 7263
1549 4276
2163 6866
428 4044
3738 6585
4613 8391
5988 6378
1062 6715
2384 5063
3569 3803
5993 8336
6304 7424
91 5782
44 1321
1002 6802
6919 7904
3323 6668
1417 1420
940 8421
2065 4802
3217 8213
4110 5321
2694 3532
5777 5925
38 6690
7380 8757
3396 7215
5417 6254
988 5345
1559 5709
5595 7505
1652 5155
2322 4938
1164 3412
2118 2120
3798 3878
1570 6577
1054 8091
4278 7719
7557 8064
5789 6671
2612 5290
551 5451
1828 3703
1290 2100
144 2341
4520 7923
3506 8534
1101 4981
2474 7866
5600 8090
4325 7747
6691 7696
294 422
3814 4691
3463 4246
3424 4099
598 5028
8426 8639
2765 7081
0 7147
2169 7307
6073 8636
7243 7303
3802 6528
2029 2558
11 4053
1975 4766
3859 6246
528 7855
64 1952
228 1716
2109 4017
2452 6048
218 3704
3716 5631
2358 6809
796 4109
3974 7310
4212 8087
6807 7006
2678 8203
2518 6808
6171 6307
1027 4073
6272 7223
3094 8463
102 4575
3851 6056
521 7570
4959 7235
4728 7048
1946 4902
6187 7586
591 6328
8250 8343
3758 4989
514 8182
1014 5470
1439 1676
524 6018
737 2435
2285 2770
6789 7970
789 2938
2743 5322
7376 7398
1636 2453
112 3234
3088 7536
949 4019
6135 8645
8501 8918
8167 8860
74 5923
2750 7769
5066 8261
1894 5866
3864 6624
1976 8456
1275 3202
3076 7907
1131 1558
5175 8394
951 6020
3896 3991
3546 4130
3827 4938
1389 2225
2757 6542
3049 4119
3922 5415
338 3935
3877 6194
141 7601
3922 8214
3614 7962
2480 4583
208 8361
2740 6696
4775 8508
1442 3796
1573 6482
1246 6404
2492 8447
1420 3438
2088 4177
4742 7929
151 5320
4031 8797
7844 8682
2160 4724
6005 7988
1353 3043
4446 7622
1158 3904
7007 8155
235 5842
3550 7964
2846 3071
8877 8949
4909 5225
5971 6604
1811 6104
1943 1967
7582 7617
1166 2561
3016 8108
6364 7875
16 3438
1068 8265
4258 7778
2284 2694
10 6227
1628 7296
292 7020
5074 7708
3063 3255
799 8559
655 6986
1919 7207
4951 8623
635 2208
3397 8772
6394 8817
7 3187
2141 3361
1184 2869
564 4875
2516 6780
6131 8478
3227 5330
5821 7048
7507 8257
5163 7728
1574 3146
6607 8201
235 1669
4307 4660
2048 2798
1729 7397
2127 2897
4286 6916
2314 4451
7516 7861
554 4690
2849 6552
580 7344
2199 2577
2666 4745
396 5775
27 5242
2424 3539
4509 7459
1234 8410
1523 6108
1524 8083
252 6709
7584 8921
3589 6878
237 7727
7069 8893
4868 7838
3906 6971
1866 8140
3451 4188
4417 8669
347 3874
8706 8749
659 4291
244 2903
5029 7266
842 1563
520 1977
642 7572
4393 4604
5616 7586
3144 8346
785 7762
2301 8479
1025 4444
18 5264
689 5952
4125 8326
317 1263
3470 3852
198 5652
5148 7255
1678 8183
1732 2528
2018 5129
3123 7238
5076 5275
2163 4436
547 3306
2075 5959
1916 6608
291 8767
2952 5299
1230 6451
1610 5160
2666 5965
999 1214
2369 8160
6833 7626
2500 4720
39 7355
865 8133
3568 8174
3193 5737
4195 4785
3164 7890
7232 7313
1849 7954
1634 6197
6314 8571
7 5245
1031 6650
4085 6296
5248 6056
179 6976
2219 6723
4979 8319
5882 7899
2736 5236
6656 8186
3077 6495
4505 4873
2402 6340
2003 8496
476 804
5759 7306
1616 8214
5573 7783
6053 8943
13 3984
3255 3381
7275 8331
4674 8227
5554 8695
1507 8481
5349 8034
5332 6891
2902 4421
4558 8792
582 2406
2477 2954
6647 7464
49 1920
3395 5183
520 1512
1056 1727
178 8311
5020 8478
8070 8731
822 5434
1050 3619
6091 6773
6553 6768
2838 4591
4074 6182
1658 6264
5712 6728
495 4465
2993 8525
5812 6767
4393 7301
7270 8237
3182 5360
3212 8131
5498 8949
3430 3839
524 3314
745 5277
1908 5084
2885 3140
1483 6673
1531 3102
6038 8791
4499 5829
2180 6727
722 3087
6216 8674
7383 7858
5700 7924
3702 4764
1896 5026
2967 5597
2366 5928
5711 8930
4129 7192
6744 7114
2188 5673
914 4473
1972 4593
5379 6035
5803 6443
3081 5353
3767 7126
361 6319
6529 7048
8043 8804
2066 2312
3109 7775
5828 7587
5400 8043
4088 5875
249 718
1061 7481
4432 8580
3267 4767
3235 4391
316 6416
5191 5973
1535 5825
4506 7593
1515 1966
1905 2468
3386 8543
5731 8262
2884 6274
6504 7983
365 4212
2429 7392
149 4823
1470 6921
147 5774
4215 7861
177 1631
2576 6354
7026 8221
2331 4658
7968 8414
5912 6135
6895 7914
8145 8340
1702 8656
1325 8775
2887 8224
5398 5861
3166 4023
904 5169
180 6491
1083 2499
7668 7872
59 4223
5489 8331
5211 7587
5814 7697
4344 8396
5796 7684
1720 4711
1871 1884
3170 4772
799 5919
2411 5798
6962 8403
6883 8513
3753 7484
2427 4136
5111 7173
2152 6786
1832 6058
760 5898
738 5676
5107 7542
808 4860
2045 6900
5671 8323
2149 5425
1791 7578
2075 6202
3088 8522
3176 5778
4329 5008
407 2569
5826 6410
111 2600
3832 6960
617 1387
5700 6800
1678 8450
575 6878
5013 8704
7706 8555
7466 8395
3858 5952
2490 7908
1107 5990
203 2340
2617 7818
1077 4857
8401 8553
5908 7536
5958 8579
7011 8688
2828 6573
8417 8438
5235 6228
4118 4500
2582 8325
2906 6994
2266 2874
4833 5202
5481 6780
2785 8384
3055 4920
2160 7406
4446 5166
2245 5244
2403 8799
5256 6842
18 7391
2297 5346
4015 7657
1931 5911
4220 6056
2782 8233
2894 6826
4641 5703
2031 7464
595 3790
1078 5016
5625 8108
654 3997
62 2196
2169 5298
2887 3603
4374 8380
1562 6118
2841 6043
806 5653
1862 5662
209 6405
1572 6996
2682 5158
650 932
3465 5992
2307 6832
3423 6463
531 3411
564 2568
4904 6537
1432 2323
4487 8790
3444 6901
6903 7009
4893 4935
1265 3236
8082 8782
98 4657
7803 7905
7222 7707
4386 8235
744 5412
154 7924
293 4209
6115 8918
5339 6580
1539 7183
1366 4869
1239 2425
2350 4202
855 3028
774 5030
6339 7326
523 3897
3557 8450
2718 8492
3158 6750
613 5567
6346 8436
1702 3010
7340 7483
5884 6990
1652 5460
6925 7649
4534 7919
5858 7590
2970 4439
980 4658
355 2660
2290 8020
5957 7054
6286 7180
2572 6256
3608 8082
3081 3967
2508 4907
2908 4944
4026 4410
2210 7293
3301 6687
3616 4826
248 8895
4032 7094
5909 6128
2901 7878
1049 4081
4536 5071
366 7541
593 5638
2620 6629
4100 6050
4598 6450
5950 8482
2406 6574
3710 5926
2355 6273
5301 5528
2374 3285
2782 6097
4997 8039
2471 3021
847 3647
949 3773
1621 8549
455 8355
495 2668
1957 7106
2137 2793
2194 6785
217 237
2000 3398
8080 8936
4286 8521
4498 7070
4246 6444
2007 8461
1484 4169
474 3297
5541 7351
3914 4449
583 3342
6646 6949
1474 5666
954 4042
1248 2513
1550 8829
3223 3743
24 1191
3849 4904
4037 4495
3927 6858
3001 5293
6651 7802
1291 3470
6131 7658
5532 7813
3474 3903
5644 7731
1976 5594
4800 6519
8372 8729
2030 4240
4814 5092
6438 7440
4685 8359
3610 5447
1277 5505
762 5516
1168 4486
3173 4955
4918 8597
5289 8126
2178 4626
3280 3757
4488 4881
2730 7686
4468 8749
7886 7979
483 2773
2164 2214
3387 8945
1149 6353
7638 7871
2277 7756
2332 6123
1997 2181
2344 4996
2123 8201
870 3058
4387 6834
97 7955
2210 3713
4688 5309
3387 8117
3869 5678
1453 3188
2623 4360
4315 8422
2926 6715
1043 5362
2002 8162
762 6313
466 6430
973 1381
539 6253
1767 6662
1838 7846
152 6791
8125 8817
6381 6961
1416 1786
4756 6283
7121 7455
4348 8153
2539 4596
2118 5889
67 410
2792 4554
2937 8705
1210 3140
1717 2139
1517 5262
5983 8199
2006 6710
1663 4916
4484 4689
692 3135
1776 5273
3037 6546
5872 8701
989 2292
612 7492
3593 7176
545 5938
5058 6738
430 1864
1489 4588
4990 7979
3086 4211
999 3185
1157 5050
2228 8464
8444 8725
3940 4228
1368 5800
3375 6054
288 721
2882 8090
631 3869
379 3920
460 1444
329 6752
4836 8497
493 6290
609 4439
4687 8530
813 6685
1190 4606
86 2254
4528 6441
5244 7938
818 2910
823 2282
516 4549
5727 7003
29 6631
426 8527
2164 4275
7989 8736
7249 8498
3908 4674
5873 7435
6452 8910
3243 6275
1427 3502
2184 4481
506 8385
3883 4053
1380 3692
6864 7942
4133 7723
6009 7266
3306 8933
6684 7266
705 5697
3888 4737
1465 8872
1169 4071
6467 8401
1825 3789
3410 6767
2559 7004
2382 6401
2710 6504
2843 5433
3701 8792
1324 8346
1238 5208
1018 3172
145 6925
3907 7725
821 7332
1152 6136
1214 7412
5689 8046
3220 3784
4921 8607
2270 6323
1773 7073
1349 7252
6494 7800
1591 6928
4350 7969
1833 7417
5245 6698
6274 7531
267 4030
3087 6093
1643 8418
542 8053
4941 5072
512 1706
3747 8387
440 8627
1665 8340
1201 1858
2664 5656
3435 5719
664 3238
638 2801
5149 7505
2047 2648
1643 5258
2732 6322
3469 3731
1414 6515
1055 5048
