89
36 33
5 0
11 41
40 65
26 49
39 73
51 54
6 71
9 48
29 49
28 70
8 58
7 45
5 85
26 35
19 31
44 68
28 88
62 86
33 83
26 53
40 56
0 53
36 51
36 74
1 65
30 63
45 81
16 46
18 69
19 44
58 59
7 77
25 61
59 86
19 38
14 68
15 67
68 69
3 70
5 28
9 36
24 30
73 79
21 72
15 20
47 82
4 87
9 79
11 32
25 70
17 62
15 26
53 78
16 39
32 45
47 76
60 80
42 82
12 63
23 78
27 88
50 73
66 72
39 87
38 80
66 68
42 64
52 55
19 75
2 52
13 74
22 42
12 52
26 37
2 74
40 43
7 70
3 34
66 86
0 86
10 15
3 40
28 84
5 80
33 57
6 32
32 83
3 54
20 22
