1368
942 1303
21 16
340 782
21 1282
853 1168
493 697
527 1065
736 1149
71 377
473 1129
725 1012
1031 1055
549 713
333 978
744 883
126 1267
939 1308
1158 1178
442 840
446 960
75 969
8 124
67 573
210 333
238 1285
11 367
63 899
409 782
1003 1053
1015 1214
482 1105
560 597
129 464
599 1292
607 1149
77 1021
109 906
112 590
1117 1183
237 413
786 1105
377 1186
196 605
205 364
449 601
345 783
330 1124
422 996
213 280
219 665
223 1277
481 1007
973 1207
257 1120
165 855
1096 1342
501 506
1189 1237
330 1350
820 1210
32 378
644 919
183 954
62 183
942 1329
803 1360
840 1289
147 532
853 1211
591 746
170 394
195 688
1041 1175
472 1115
13 105
341 590
94 190
227 825
645 1184
726 1223
254 715
14 498
1269 1359
869 1310
162 689
17 120
826 912
554 1233
1181 1231
474 846
1173 1306
199 312
501 848
116 1334
305 1237
1314 1335
565 634
202 1243
533 773
844 1295
1225 1250
218 977
1130 1233
634 885
50 891
173 782
117 427
128 354
539 1346
280 658
133 177
480 818
90 1032
387 964
866 1285
21 1073
399 967
304 595
51 230
455 1215
671 1324
986 1357
423 1297
305 1083
629 1353
208 845
786 1020
1266 1302
654 693
1057 1211
826 1052
659 1024
32 46
77 1206
441 631
88 278
629 1286
341 1053
147 313
217 297
1027 1202
897 1115
513 837
382 865
1168 1349
281 763
318 412
783 1179
370 1149
346 925
550 1149
434 991
224 296
526 772
76 295
814 1270
817 1243
482 890
126 319
544 1048
51 1157
524 1241
540 637
926 1198
547 1197
379 832
43 361
71 596
431 673
86 314
264 294
352 670
581 1313
874 1145
491 720
610 853
52 1056
43 950
253 309
551 1240
255 1209
137 1353
408 648
173 1069
43 1243
530 620
42 982
1068 1290
68 841
520 653
598 834
864 1300
311 1017
1129 1148
23 669
399 941
793 1050
46 504
84 1269
28 189
491 794
794 1065
142 454
342 871
240 1040
934 1303
481 965
902 1160
1255 1343
836 1081
175 231
585 640
903 1167
449 469
592 872
329 1059
211 1294
258 901
478 892
627 1038
693 1203
29 1275
75 1001
439 638
123 656
298 1150
263 370
521 1100
41 602
436 851
773 1149
356 798
164 662
555 1182
652 1156
571 665
862 1194
838 1365
403 1275
549 1047
150 1145
40 797
43 339
13 493
732 1015
682 1259
91 1163
484 1162
56 654
873 1194
330 1224
242 1108
515 1060
508 598
111 918
663 1314
208 724
590 1141
89 743
243 456
93 923
541 1276
171 1175
702 890
707 1333
593 1257
587 1352
885 1326
259 1080
1171 1234
642 1264
1108 1164
52 406
584 1223
350 1191
899 1269
355 1139
129 345
49 364
1095 1180
613 669
347 948
44 791
829 1240
124 1272
830 1035
236 635
54 1350
151 953
643 994
578 884
179 984
840 1070
283 1104
527 929
258 275
622 1222
152 1131
314 722
1230 1339
7 665
1071 1088
162 979
345 394
1054 1342
908 1177
75 399
1213 1356
471 664
223 298
742 1239
548 1209
149 433
99 375
262 459
145 462
233 947
1220 1271
465 683
551 1183
1024 1260
729 1244
639 1106
674 1078
49 466
701 831
981 1262
581 1018
997 1269
27 33
67 435
97 1089
550 685
35 1077
335 459
360 726
256 993
521 612
506 1220
72 823
272 1143
302 1251
103 994
211 577
489 1293
461 571
268 667
112 1173
374 1106
796 1068
606 1331
160 464
278 1099
853 1249
458 1327
155 556
524 718
471 677
502 1303
751 802
407 1037
606 1003
1080 1298
390 1068
222 641
494 765
477 1267
621 932
69 676
180 303
281 952
668 1170
340 1312
278 924
70 1037
171 197
670 1327
131 719
427 510
392 1068
399 617
227 1162
483 684
339 937
195 1348
323 713
431 733
1017 1299
97 605
535 721
701 1316
205 570
139 624
626 1199
57 927
989 1276
94 752
338 1321
366 1352
192 480
136 618
557 1304
44 503
598 686
73 342
725 988
125 1361
388 795
1357 1362
273 571
1027 1321
100 253
166 516
127 380
158 433
448 857
411 973
703 1121
669 741
773 1185
250 1215
1285 1290
216 494
362 1227
3 373
998 1295
221 500
288 777
510 582
299 769
248 261
742 1090
621 978
164 415
457 468
186 670
231 900
216 532
282 1140
368 973
208 1253
258 1221
441 1114
627 655
164 1009
706 1065
30 87
817 1160
1288 1338
377 1135
644 709
396 508
430 895
898 1263
683 931
249 758
594 609
83 871
996 1027
311 880
774 1030
279 828
705 1265
9 793
708 741
139 870
523 1318
946 1005
3 963
42 781
377 378
813 1206
641 745
435 519
132 353
318 568
586 917
315 1366
31 607
572 926
1120 1257
369 518
137 836
893 1013
89 146
231 444
272 1305
420 529
115 162
10 753
990 1026
828 1247
194 1182
652 660
256 1258
52 1312
129 772
130 291
1153 1175
78 1020
553 826
313 672
40 865
607 1305
835 1004
526 602
4 306
57 861
38 800
371 975
309 517
710 881
483 968
75 486
754 1161
441 1034
234 296
25 1367
233 839
384 1279
1192 1199
85 721
205 696
888 1324
302 607
1240 1296
853 1367
1058 1319
297 443
1264 1365
564 809
439 1116
291 764
294 1080
285 517
110 538
338 1005
1051 1166
277 372
867 922
127 605
1030 1072
962 1321
694 1352
457 1263
715 1006
201 204
350 703
920 1355
95 1028
507 1200
256 904
1 1064
683 846
115 785
410 544
1237 1358
153 1321
760 905
527 615
599 735
928 1290
956 1281
255 346
274 875
654 704
260 626
311 775
714 838
283 426
326 852
55 144
439 628
287 711
570 670
216 636
604 912
320 1301
284 1225
645 683
517 859
239 639
331 352
611 816
321 746
851 876
412 1313
182 835
58 1284
709 1096
405 845
464 608
289 368
467 831
187 561
124 944
452 728
277 760
992 1260
169 1031
691 947
455 790
413 1255
238 854
758 1204
310 1329
11 456
1060 1242
602 1015
283 1222
167 1353
631 964
901 972
55 1297
656 704
909 1134
650 1113
135 795
495 699
65 158
767 989
114 368
511 693
522 988
911 1196
521 1193
155 718
215 491
20 390
70 308
754 849
528 1001
959 1127
709 747
64 202
224 293
11 1087
28 336
991 1309
199 1344
472 1354
342 747
605 977
672 1066
566 1346
363 1325
220 748
64 409
724 735
133 755
103 900
636 1167
291 869
962 1330
153 647
148 958
381 542
1094 1198
771 989
742 1124
858 1022
307 1144
1141 1298
30 746
281 863
901 906
519 902
898 1121
1206 1218
43 1278
4 807
750 1071
22 917
679 721
365 646
207 1307
997 1348
1008 1133
508 530
434 1268
384 1146
116 1235
500 887
188 213
693 1132
192 1366
15 42
1026 1082
161 602
658 804
968 1236
480 1199
321 652
315 467
849 1190
813 1111
83 600
348 716
579 1046
149 437
769 1220
595 1114
792 1075
70 1248
17 826
322 1231
203 1151
605 721
842 966
924 1088
333 820
399 620
614 1225
1043 1177
229 916
123 794
94 1216
83 266
707 1129
806 1311
484 875
999 1145
992 1283
334 1271
490 1192
279 1314
794 930
1002 1125
404 887
230 797
594 844
514 647
943 1076
273 528
504 734
192 1266
357 1210
173 378
184 1219
868 955
51 159
118 500
739 1198
115 1261
266 745
110 1357
6 415
560 1333
374 578
316 420
688 690
725 1364
153 366
226 343
638 1254
329 813
403 1200
1109 1362
427 496
212 1065
438 1256
862 1050
777 1365
59 875
92 1308
609 904
209 675
233 768
1061 1310
364 985
696 697
1278 1301
575 889
115 323
574 859
281 1291
7 200
151 582
60 1118
344 1266
122 805
444 1013
921 1355
469 1261
79 235
212 399
164 1075
179 967
284 666
1027 1324
369 438
450 1358
891 1308
225 1303
260 1322
400 513
25 545
164 842
318 389
863 1034
269 320
398 1082
907 1122
247 1328
68 457
322 428
933 1188
101 576
59 582
145 1272
217 1183
527 910
852 1096
1086 1259
917 1157
1019 1063
10 352
506 1008
248 777
204 893
875 1061
554 616
318 364
100 247
596 633
57 1127
24 309
330 407
359 1322
892 1184
212 512
217 914
176 669
59 1202
468 536
320 716
1002 1273
421 560
488 980
989 1086
882 960
945 1024
200 428
275 345
13 1084
789 1057
680 992
773 955
836 889
495 1226
80 1251
21 1336
550 808
287 505
458 1126
116 1095
369 1067
633 1289
629 1273
111 1246
1159 1205
244 1174
154 1322
362 1096
99 818
158 737
328 1170
988 1337
418 580
606 652
860 980
354 1138
1075 1340
253 463
353 1317
749 885
234 1174
178 563
175 286
819 1119
694 1079
121 202
180 795
492 694
47 313
410 961
96 1277
248 249
252 1061
119 256
424 469
805 949
1194 1280
439 532
19 333
990 993
974 1115
540 1244
576 1269
139 1136
77 327
634 1223
241 728
1077 1103
646 919
316 1287
567 1089
579 748
440 679
564 1076
121 835
370 605
695 1347
795 1032
290 680
398 485
339 490
983 1093
186 191
724 1255
567 625
358 970
106 483
20 1197
978 1252
527 812
460 494
16 210
337 681
713 976
278 1363
161 336
185 875
206 971
907 1317
582 1361
694 1232
569 868
601 1154
632 792
802 1362
997 1288
18 540
135 397
303 945
723 766
144 851
268 955
533 640
304 453
293 562
229 1187
1074 1217
120 1195
503 696
510 618
821 843
274 960
651 1352
44 451
225 799
66 1150
458 534
16 1014
708 915
248 1300
94 1245
349 815
811 824
606 801
665 1168
589 698
316 1169
214 465
626 1219
94 1144
359 1141
393 559
241 1147
2 208
1085 1277
987 1112
487 569
60 1235
1033 1130
650 1145
827 1223
1091 1155
282 975
1172 1353
610 1176
1241 1318
307 359
893 1288
699 1107
220 653
711 1134
193 210
267 283
563 834
335 381
536 545
163 1071
110 719
1250 1319
657 1199
365 830
170 356
61 1095
266 1019
82 351
248 694
108 563
1122 1157
923 1278
533 1155
1168 1178
81 993
45 870
14 1107
253 745
312 510
386 1317
202 757
707 1055
508 908
17 1345
168 956
3 1291
262 349
787 953
425 921
37 414
959 1246
107 672
803 1248
331 559
416 1269
523 855
664 824
518 1169
146 943
733 1082
371 948
395 1017
157 810
23 807
614 965
510 1060
116 181
359 1127
1113 1134
374 419
826 1228
53 1295
630 1069
155 263
25 778
313 1251
713 780
610 1011
896 940
648 1253
405 622
271 507
710 858
148 1204
195 1113
137 351
98 1196
1208 1296
385 689
33 784
1064 1262
445 790
408 1201
120 546
402 794
50 1304
592 1244
557 957
106 493
430 934
557 1249
184 744
281 1101
245 301
493 550
36 794
593 727
149 639
631 879
738 1033
295 1239
473 1026
32 846
657 770
177 1186
1156 1235
687 860
376 995
184 603
419 509
672 712
429 1142
97 414
1040 1079
358 1284
1042 1352
517 775
5 318
427 476
681 1268
157 528
470 915
829 1096
194 1140
184 692
637 847
102 1002
104 386
38 280
1030 1046
363 1143
712 1279
139 216
189 1284
250 465
673 1228
170 1098
166 729
6 454
425 804
235 466
122 1060
125 1350
681 756
905 1103
752 916
821 942
786 896
189 1036
641 1205
415 750
243 312
228 611
703 867
2 113
417 698
108 839
1050 1267
228 1034
499 995
980 1003
276 599
300 890
354 661
705 1357
766 936
592 828
171 829
234 1224
430 558
232 525
14 698
1012 1102
476 674
335 534
292 435
95 1018
786 932
555 1110
172 1060
9 821
143 974
1098 1123
731 1010
69 756
572 876
277 956
659 723
266 317
112 251
12 928
431 833
700 717
921 981
741 1331
1152 1161
34 586
391 447
518 590
485 678
618 1347
475 718
35 86
658 1062
60 1074
1128 1317
211 1238
379 1014
317 740
202 327
310 764
353 1006
112 938
138 278
238 1129
140 911
94 174
1224 1354
39 548
74 1226
779 1214
370 1049
375 1190
395 1291
579 1295
324 1201
333 913
60 1092
1007 1129
343 1309
544 1339
537 1044
603 717
210 756
4 448
219 1081
325 952
626 668
383 1328
821 1228
823 1258
257 843
448 1051
525 577
326 762
0 267
716 1094
799 886
265 788
301 879
526 1324
454 588
671 877
50 1138
203 238
822 1307
443 1044
332 1217
513 981
242 311
757 1351
1 1219
583 754
124 1067
751 1254
48 507
425 552
1137 1269
1001 1039
246 987
162 850
771 908
26 608
114 134
411 1007
1193 1360
141 647
24 198
584 652
63 759
316 623
4 35
602 1339
418 426
219 1033
635 1312
76 376
409 925
824 1323
566 952
127 1282
187 681
1025 1057
447 787
661 933
49 788
149 630
141 1112
48 1052
807 1139
734 1341
479 647
145 1088
191 1171
626 1045
531 1135
229 675
2 278
962 1000
941 1097
1129 1233
671 978
799 1207
251 664
594 1169
619 1235
856 1176
90 162
401 1094
319 1294
404 754
156 1072
367 761
190 1293
858 1233
32 1270
397 935
700 781
176 1356
573 1274
2 432
748 1315
159 543
540 1332
241 591
174 951
362 1010
627 938
1061 1271
269 270
726 954
223 929
27 1298
1110 1125
522 590
512 1131
865 897
89 894
304 1320
822 943
1093 1225
357 1314
1196 1208
517 699
106 497
945 968
663 1261
309 1062
806 1233
1029 1214
878 1190
103 182
548 1023
730 862
1016 1226
81 146
91 515
344 819
649 1305
305 1277
398 971
462 1212
429 1309
41 1165
80 776
962 1229
