7373
828 6278
63 62
1512 4065
2669 3843
5415 7118
4684 5652
3784 7150
4769 6034
3372 5050
2636 6366
516 1622
3325 6146
1980 6648
1292 2999
5258 6817
1 3015
2268 4114
2949 5958
4309 7037
206 5382
1182 7176
4440 6336
2576 6974
1122 2784
326 4128
580 5482
584 4291
373 2755
22 6319
188 5554
561 2804
1539 4484
3979 6624
1141 5647
430 5465
858 4253
3018 4871
2665 6861
4808 5659
2030 4100
488 6453
1694 3634
1643 3542
4716 6943
3431 5663
3476 6239
125 4960
2323 5158
4261 4940
5568 5754
684 3325
2912 5437
4707 7334
59 2994
4090 4669
1937 7286
4283 6039
4294 5535
1683 1965
2644 6616
1105 1121
6098 6249
1896 7086
856 4022
107 1209
2491 4392
2048 7290
1578 3969
1545 1840
2440 6347
610 3032
3515 3916
840 5326
86 6527
3827 6388
2670 5187
4414 4932
1983 6107
855 2004
179 951
5365 6642
1499 3051
1977 6247
2079 5039
3367 4178
4019 7254
4058 6380
7012 7025
550 6290
2416 5364
1563 2433
1230 7098
1085 2139
3995 7275
998 1298
3857 5846
3726 3840
446 3313
2918 6985
47 1283
621 6836
4054 6712
1272 7372
1865 4238
82 4163
261 5984
3162 5851
882 3554
1172 6382
4888 5372
1803 3727
2461 4573
1089 3967
2488 5483
642 5955
789 5251
1481 4693
5959 6760
4480 5361
3849 4241
4928 6803
2339 4807
1329 1440
2573 5511
3035 4879
3064 6842
144 3136
2352 3457
3402 6685
1924 7065
1435 6152
2862 5468
5147 5548
2258 3847
5366 6651
171 7246
571 1517
669 1144
1269 1574
388 4879
5300 5431
2823 6617
4027 5712
6 4613
230 1228
3837 6827
4932 6170
763 3742
6458 7230
1225 5534
2866 5269
368 690
2556 6728
998 4079
3370 3534
2713 4553
1544 6097
5108 6158
2964 5217
87 4263
3086 5758
4113 7341
4045 4728
1275 5019
6867 7351
3131 7140
2985 5688
3206 3909
284 2504
3016 6518
989 1456
5226 7124
1726 5691
970 1658
1345 5447
1324 4893
4591 4775
3609 6116
3282 5473
5266 6078
1349 5347
562 6766
280 2687
426 6618
653 6383
5659 5705
3516 3605
4345 4730
5426 6025
2403 5858
3558 5997
588 6046
1216 3228
506 1519
2664 3249
6939 7279
4111 5942
6501 6956
1352 6826
3068 5040
4220 5561
1609 2230
5455 6851
2762 3968
3610 4457
2511 6013
3087 7351
1279 2472
2789 3674
1586 3185
274 2000
6333 7362
4404 4729
1191 4588
2582 4089
1280 3123
1786 5066
815 1802
3042 4971
105 4101
4005 6383
1190 1904
935 5194
5918 6458
3891 5236
2408 3422
3460 5221
3783 6979
3418 4634
5207 7037
278 1681
3197 5377
1470 5655
1391 5100
3044 3368
1328 1629
3813 7078
4367 6519
6703 6760
3163 4965
1202 6648
5780 5799
454 3725
1491 6282
1901 6374
793 866
1346 4150
1929 6514
4816 5002
2487 3276
1040 6242
2328 4569
1110 1842
434 4796
1354 5541
5487 6929
226 4200
555 6991
5228 5910
5357 7221
5168 5519
643 3218
3710 6167
5726 7211
2554 5653
4333 6563
4266 4399
3767 4381
311 1589
5430 7071
2147 2926
2314 7120
2538 5584
1299 7026
2532 5937
5832 7059
102 6182
2632 4016
5617 6494
869 6865
3504 4137
4639 6265
1071 4750
4365 7329
3327 3668
3245 6423
4991 7183
1179 3272
1960 7326
2002 3010
1413 3703
3014 3493
887 5617
202 396
3841 6693
1608 4580
990 6576
1221 6652
375 4447
3982 7144
1557 7369
2699 4809
4976 6550
338 3101
2763 5210
5145 5893
405 7307
5229 7184
1839 6701
896 2666
259 4072
1923 4333
4120 5286
3518 4760
2917 5399
1067 4339
3340 5174
2865 5986
350 5272
699 6643
4571 6415
2414 5004
3201 4590
1169 4778
1011 3632
1290 1717
2834 7036
4110 5925
3759 5620
2007 3696
10 2890
3607 3950
5627 7347
638 6168
2693 7171
148 6236
1241 5491
1280 4317
549 599
3141 5586
2064 2719
5572 6764
1703 4729
2222 7291
94 5741
2965 5601
3513 3520
5526 7167
3615 5086
6451 6904
1192 7273
4587 6593
465 5247
691 1515
965 7116
1982 5166
6013 6142
1493 3354
3214 6629
1444 6982
2365 4211
6167 6263
2373 3771
30 6746
2103 3552
6210 6748
2416 6019
2609 4628
2880 6140
4085 4638
3768 5808
1329 6535
5064 6043
2547 5920
3237 3760
750 1902
2276 6908
5235 7283
4212 7231
5891 6818
1493 1948
1015 1026
6423 6758
1940 2733
1167 5827
3379 7068
1248 4906
3860 4422
4448 5858
2511 7235
2927 7304
4568 6900
759 6361
349 1198
707 6110
3602 5345
2827 5047
1802 1804
1240 4219
1389 2329
14 4394
1978 6925
158 7239
2692 4466
1546 4560
1293 3961
4675 6114
5894 7027
1413 5090
999 6785
1464 6673
2839 3430
5555 6845
266 457
3802 6035
1937 5634
1471 6004
1407 4756
4224 5983
296 6055
885 6371
5420 6120
681 836
5034 5502
763 7353
396 3990
30 2765
1832 3997
296 867
4306 6309
962 6567
1304 4503
1239 3404
1116 2177
1653 7170
563 6405
4411 7113
6057 6650
1004 1560
5025 5277
3627 3701
3224 6485
513 5103
1011 2107
3081 6206
2392 5477
1407 1682
1029 1960
2486 3460
4294 6593
5963 6006
2939 3392
6207 7117
3762 4326
3333 6392
3057 5306
544 7224
1016 1942
2801 6087
5897 6168
1719 6817
2491 7033
2877 2996
1081 6112
906 5673
537 3473
1296 7007
3442 7080
652 3884
219 6160
2691 7212
1679 1769
4260 5886
2354 3409
4592 5800
4780 5807
3446 5413
2183 6566
1114 2740
1107 1848
4047 6569
4119 7151
2963 6505
2323 4917
878 4524
441 6383
3958 5947
1466 4985
4185 6515
2899 7312
182 2521
6047 7018
5751 7335
3756 7171
245 4526
2746 5675
2759 5576
1956 5624
1570 3821
4160 7175
3908 5042
1345 2400
817 1981
4112 6456
4571 5324
4196 5725
2360 4059
2257 6740
5128 6574
432 910
4253 6880
5042 5470
924 990
1695 3974
746 1038
1574 5911
1576 5219
944 6193
552 5573
4477 5454
353 4740
6941 7042
4642 7114
1467 6954
5302 6541
2255 5901
4337 6844
98 6139
1668 2729
4369 4715
346 5279
345 3064
3252 3319
327 3346
4661 5116
2218 5182
134 4484
3432 7111
5368 5891
1277 3582
1269 1520
3107 4518
3989 6709
2450 2947
1553 4234
2599 3474
7005 7365
3651 7042
1641 4077
2210 3704
113 1131
2463 4672
1083 4365
3976 4159
2612 6659
3504 6026
4938 7052
4492 6282
7 679
1784 6518
1779 4520
2611 3047
2367 3461
1357 3731
231 4588
1660 2089
1489 1961
1860 3934
5266 6638
2996 4327
4832 6766
124 4337
2161 6040
2241 3842
1187 2465
864 4181
118 5384
5975 6619
1374 4250
2754 7161
5541 5926
1226 5434
33 3863
1775 4694
2197 4870
3959 5815
2328 5569
2745 7078
6492 7237
658 4818
3489 4468
1957 5242
720 4889
3604 6634
5458 6294
5999 6974
799 1455
437 4017
1733 5234
2075 5604
2442 2561
5521 7068
397 2889
5014 6067
2304 5909
299 2378
4112 4822
1811 4391
4597 7132
4800 5363
5939 6020
2335 3823
4573 7324
2190 3678
805 1894
4695 6301
1056 4338
1291 4347
1143 1270
2127 5023
5365 7003
2461 5929
2029 2484
620 4688
1925 4202
4454 7141
3694 4617
2131 4595
2849 4950
921 6359
1918 2500
2510 3598
635 7309
2544 2752
2954 4144
5431 5694
4030 5749
623 2259
4059 6525
4695 5998
427 7092
5481 7179
609 2523
5505 6442
2636 4265
1330 5869
820 7325
639 6305
2026 3447
279 2870
2867 4673
4225 5215
3258 4115
592 4406
1607 6186
17 6206
5163 5288
4795 6719
1194 2117
189 6048
4135 4240
545 553
2285 4548
551 652
2546 5625
718 2318
464 6232
2349 4521
1666 4636
496 2706
6393 6958
1612 7285
1075 4585
1495 1660
1314 4742
4097 6945
1402 3828
1909 6360
659 5238
4191 6595
1441 4354
2907 4031
1532 5821
4138 6685
1037 7359
2831 3107
4047 6286
448 5426
4158 5887
3096 4425
4792 5227
1662 4653
2088 7074
627 4985
5118 5767
5035 7295
5842 6386
5251 6223
5235 6317
2083 4367
379 3490
128 5398
3856 4976
82 5743
3469 5515
6013 6480
29 4341
2610 4720
3487 4318
115 4426
137 2372
1022 3525
1076 3440
1415 5637
2839 7013
819 884
2463 3761
4013 4361
2515 6978
2094 3291
305 4269
104 3656
1725 6565
3232 6002
5874 7232
634 3335
6101 6107
1919 6104
1868 4305
1500 1640
454 2129
802 5309
1060 2787
3741 4266
4163 7091
2844 5834
4986 6560
721 1910
4866 6813
382 2071
3176 4592
3106 7208
1465 2966
1080 2113
2903 3694
1344 3027
605 3872
1344 5615
5117 6831
1886 2939
2174 3268
1287 2496
1063 7213
632 6201
2896 4318
152 3021
1218 2330
252 4413
1018 3367
3564 4529
7019 7290
822 2226
5628 7162
3902 6271
3391 3458
3960 4137
963 5291
908 5241
667 6175
1760 1916
1312 3158
2869 4185
6183 7048
2294 6859
4401 6068
476 1921
627 7311
413 4827
1237 6042
1450 4489
3533 3919
3263 4088
1151 5687
2734 6369
2142 6305
2916 4677
6137 6687
1922 5847
1392 1594
5335 6546
57 736
2693 5873
2295 2633
477 3171
2407 7238
5780 7134
99 1741
583 1767
2157 7193
3807 7267
1130 7263
1027 5456
1975 2904
1599 2475
4041 4528
1042 6406
3641 6178
5373 6708
4709 6710
953 2032
1979 3910
3293 6680
1998 5003
2357 6454
694 5218
3795 6408
257 465
431 4563
1088 6871
3875 4078
1749 2938
1063 6247
5020 6091
115 6116
3293 6922
1545 3200
2169 5241
2021 4167
2801 6639
6214 6221
478 2122
1934 2747
2275 7067
756 3002
672 4909
2065 3281
1591 6464
3123 4515
3167 7000
5837 6696
3134 7061
749 2979
970 5114
1670 4614
4970 7028
2764 2785
3465 6732
1684 3775
2037 2971
1360 6813
729 7220
616 4603
2325 5173
1884 3662
3066 4473
3130 6507
1487 3972
1233 5363
3078 5335
2086 6735
2525 5496
1188 3174
5781 6197
2927 3788
2351 4973
4717 5291
1300 3054
939 6851
1546 7191
1311 3256
2999 6454
1079 5079
2719 3707
52 6516
2464 5609
357 2598
243 6257
1282 3426
2498 4070
2045 3682
889 5029
3164 7199
1903 5356
380 634
3742 6960
5754 6548
4536 7094
5694 5890
3102 4446
5481 6561
1077 1476
1749 3188
916 5208
1688 5689
984 2858
4496 6453
727 1823
391 3732
907 2265
1952 6534
3092 5437
561 5484
1933 7174
2446 6881
5066 5697
4038 5670
4127 6164
3985 6610
2852 3569
153 190
1843 2803
619 5225
4995 5876
558 2789
2264 3317
1724 4781
2327 5270
804 1228
5564 6878
3588 5165
678 1754
4413 5604
249 2004
1702 6174
5589 6018
1277 2858
4117 7196
2280 5401
1248 3963
646 2944
1392 1972
1866 7210
223 909
4334 6385
1991 7014
3161 3773
4229 6204
1668 3901
2070 3316
2204 4436
424 6972
4661 5710
4831 5121
1261 3320
3840 4435
862 2388
2563 7221
327 622
924 6481
310 2405
2717 5115
1340 6572
684 4022
2481 3079
780 4665
5750 6874
1205 3862
2617 6524
3810 3926
6755 7193
4317 4962
473 3106
1551 6063
1422 5371
1539 3560
2850 5148
2748 4881
1251 2497
334 6748
622 4456
3935 6848
3672 5251
252 2914
769 2179
4315 6160
1086 1854
758 2301
1024 4963
191 7320
4825 4851
752 2876
5184 6955
4491 5092
517 1737
6450 7026
2042 3518
647 3324
495 3951
118 1941
2039 5030
1541 6460
258 4645
4347 5057
1014 4530
2404 2620
1030 3119
4586 7227
3532 4370
5666 7230
571 4300
875 3640
2579 4979
5404 6008
2582 6477
351 5092
3547 3929
23 5159
6293 6428
1066 2711
3363 4849
3507 5586
4037 6551
3998 7306
1875 7038
4860 5011
2050 6649
2290 2733
2246 2685
1388 1717
5098 5968
342 2515
2207 4953
3696 5831
2121 3126
2625 6151
254 6732
2031 4810
2574 4007
4075 5020
1980 6723
513 553
336 6773
3034 6643
4344 5922
2188 6819
1323 6306
3973 4609
5810 6297
122 2165
606 5993
2711 5430
1616 6933
876 3663
4060 6408
4811 5119
2065 5982
1061 7147
1128 1443
3069 5642
1833 4229
918 5959
1199 7205
305 1729
1244 5478
4869 5626
394 6310
492 2403
2141 5924
3623 6040
2266 4990
60 4266
1257 3425
2826 3448
4899 5352
6052 6748
967 1302
613 1828
4858 6418
2622 5985
1137 1158
897 6043
4772 5374
633 4842
508 3294
1515 2599
5048 7196
1024 1157
393 2820
3377 4580
3145 3916
5128 6512
10 1557
1249 2025
477 4251
3698 4321
4498 6907
7202 7211
3229 4071
166 6589
388 2262
1762 4532
4232 4787
510 887
3775 6436
1853 5920
1285 6939
76 3522
1107 1254
1661 3511
1064 4276
3059 5425
637 828
2182 7235
1942 2875
5716 7081
1775 5817
4718 6893
3205 5658
311 1546
1100 2420
183 2035
1113 1770
5893 6373
2237 4684
2888 5987
315 4836
1206 3331
6635 7271
2651 4574
982 6310
1695 2286
4340 4553
409 3942
822 2234
123 1328
395 616
4171 7346
513 6156
6946 7227
4993 6096
3826 5911
5907 6888
1276 6438
2456 6396
4533 4854
1177 3601
1063 3852
3836 7336
1103 7360
2875 7206
1701 5136
667 2192
2391 6131
6013 6409
1817 2307
4380 5933
360 4256
1595 6624
3383 5460
956 7171
3520 4259
3665 4390
4164 6964
1538 6444
282 2767
4093 4861
539 660
1751 3230
4014 4580
2970 4296
5625 6515
3547 4409
137 3403
1861 7282
199 4204
1673 2915
3809 5287
2346 5614
5024 7107
1265 6136
4185 6314
1510 7001
6395 7346
1240 3028
487 3644
544 5301
1989 6805
1811 6305
3242 4730
4139 4173
4685 4841
975 2389
57 4282
961 5849
755 1120
2689 4681
810 2835
531 2414
6595 6855
968 7204
1084 5290
4404 5873
3306 5376
1437 5358
3626 7027
70 5087
105 2305
2069 4077
274 1035
4139 6503
1916 4714
3279 6698
5421 5756
1951 3178
3661 6224
1763 4644
2958 3523
3519 4775
2444 5913
3933 5824
2688 5971
1293 5538
1017 1166
141 2860
3884 5377
4116 7283
158 7211
660 6972
4969 6297
197 5891
1460 7247
5109 6902
4239 5013
3531 4852
269 7128
3487 4623
2377 2777
2454 3951
4046 6788
2247 6991
4800 4813
2709 6588
1271 2106
701 6681
4088 6381
199 2059
66 1265
2118 4028
5828 6873
982 4437
4469 5134
33 5826
433 5178
3134 5245
435 465
3966 4356
1301 5000
1480 3065
5123 6755
3619 4260
2282 5575
2236 6805
2813 3686
4903 6006
3436 5095
4431 5499
3976 4731
2363 4055
124 3753
746 4776
3627 4284
4318 5885
2666 3467
1220 2229
2501 5264
1611 4372
2744 3988
3350 3944
1644 2581
293 5967
1632 3370
5219 6109
2202 3710
3025 5572
1688 4660
1855 3029
3476 6294
6499 7333
425 7361
582 7022
3639 7202
5464 5923
5239 6057
180 2663
4201 5284
860 964
283 5308
3190 6804
1123 2475
1274 3464
2878 5255
4484 6870
2627 4633
356 6260
1733 6296
1722 6998
169 2512
803 5115
2552 5994
3791 4551
3476 6784
828 5435
2000 2227
3844 6011
20 1876
201 3770
3306 4076
4978 7322
2849 6491
5034 5692
1908 6302
1416 2718
1421 7152
2373 7016
4322 5917
69 6509
2547 7280
583 4801
4038 5774
2553 4592
1473 4674
804 2238
3936 5954
3252 3438
547 5089
5226 5646
1759 3318
1084 3828
686 3880
6796 7172
4276 4994
3669 3942
2285 3172
1454 7328
3033 6044
85 5358
3154 5140
2924 7055
1723 6335
437 1572
607 1605
3532 5613
3224 3445
1428 4188
181 2528
727 4802
2284 5202
58 3543
5351 5955
2956 3098
77 5521
3143 6587
3844 5086
2132 5106
3538 3684
575 5938
4162 4899
1112 7188
1168 4524
316 5492
4281 6311
699 3910
2636 2742
4528 5711
4320 4746
2872 5754
2358 7023
2216 2242
1464 5820
7029 7279
322 6930
828 5903
2913 3085
2930 4652
2249 3611
1819 5779
2206 4690
5525 6636
3541 5279
2273 4105
656 2193
724 2088
1289 2277
803 5312
1290 3204
984 3858
724 2828
1596 5013
3714 6405
4923 5249
412 5874
2120 4254
351 5550
5856 6841
4750 6083
6059 6731
2091 5800
7240 7243
2292 5970
1514 4837
1021 4081
783 2052
269 4386
4929 6582
2187 5577
3475 7364
1760 7133
2418 3748
532 2800
3354 4130
3958 6143
93 7220
2293 2385
1630 2882
1433 3579
2343 4048
1867 3685
1711 5133
187 6604
2193 3232
2431 5397
4366 4652
3931 7360
2116 3439
4085 4140
1575 3251
5872 6948
1593 5439
3000 5512
3207 5043
563 3559
36 3777
453 4154
1716 3716
388 5444
2113 3749
270 2308
1645 3340
1076 6895
1319 4689
1212 4125
3491 4586
2245 5107
441 3611
2451 3326
2001 7114
460 1745
823 3693
1118 6259
3299 6081
1173 4073
738 4557
157 5525
3424 4983
2278 6285
3618 6834
5544 6541
3302 3894
761 5549
1459 6685
3762 4363
629 5114
834 1347
3689 4094
594 5052
2281 3030
54 2741
253 4009
2370 3057
1981 5164
2317 4249
1159 1337
2216 2459
1231 6647
3960 5005
5763 7336
1983 4395
1388 3671
855 2045
5837 6271
2137 6597
1111 5601
3291 6235
3356 7108
4583 6295
3297 4327
6173 6504
2797 2886
654 1654
1074 5310
6473 7041
2450 4111
1785 2242
1141 6967
212 3220
332 4430
4088 5952
461 5564
5448 6357
2154 2483
1238 6949
2394 6816
5069 5557
4543 4878
1270 4382
2492 6535
2353 6965
815 5183
3591 6358
5386 5689
2232 6256
236 7229
3263 4482
27 7276
1725 6417
1143 5570
4291 6899
222 4294
1518 1936
4678 7244
838 1034
1756 3270
2039 2950
1546 3046
1167 5950
53 1841
3355 6478
367 4966
3146 4793
1392 2306
349 3380
3198 6534
1971 4389
317 4209
4104 5296
152 4633
4869 7260
3209 6600
4019 7186
714 1590
6325 6790
4122 4623
5407 5689
2386 5288
6273 7117
267 4062
2961 4950
1137 7316
5406 6248
2481 6560
6241 7054
4428 6071
6159 7318
3238 5441
3600 5365
2425 6568
6602 7127
7031 7370
771 5766
282 5210
2964 3794
329 6730
1701 3029
3417 6366
2499 7306
1955 5643
688 3518
2869 4854
5809 7333
3090 6035
1316 3139
3947 6425
3807 6139
4495 7251
2144 2344
3081 6995
2114 7223
57 3070
703 4951
363 4564
1310 2422
2105 3315
3629 6637
2737 4015
881 2555
5686 6916
1567 2972
662 4063
477 7008
3373 5085
1300 5949
3695 6059
509 3737
41 2269
2233 2922
2814 4669
1201 4727
695 1414
1269 5216
6022 6956
403 5885
4142 6176
774 4115
1199 6022
5936 6187
1920 2374
1155 5971
3821 6449
52 2034
78 176
2229 3501
3314 3511
885 5050
1719 6226
1413 5015
101 5562
1635 7019
5162 6307
2019 7337
3972 7371
132 2211
1769 3416
5608 7284
4328 6200
1372 1510
1672 3798
294 2033
937 6297
43 667
1054 3375
2788 5851
6989 7029
5494 6860
15 4732
3865 5868
1469 3422
5992 6846
340 5068
4289 4390
2260 6193
5156 5492
1087 5062
1342 5985
4 5618
2050 2725
2764 4773
1285 3690
3563 6030
3434 4916
1261 7214
6104 7352
1263 2860
634 7000
139 3396
6543 6726
4740 7121
262 2555
1789 2248
337 5233
6120 7274
182 5881
1612 3808
1186 6238
1307 5520
4389 4507
1498 1974
2301 5369
625 2847
1466 7243
1715 5414
830 5778
2971 7329
602 2271
3048 4743
1772 2263
1640 4911
1767 6430
400 6963
4655 5880
591 3829
1387 6385
671 1773
1827 6414
775 7348
3720 6600
3304 5742
5989 6153
5613 6250
2387 3961
3340 6632
1435 3585
74 176
5677 6513
3121 6203
3963 6119
595 3286
2536 5698
2150 6033
1932 4910
1330 1672
625 3061
1427 5683
2195 4122
3571 6204
5164 7335
3361 6150
2760 3822
4044 6412
1417 4085
2282 5991
2254 3752
5319 7298
2160 7223
1177 4584
3917 4260
4708 6901
3082 3757
3577 5218
4418 5720
1095 6424
4218 4946
4049 7053
2532 3706
1160 5595
2377 3831
6673 7288
2223 5212
794 5216
1363 1954
5316 6862
184 1943
4684 5101
167 5150
4749 5084
4746 5849
1966 2083
2567 4642
1249 6313
64 3586
6051 6237
5072 7028
3 5385
1297 3228
3849 7332
977 2503
4147 6689
3399 4308
2326 6748
1715 2845
2944 4450
4721 6245
1908 4940
43 7305
2425 5882
6062 7277
2227 5581
4983 7256
5285 6984
2479 6026
4987 5058
2534 2883
5531 6509
1409 2275
1503 6793
1237 6443
2663 3265
1019 5768
1824 4099
841 1628
428 4209
1951 2925
8 1019
2238 6504
1994 4183
3252 6322
5668 6625
300 5971
217 2463
5342 6155
176 687
5860 5872
1719 6454
3748 5649
2454 2603
524 2309
1663 7083
3987 5442
1685 3841
3888 6587
3599 4576
2695 6945
80 4558
1248 4374
2229 5878
3215 5592
3692 4400
5220 6585
116 2099
3414 5380
1734 4946
2011 2233
2481 5330
3739 5638
2273 5526
1120 5388
2335 4572
940 1878
6456 6714
1818 3649
73 4398
1556 5405
1354 1675
3695 4215
1325 3218
2578 3236
4556 4949
4255 4575
5890 5910
196 6865
2353 4896
3280 6690
378 6907
3873 6342
1737 2435
239 3203
4363 7345
3635 4591
12 6513
5661 6431
5037 5464
3569 5674
1600 5449
2564 4352
1846 3895
327 5630
2882 5978
5770 6381
4612 6955
176 2575
1091 6380
2021 6624
4510 5607
3607 6971
3050 3888
4021 6616
2133 3946
2450 6502
502 4913
1585 6840
943 5553
1555 4112
1156 6108
1393 1976
1161 1357
1328 4166
3509 4979
1599 4630
5178 5203
3505 6356
913 978
3723 4298
487 5582
2340 3457
1185 7250
5170 6463
2601 3460
2419 4643
3225 6747
428 1828
94 6077
335 5305
920 6051
2664 5988
3730 7076
2453 6110
2057 4461
940 5578
645 6906
657 2287
2631 5326
1542 4495
3793 6038
1006 4329
3149 3369
211 1010
11 3291
1225 4379
90 1968
4214 4807
2550 7101
577 4984
4618 5144
1277 3617
3508 4257
6293 6803
765 3008
61 6474
5129 6611
2951 3100
646 5922
4068 6031
1536 4786
2657 3190
651 3595
2437 5910
1122 2379
3199 3922
4042 4661
1578 3913
185 2299
2819 4543
4679 6890
4091 5240
3727 6341
2502 5450
599 5969
487 1631
1077 3664
1044 1142
1244 3839
4169 5058
2698 2880
5799 6188
3356 6299
1396 4333
1965 2169
2899 3332
568 6923
279 3171
1049 1446
4943 6705
660 980
5591 5931
449 1654
1213 5297
1557 7223
913 5986
1241 4933
3836 4736
813 1665
1684 3843
875 2848
1224 6965
1467 5266
1180 2157
242 3346
4403 5308
2708 4971
4350 7019
709 2367
164 7062
3809 4868
2023 5404
564 2775
3055 6766
44 6376
5613 5950
3210 3995
4642 5504
842 7012
4820 7292
1749 2606
392 1475
4136 5346
97 7021
1074 6586
2563 6192
2404 4946
1744 5903
1482 7190
1762 3718
5020 5802
1829 5921
593 748
2509 5482
3278 3837
3489 4842
765 997
444 3234
963 7242
962 5273
4096 6795
4914 6619
6387 7069
721 2148
1742 4331
4811 6678
2342 4613
3179 5557
932 5113
669 2793
58 1590
136 2112
2979 3210
2623 3369
2787 3695
1937 3851
4195 6654
1032 4994
2188 3770
1850 6266
4444 5278
786 4119
2724 4481
5305 5859
149 1941
4110 6439
2230 6749
731 5834
2749 5967
3402 5472
6320 7363
1041 6388
2245 5069
536 3649
1509 6421
6571 6903
2009 2901
1131 5112
281 4700
6936 7274
1866 5316
7 3338
172 5412
1788 1873
4469 6064
1873 6221
1881 4884
2551 5945
1561 6471
265 6750
2386 5316
304 1925
191 617
38 220
2623 3779
2831 5573
960 1786
1636 3666
4096 6923
5559 6266
3301 4830
5997 6120
728 1581
6367 6914
273 5921
1025 3063
1905 6512
487 4785
3138 5638
2982 4676
4752 7176
1838 4815
1309 4307
1013 4364
2692 7317
1545 6137
2753 6249
1823 3913
39 1191
889 5742
977 5237
2153 2913
757 4772
1136 3524
3183 7321
4722 6716
1485 3820
4999 5765
45 2853
161 6171
2257 6339
92 2928
1016 3271
3446 3743
5222 7115
2279 4564
1330 3492
1794 6934
355 3076
2056 4706
5317 6957
522 6889
2368 6973
62 2036
1165 1561
2614 6760
49 5141
826 2707
2599 4106
5211 6706
6285 7019
4220 6678
1771 6365
94 2321
1033 6612
181 4234
2624 4792
207 280
4964 7146
3208 6193
5050 6691
3379 4675
1300 2061
110 1394
3077 4572
4784 5810
5609 6641
6163 6318
523 4787
130 1552
4583 5039
2381 6577
1716 5597
2443 4284
2127 5050
753 7313
3741 5346
2868 5832
2401 3659
1556 6070
1397 6524
3505 5238
1613 4479
28 4042
1792 6776
63 298
2296 3024
6114 6524
4542 6488
2565 5990
5144 5714
3031 4946
5026 6236
1787 5752
4944 5367
1209 2688
527 1962
1837 2004
4033 4623
2783 5904
4321 4640
116 1208
427 6169
1616 3266
1505 5877
3881 6242
2374 3244
1714 5571
4042 4149
2569 3472
4945 7102
4118 6935
4527 6911
704 6323
716 6751
1716 3505
1776 3754
260 2644
3906 5230
1155 4690
5036 7108
4638 6472
85 788
2385 3083
2503 4682
138 2213
3017 7139
1285 5198
597 6747
847 1288
445 3013
1877 5134
715 751
1746 6816
1504 6375
3320 5465
6460 6677
339 859
5944 7089
464 6227
4916 6565
410 5362
6087 7047
405 761
1472 4170
4415 6995
303 7094
215 2943
5370 6907
1863 2943
5587 5661
3341 6602
6163 6571
2576 3969
2873 5673
5535 6646
519 5378
2013 3043
3233 5733
270 4862
265 1638
2005 6334
2550 6304
3962 6905
4051 6177
5083 5977
1327 3317
2882 3876
5955 7235
439 4103
1207 6969
3567 3937
1939 6562
1621 2876
1293 2843
111 5394
4034 5046
817 6309
854 5900
1429 7253
4454 6520
5986 7158
9 6210
6216 7194
2980 7027
1072 6367
1620 3264
3583 7307
1280 4384
915 4148
2946 5480
2595 4080
5412 6694
3018 6084
5572 6526
891 3160
1234 5875
60 3014
5309 5508
2136 3255
1196 6270
755 6522
3014 7346
6463 7117
5621 6897
3468 4165
2306 6681
5824 6318
1006 6335
581 2125
1967 4248
120 1842
4058 6754
1270 3466
1970 7265
2424 5392
4098 6159
1231 5044
5223 6575
347 1978
4446 6683
4323 7128
763 2346
922 1465
4282 6507
4205 6885
3626 5327
1091 3267
4436 7349
610 7258
3380 7040
5488 6242
195 3184
2818 3184
3553 6898
438 1644
2916 4279
2109 7357
3515 4769
4482 6277
5485 5509
823 1033
776 1106
4748 4881
33 4763
398 1996
1287 4246
4911 5567
626 872
2985 6242
1530 5105
2500 3443
2518 5171
2674 6963
3235 6555
295 1672
5757 6677
4241 4930
5019 5410
4526 5180
2967 3268
5865 6222
5447 6582
198 3675
3178 3336
886 2959
1941 4682
5033 5783
32 4138
1446 4180
3172 5325
683 2111
1171 6791
5263 6027
4547 6966
3669 6097
1097 4190
5860 6773
4127 4782
2242 2587
5177 5480
1558 3545
5318 7259
2215 3838
4017 6032
5053 6542
3297 4362
4105 6883
217 3229
488 5471
1196 4596
2439 5301
867 7138
3195 5111
3382 6937
2576 6007
204 4184
1073 4039
4455 7025
1950 4472
530 6890
3590 3788
264 797
1267 1940
4124 4247
1258 6855
490 4993
852 5328
2008 4294
1017 4261
117 2407
1539 4830
1962 6891
4738 7195
3963 7063
6297 6682
328 7261
2265 4997
443 6266
672 6060
50 1350
1044 3978
964 2089
275 5366
1498 4285
2360 4853
2570 2672
650 6747
2275 5260
2502 5389
3865 7148
4091 5751
1459 6194
1633 7296
3877 6720
5540 6334
939 6400
3837 6041
972 7039
1972 2437
4441 6575
321 3058
1099 4837
1344 3568
3156 5634
2412 7356
379 5502
5280 6836
1962 3834
4330 7234
1947 5253
1820 7116
2081 4722
5055 7287
345 6354
1851 2635
4892 4942
242 6227
5715 6557
367 1139
2313 2519
1478 5716
4988 6061
192 1354
620 3284
3101 6166
5029 6304
645 7295
2480 3468
1165 4507
3166 7047
2651 7258
89 4014
2323 4310
1042 2687
1 4691
873 5797
4717 5940
689 1525
1822 4681
1024 4500
1959 3480
4136 4539
3870 5908
853 5609
1221 4190
3332 6798
659 1735
112 4552
3268 5518
59 2074
116 2653
775 5784
2870 4871
2447 2848
2215 2220
3621 7036
2093 3668
3571 5366
123 5739
2493 6263
1268 5570
2224 6687
2697 2920
77 684
2880 3288
1083 5216
2253 2905
1342 2774
1791 3127
1646 5930
277 4712
165 2749
2578 3430
3712 5925
3166 3769
5146 6405
2696 4325
1893 3961
3428 6665
1386 2433
5684 7345
1342 6939
2268 3024
3874 4396
3681 6467
175 491
2799 4907
1251 5298
4838 5306
2426 4476
4651 4925
1714 2148
2717 4975
1614 7022
648 7346
4172 6567
702 5388
665 840
4762 6516
2101 6284
739 2662
4796 6148
4074 6757
3860 5517
551 2334
2692 7194
1723 6803
3909 6142
2175 3587
2678 4950
3172 4863
500 986
4862 5662
3379 4789
3705 4791
1113 2007
3092 4023
51 6015
2940 4973
2245 7020
1313 6195
490 7054
1454 3397
5176 5470
2752 7037
1718 6230
3104 3443
925 4576
533 949
2170 3744
5200 6769
2180 6606
3285 5471
3801 4035
2175 6219
2671 3408
1033 4855
3514 4543
1528 1862
3327 3969
903 2544
1001 4927
5325 5493
249 3694
4127 4936
4532 5019
1369 5407
352 2259
3550 4911
2650 2777
2924 5731
3475 5684
418 2375
498 3322
3229 5773
3859 4927
5509 7160
241 6735
5381 6437
2018 3748
870 4210
4737 7183
1928 5037
2254 7371
1265 1711
792 1018
1094 2223
1210 5734
5001 6846
3157 4819
5355 6307
1996 3362
1575 3612
3691 7199
2123 4355
3289 3430
3518 5349
2156 3218
3680 5739
2570 5755
2864 4928
2164 6734
1682 2288
3439 6118
755 5117
1460 6901
2556 3685
32 7084
4039 4812
426 6276
3542 6956
1893 7234
212 6213
5914 6799
1670 3373
1224 1780
5621 6331
1598 4015
2400 4023
2016 3761
4061 7343
2506 6386
231 1692
1211 4411
2531 4207
2151 7292
663 5258
4452 4635
580 680
437 3397
2210 3724
391 2429
6038 6360
1956 4765
1544 4671
1116 3425
48 1397
1297 4669
3065 6954
2662 7123
1241 1448
2102 3616
1798 6837
4978 5530
1956 5339
772 3535
162 7151
677 7298
1 3296
1366 1620
1650 3477
834 3235
979 4525
1804 5500
5784 7342
6212 6790
3958 5417
6806 7339
321 4960
6387 6922
401 4794
3175 5276
5485 7299
92 6997
7294 7330
4275 4745
1460 5793
1026 1198
3067 4130
1392 5233
1270 6640
2310 4685
991 4251
2691 4887
2033 6818
5600 5925
750 6869
948 5244
3175 4371
1740 4746
3074 3243
1690 6558
2543 5544
4779 6558
4586 5434
1672 4701
1745 6988
3378 4860
3036 4822
2732 2753
620 4971
665 2522
4294 4809
4851 6034
2183 5650
3841 7119
2428 2654
125 2957
3840 4223
1899 5984
583 589
3142 6270
3176 6099
3873 6001
2315 7259
1935 6754
1319 6528
4543 6039
3227 4943
714 5979
508 2768
3463 6186
1986 5815
788 7169
2661 4195
1387 1720
2821 6336
315 2911
1295 3730
428 4692
1872 6967
766 1251
3376 4419
415 5032
2086 5674
901 1947
3677 7065
5725 6891
263 3008
1326 3614
1511 6405
5987 7320
451 3600
554 6573
4932 5940
302 4451
2045 6527
3906 6437
4050 5658
50 204
2127 2159
3205 3950
4234 5051
4429 7310
1571 6815
251 4824
1348 3203
1596 5365
1282 4452
5528 7032
3142 5690
2024 6718
2831 6217
20 1463
515 3256
433 5388
3844 5738
2676 6562
839 7142
4480 7253
2129 7340
1381 6050
2624 6720
2637 7312
881 6811
753 4117
2919 3429
1800 3845
322 3655
2145 7262
5403 6324
1195 5506
3848 5305
1200 6198
4714 6179
2638 6596
3654 6777
1938 2554
1084 1195
4603 5851
3556 5867
2373 4653
1185 5056
3652 5001
2507 6918
5301 7337
3297 4351
1657 4108
6471 7321
425 3922
5969 6278
166 4295
645 4758
1638 5974
1108 3145
3871 4373
875 4947
717 3129
1731 3967
1577 2621
1411 1889
3567 6069
1473 3982
376 4783
2200 2786
4079 6874
4030 7233
5160 5407
2124 3650
596 5543
790 5209
3546 4439
3645 5400
3174 5412
1958 7039
319 6810
3712 4586
4018 5458
4764 5676
3630 7259
1780 3715
6056 7051
2411 5457
2325 3134
1497 4460
220 4260
835 6629
5044 7126
2564 6481
106 4152
1650 4032
1559 6254
1217 3137
4569 7168
4909 5070
4271 7112
3970 4696
741 4111
1420 7225
187 698
3799 6801
3718 5655
6716 7117
1223 4340
3614 6616
36 5706
1631 5524
1413 3713
767 2250
1166 4831
4182 6082
804 5598
3698 4027
3011 6310
2371 5909
1601 5786
2615 6759
3774 7367
3907 6290
1484 5530
4678 6743
4541 6765
6 4941
1626 4904
2694 5274
3597 5939
216 5106
612 3759
5215 6038
2800 2907
2732 2813
4388 6951
5707 7175
484 2359
46 1359
1461 5159
2413 4649
375 4602
4387 5274
2076 3560
394 2527
2115 4934
1307 6706
449 3785
3094 6476
3259 6167
3548 5415
2826 4278
1141 1999
2507 3650
892 6319
3828 6006
1724 4477
203 2265
981 2568
2052 5043
1008 1767
74 4510
5255 5879
315 6234
850 3006
3190 6478
2446 6610
4610 6854
2149 3095
3053 3324
989 1494
1175 5492
4861 6884
2189 5058
1697 5224
1889 3450
1522 2610
3348 4010
1259 5301
768 2061
4729 7370
1361 1801
4845 5256
4440 5735
913 7268
917 5918
2478 4775
6758 6833
1779 7125
488 559
5336 5601
1295 6813
5894 6549
3106 7060
1028 3213
746 2989
1189 5983
918 3665
165 3627
3052 5569
31 368
2120 6946
1733 3202
3808 4540
3500 3602
6818 7164
633 4107
431 5464
6363 6379
1684 2987
301 7030
579 7197
1798 5883
2010 2844
4578 5915
1350 7026
600 7241
960 2761
4222 5325
198 7340
3845 7222
1161 5600
3639 6345
3685 4771
1680 1954
4695 5656
1642 3926
1369 6432
2600 5432
900 5053
1798 5541
207 4927
5462 6972
4491 6387
520 4167
4384 6024
2515 3640
3874 5109
404 1875
558 5979
4866 5551
3662 6038
70 1041
1392 6479
132 3973
4874 5845
1387 2908
1526 7289
2365 6580
3821 7015
6052 6614
2559 5898
1676 5829
624 1982
725 3890
414 2934
2191 5512
3338 6350
5462 6539
1873 1932
2489 5696
1026 5510
2259 4140
815 1301
4664 5909
5598 6203
2394 6733
3578 3747
224 7330
995 6117
447 5139
4702 7131
1281 3545
3113 5361
489 674
4435 7099
4757 6943
3191 7098
1159 4551
4800 5504
2019 6268
2128 6130
6104 6782
2287 6469
616 998
485 864
4193 6615
3226 5693
601 2566
686 1708
705 2784
2978 5532
3443 4126
272 7266
4967 5289
3858 5335
3173 3663
1190 2347
480 5817
1917 3550
135 5171
2916 3120
3647 6935
4022 6484
1328 6987
275 2765
1659 3676
51 503
842 2123
381 3085
101 292
898 5373
2571 3416
4581 5476
1533 6999
2766 6251
1857 3897
3375 3941
2398 3071
541 4480
5976 7190
569 762
2811 6404
1312 4227
1897 4687
3597 4796
1922 4145
5427 5780
156 2214
88 2343
3086 7087
4186 5588
58 5861
3604 4777
4807 5967
802 5823
2076 6201
514 5804
2024 4514
2366 5426
4243 5222
1215 6026
1439 6948
1922 2050
3986 6157
863 2757
2272 5830
363 2210
55 6596
3712 6071
1814 7181
7252 7340
5224 7215
3642 6099
5440 7162
530 5007
2485 5959
1917 4539
1391 5410
4604 6829
3492 5825
943 5107
1141 4551
2155 5660
2852 6220
2674 5796
3852 6794
257 1913
2831 3503
3878 4944
502 2456
2342 5188
1080 6547
311 6509
847 1140
3805 4788
6820 7075
3246 3344
2983 5236
1655 4621
2495 3035
1747 4952
418 957
207 1087
1551 3455
680 1756
525 6372
5286 5702
3352 5663
286 5643
369 1587
5074 6234
1900 1933
4254 7236
3960 6359
1132 5230
632 6562
4051 4805
5643 6113
4890 7015
570 5256
96 2731
887 2146
137 437
4990 6809
3553 5374
4832 6013
56 4838
213 7344
766 1197
3857 6717
3213 3561
3083 4402
2152 4996
2096 3873
2681 4057
1105 4439
164 2678
2966 4512
868 5626
5315 6333
650 5293
2258 6041
863 3788
2546 3141
2173 3363
2482 4024
6254 7098
542 4465
3580 4677
4504 5301
1427 4406
4206 5641
2181 5931
722 1333
3569 4237
655 4539
3326 6094
3152 6619
2671 7193
1706 5337
2939 6556
3290 5315
1113 6715
21 7036
1736 5136
4335 6381
573 6600
858 5819
5068 5853
2814 6312
16 7119
681 2455
4402 6174
1159 5896
6362 6656
5927 6672
2154 6474
5881 7265
4889 6427
1600 4982
1880 5048
5409 6227
2218 6729
3819 4756
3522 5941
3025 3895
1609 5789
2061 4324
2946 6839
7017 7109
3276 5778
2370 5799
3012 6084
309 2737
1878 6352
1971 4855
2603 2770
361 1150
1441 3172
4268 5681
4629 6762
3075 4109
1029 6522
733 751
3554 6662
2842 5662
4451 6923
2013 3964
4322 6913
4074 5551
1712 4313
2596 4506
1605 5960
4222 6765
1338 3761
4724 6332
1497 2190
920 1430
174 1674
5579 6737
3394 5599
5193 6791
3435 5149
4316 5528
5175 6510
1865 6618
224 3892
3177 7110
616 5777
2921 6248
4574 6896
638 6370
184 2236
3933 5561
1093 2570
2611 6517
6070 6272
1251 7122
329 4144
2193 6090
3030 5075
5765 6266
4542 7140
1013 5397
2838 4968
1481 2960
846 1992
1985 4803
3644 6886
1159 5850
7368 7371
658 4185
399 6111
536 3805
2902 4195
5217 7357
1085 3145
4025 7148
2571 4066
3589 4708
3966 6702
1646 1912
1656 1985
3296 4511
1678 7318
1236 6169
2097 2199
2706 2942
4698 6488
511 6404
444 3156
2662 5390
6127 6534
851 1245
2286 6799
672 1130
2064 5292
2006 3925
1173 4377
1776 5199
2142 6304
773 3460
1773 4820
3287 6547
1406 6710
926 4970
538 5139
1298 2601
593 2162
1852 2572
786 6881
586 1852
220 1575
941 3278
1302 1427
2732 7065
5680 6137
813 5829
863 2574
5329 5610
24 5019
3505 6368
4783 6953
3980 5599
2279 5679
1718 6009
305 5338
1868 6358
2003 3971
2607 4807
740 2980
3288 7355
2345 6246
4064 4615
214 1362
4897 7010
1164 1277
306 5853
814 6571
5009 7077
2367 5568
1669 2185
248 4545
2419 6971
2346 3915
2320 6380
1531 4701
1045 2426
2772 3101
2638 5775
1674 3824
631 4790
6871 7248
2729 6097
1709 5478
2182 4121
5242 5619
3987 4576
4106 6968
2494 4611
2176 6825
420 3744
970 6266
2869 5713
253 4131
548 4647
431 880
600 3899
1028 6715
332 950
4273 5001
5898 7366
599 4826
1683 4847
352 3470
732 1729
2617 3811
483 555
2489 2895
823 3069
3376 3835
5224 7159
1604 4922
4945 6915
4601 5257
34 5708
1262 5676
2244 3589
1764 7087
595 4291
2582 6707
132 5590
929 3329
3787 4292
3629 3751
6456 7087
857 6623
1279 4894
1616 2333
598 6607
3670 5809
3739 5456
807 2513
3890 6103
326 5300
938 1442
3662 6053
2707 5763
3734 5842
5438 5921
2787 2806
3646 5674
151 228
920 1149
1558 7235
540 4559
5047 5051
3560 5479
2448 6996
5463 6847
5535 5664
2430 5887
1140 2084
71 5567
4230 6772
1824 3977
2979 5885
3093 5067
1761 5238
5689 6699
310 2390
3528 4034
2951 3146
4762 6756
1884 2060
1576 2423
2015 2407
5919 6753
1004 3058
3267 6583
1954 6535
4310 4379
1760 4078
4694 4731
2149 2471
2602 3983
6283 6564
2021 3330
206 1432
4728 7218
1317 6971
3741 4400
3002 4794
3869 4361
3579 7174
559 5821
1179 1915
4541 5578
6022 6540
2226 7288
4419 4521
4137 6443
3859 4272
5833 5991
1258 5200
2183 6203
2247 5744
4241 6700
1660 4199
356 6535
3601 6115
1349 3699
155 158
2125 3238
5871 6411
1806 7050
1719 6215
1622 1835
2140 3931
750 1561
2714 4590
189 1286
2344 3775
764 919
4627 5777
3281 6390
3509 6567
2531 5363
4226 6661
4305 6834
1749 5055
2138 5311
3009 6703
4123 5698
264 7003
453 1160
2148 3984
3256 7233
2836 5941
508 4637
4604 5427
3816 5634
4346 5156
5182 5994
1595 6132
238 5080
11 5930
731 1250
1766 5980
2664 6493
4812 5667
339 861
1720 4846
616 3328
4040 5523
6620 6627
3983 6065
5065 5764
3187 6962
784 2716
2953 6867
4041 5359
841 966
5973 7324
5749 6196
2194 7093
234 3517
3790 4924
1944 7082
1244 4734
775 6432
4712 6236
2100 5544
945 2410
3112 5443
1046 4124
692 6980
1953 4237
3887 4453
3796 7318
397 1465
6194 6734
1240 6414
2250 2829
2018 2573
6845 7081
1048 2171
1689 2683
1385 3010
2009 5159
367 5342
2445 2506
5594 6819
255 2168
1513 6295
5137 5146
68 5934
3816 6100
2436 5259
759 5938
4491 6315
3525 5247
1474 3616
504 1222
4609 4716
609 3733
1028 4733
2940 4510
1432 4598
3854 4648
2338 3934
770 3092
3596 4753
2127 5151
957 2462
3847 6492
3759 4618
4564 6154
6398 6751
1744 5837
2818 7372
699 6121
1072 4120
2879 5091
627 6842
1305 4643
6209 6328
221 3683
1175 2470
4625 5140
368 6413
1047 7296
1537 7017
4481 6964
2684 6441
5396 5926
2261 4418
2020 3203
3944 5440
3472 4767
3935 4303
982 5956
6738 7048
1495 5461
3222 3780
4616 6364
3313 7338
4049 6105
5419 7138
5513 5569
3780 5494
2450 4459
3360 5934
1839 6681
6674 6740
4193 6350
1152 3460
53 5119
2559 4786
2593 4712
2147 3986
378 6931
5130 6121
713 5732
3878 6401
2532 3627
1036 5165
1033 1069
36 4470
4073 5078
1574 4249
3678 3893
5928 7297
1805 7202
239 2901
2031 5206
6085 6992
890 6123
2007 3240
4204 5981
5717 6447
6202 6993
5102 5727
30 769
564 4266
1807 5116
567 1663
212 4537
2296 4034
1527 6450
47 2887
4903 6391
471 982
888 1795
2001 5387
2026 2722
1695 3316
6287 7222
2529 6031
1815 2931
719 3227
128 3143
393 5284
1854 5063
631 1639
2988 5860
2040 6190
3760 7007
458 2678
2595 6908
1013 6928
6851 7123
2302 2932
5916 7152
910 3100
3049 3872
4325 6433
5073 7254
1329 7339
1805 1893
2580 4390
200 4727
1383 5769
1227 2130
243 5161
4242 4253
4003 5723
2051 6720
1173 5391
4106 7139
5459 6097
4042 7319
5357 6999
4531 5640
1287 5058
4159 4821
938 4758
4481 5873
4069 6595
463 1980
6300 7271
1524 2981
6036 6908
2529 5139
285 4893
3421 5512
2888 5835
1461 5581
5077 5864
2176 2856
2532 3812
3158 4959
1549 3188
1956 2055
1534 5506
729 2767
2766 6233
1305 7103
6144 7113
664 5282
6700 6982
34 4053
4147 7024
1653 5445
1758 4989
527 4190
4726 6667
1633 4639
4350 5457
3258 4012
3673 6509
4057 6559
220 5749
57 3891
1020 4263
4221 6405
4835 6666
6861 7352
1547 2974
1323 3377
2459 5920
2800 3866
973 7360
2365 3767
42 2156
5811 6133
4170 5031
2216 3584
1444 3091
1846 6593
987 5822
1629 6146
2809 6199
4171 4317
1580 4195
1689 5535
65 6613
5632 7290
1926 6079
2893 3177
3869 6713
2604 6184
4376 4593
4607 4912
2359 5059
2297 3174
1241 4848
3727 6033
2653 3949
4582 7217
2710 3321
912 3162
3630 5514
1651 3547
1545 4538
2749 3638
4552 5719
3544 6400
372 3978
1747 7045
160 515
1700 4620
1605 5466
777 4023
1632 3920
2002 5592
6020 6288
1053 1627
1526 2571
754 6245
1042 2550
5277 5726
3212 7026
3264 4501
2074 5324
1711 6180
5881 7199
1358 1584
473 2449
2822 3608
1306 2998
3001 5777
2552 6058
4236 7199
0 6706
4397 6432
1353 4541
1868 3992
4001 6305
3756 4697
5682 5849
3938 4095
2178 6618
1969 4123
2769 5412
3 2152
5052 6352
665 2496
1340 1753
3358 6528
263 5350
1185 5282
4354 5295
819 6462
3570 6480
2824 3540
189 919
3257 4738
1859 2704
2733 5042
2541 4248
1963 6994
1166 5450
5983 6564
548 2317
1223 6559
12 6597
552 4905
1764 5715
577 6138
200 5093
1069 2723
3608 5430
358 4182
2805 3763
1383 2213
31 6445
2511 3478
3539 5913
5281 5735
895 3457
3148 4236
286 365
1350 2675
506 1446
538 1187
5653 6945
983 7154
1516 3566
425 5248
2911 3155
590 6675
2796 5557
2514 5418
875 1341
1088 2629
132 781
2305 5115
567 6739
2672 2984
1056 2543
3876 5770
1754 2669
1243 4935
3280 5749
808 1019
4187 4927
3554 6517
2346 4535
1826 6487
1496 5142
779 5094
4271 5290
1855 4559
4003 6014
2143 5131
684 1565
2078 6789
585 6327
2786 4998
80 5970
4514 6205
3060 5199
1426 1534
4631 6207
4724 4956
1143 6775
2209 5596
1269 2538
4584 5958
3067 6519
3186 3657
1531 1585
297 3096
3322 5031
747 5873
4017 4875
5014 6892
1210 6916
3953 5426
2532 6355
1421 5996
3029 7181
612 1264
2595 3353
5644 6398
1487 3943
5517 5686
3987 7266
2616 3661
674 5003
2897 6030
1566 4915
188 474
994 5600
251 3107
1384 5970
4046 4915
3765 5461
894 3538
6035 6059
2655 5129
2524 5717
4706 5891
81 4216
3653 5783
168 6603
4848 6129
68 6429
507 5804
1005 3241
2751 3538
606 3502
3558 5897
1771 2028
4952 5853
105 4666
2178 6952
5737 6463
5475 6346
5077 6645
713 6817
3239 6128
782 5553
4606 5024
641 2593
2499 5953
5498 5839
3635 3745
1236 4733
1840 3691
2480 5537
2601 4124
882 1307
1582 3023
4618 5814
295 4168
2986 4534
3580 7145
4988 7315
3383 7054
6120 6401
1614 6386
2399 2736
8 3102
3089 4018
1737 2904
3708 6983
2929 4082
553 4024
2608 3556
4297 6042
2006 5854
977 4995
1181 6475
3239 4946
5549 5962
776 1163
4284 4398
3162 3655
1767 6676
2719 6497
7104 7357
4545 6186
63 1608
1314 6205
2073 3222
781 2621
136 4513
2955 4707
4776 5091
852 6849
2726 3021
449 6561
2539 3433
5119 5627
354 5475
2572 7309
5033 5565
2226 2252
166 3510
127 5301
5241 6208
2040 6616
700 3297
6306 6486
528 3926
3143 4434
678 796
3700 5186
2438 5816
1590 3830
4325 4806
151 256
278 1691
5093 7220
1409 7135
578 4031
5356 6737
1997 6325
2222 6776
4109 6152
898 5281
2449 3348
2500 4307
2241 5314
809 4469
4994 5968
1964 2877
1453 4787
3412 7105
4269 6694
1312 6468
6187 7302
1424 3520
476 4656
4333 5724
2332 7295
209 2685
808 3038
145 5562
3655 5124
235 1603
2872 4277
902 2429
2535 4127
2653 3902
177 5874
1048 1862
512 4962
68 2049
3188 4158
1660 4390
2713 6640
6122 6811
2205 5748
3764 3875
1458 5729
339 2026
2129 3441
6261 6555
594 2136
496 1997
2186 4559
4221 6183
1399 5723
5024 5695
3006 5395
5418 6988
2823 7187
4113 6660
679 1722
1411 6470
930 2767
2974 5948
6204 6442
3679 3962
3926 6894
536 2750
7161 7327
173 5109
1380 7233
1127 4212
548 2898
708 4834
2728 6599
3278 3956
4413 5537
930 2390
2986 6198
1398 5728
589 6396
2950 3030
2153 7110
3552 6093
435 4665
674 1078
5304 7264
3677 7197
1597 6991
1408 2024
1750 6988
2601 6872
1596 2070
4081 5795
1874 3689
451 948
3099 6494
3080 4134
347 508
3465 6552
3182 5971
4154 4710
452 6000
1699 6982
946 6835
349 1851
1104 6093
766 6940
502 7209
1923 4449
5685 6257
693 862
3186 4711
936 1683
2079 2257
6461 7103
553 606
244 7082
3916 5529
3402 4889
4561 5461
1521 3852
2395 3294
5102 6501
3515 4100
2927 5323
1192 5472
346 6283
2001 3117
1131 3529
697 6240
2588 6469
4629 5735
1601 5192
825 3037
3175 3710
2679 4789
1251 4240
1314 1690
1202 4712
3300 6358
4522 6025
5077 5951
1213 3625
2301 4420
4109 4529
1283 6907
4738 5756
2667 5594
1843 6179
5291 6609
2893 7115
1452 6717
371 2733
2628 6268
671 4619
3402 6046
153 3807
6347 6921
1593 6386
2191 4212
3518 3852
1093 4267
292 5035
6095 7044
709 1490
2873 4549
313 974
1418 2237
2067 2170
266 3874
2631 6787
17 6684
1907 6626
2343 3133
4776 6069
626 5420
1239 2001
919 4966
992 2469
1339 7314
4113 6148
766 3828
2217 4339
213 574
2406 3302
948 4466
1842 3455
143 521
897 1956
401 7267
3814 7298
218 1518
731 4896
468 6927
1809 6365
6077 6194
903 5185
6920 7027
444 6095
1799 3707
1692 6990
17 1365
2585 4494
1344 3205
1657 6124
2642 2862
3480 6175
4340 6517
2085 3864
5822 6435
1002 4884
481 2896
2287 4992
2233 5771
1162 7190
1620 2119
4324 6865
4601 6363
3367 6727
310 2054
662 6447
2460 5573
1497 2163
3557 5287
2650 4459
1271 5871
4983 6348
1202 2126
2856 6658
2709 3622
178 743
2325 4275
3636 5517
327 5729
4704 6529
754 4215
2997 5895
2391 6249
4433 6146
2995 5752
1661 4884
1398 5778
40 6852
902 7011
772 4231
5686 7004
4448 5049
5232 6368
2410 4558
2115 2437
54 1966
4491 7057
214 459
1640 2584
325 4394
1990 6698
734 6594
1676 1743
3047 4842
1086 5482
2590 2825
6596 6863
2937 5686
4536 6745
6484 6761
775 5196
358 7355
4768 5874
6108 7200
5758 6045
1715 7371
2439 4555
2738 3067
3195 3941
3177 6759
5963 6290
7084 7350
2537 3892
129 3186
5018 6029
1538 2642
3093 4804
23 2359
2936 5974
1888 4195
971 2025
2267 3973
3434 5868
5265 6141
2734 6394
4395 6125
271 3662
1124 1415
6084 6446
2224 5154
59 3606
3433 5879
724 4198
2121 5972
3975 4530
4934 5921
4530 6109
1539 3572
123 444
1062 4815
1109 3495
1373 3594
229 1422
440 7203
1669 4787
4083 7018
1830 4648
3221 4833
2382 3001
5169 7083
2378 4268
1871 2348
5148 6420
1200 6447
2745 6726
848 5060
4288 4990
258 4692
2486 2595
446 2241
3282 5793
931 6998
834 5135
2429 6158
6384 6720
2868 3135
754 2208
2183 3946
4090 5808
3094 3534
1642 5167
956 3256
3569 6853
5006 6792
2155 3896
5492 6944
4868 5807
5444 6777
708 5623
435 2802
3011 3930
1004 2520
2810 6887
1694 6250
3759 5880
3620 6380
3308 7192
2303 4956
6187 6808
1227 6895
245 2120
6457 7293
562 2118
1885 6077
2795 4320
4096 6547
2462 3499
1909 6508
84 3926
1756 7228
328 5783
461 608
5590 5977
3359 5382
2561 4304
2215 5242
2771 3201
2268 4104
2540 5490
849 7050
1001 4815
283 6122
3180 7189
945 2865
652 3658
881 1102
5188 6756
728 3999
3700 4867
329 640
2961 5547
1665 7023
1623 5365
630 4264
993 2331
2465 4499
809 6574
37 1983
1830 6088
4481 6553
208 5972
2283 6713
1480 4605
1870 3754
3667 5355
844 5628
3968 5697
1637 4155
4464 6308
919 4971
653 6977
4102 6787
1856 5983
2018 3147
4839 6563
3740 6100
3681 6420
736 4226
6353 6856
2476 5024
1581 4582
457 5452
2193 2231
1439 6658
444 3448
4506 6111
2291 4310
6311 6451
1984 2694
543 3555
474 3248
260 5325
2251 6984
5523 6237
3368 3888
1942 3801
1535 2452
3856 6771
3013 3437
1340 3478
55 1361
2151 4916
742 2338
320 5355
408 2111
221 3759
18 51
4289 7092
3262 4990
4555 5733
2632 4100
255 4267
1765 3482
133 5259
2300 4395
4002 6859
321 2158
2590 3993
338 3631
419 2960
824 6923
941 2287
1994 2834
2500 6021
409 927
442 3020
7082 7096
1874 5377
557 6751
3342 4546
1904 5478
879 5595
945 5497
471 1274
3346 3932
2594 6750
6189 7153
364 2803
1315 5185
5191 7085
3617 5105
1573 6202
2366 4329
2530 5119
6207 6274
1938 5498
1486 6969
3738 6491
389 2963
1201 4487
1074 2582
673 2964
1134 4622
416 7023
1034 4084
1758 4575
2649 5671
4161 6425
5479 5639
673 2711
4474 5103
3900 6598
2090 4565
1070 3075
573 611
3420 6202
4662 5978
3065 4525
5867 6161
5355 6899
3976 6419
2080 5593
4342 5203
493 4777
3711 6584
1765 3449
2837 5126
6575 7210
4455 7233
1890 3594
975 7006
174 4378
4148 5145
1131 6559
2866 2968
2618 6029
2780 6344
3234 6533
3527 4206
5277 5643
2496 5965
1113 3903
5299 6475
833 5400
3559 4488
1869 2607
1781 4685
355 5770
1255 6183
4552 7316
3097 6660
218 1080
2709 6362
1112 5706
707 3928
1458 2585
590 4423
438 7001
924 3553
2753 6377
314 4505
5254 6785
439 5966
2578 5787
1567 3650
2296 5157
339 6500
1624 6281
3157 6834
1449 2888
3488 6037
4071 6148
1038 7163
2167 4651
2240 7098
4137 7120
4394 4872
1769 4904
6403 6599
4047 7108
244 1723
1227 5556
2462 4634
1273 2629
2508 5086
496 2108
1511 5618
4056 4762
1029 3261
437 4939
3911 5451
1750 2444
1599 5693
793 1910
3786 7011
1926 5074
3189 5644
933 3264
6402 6850
5285 6755
696 5372
693 6416
3766 4433
1889 5433
3041 5670
2194 4180
205 560
1247 2122
1092 4268
3832 5413
411 1735
3528 6287
4393 5430
6866 7116
3169 4037
3660 5310
3201 3362
44 866
499 5782
2110 4412
1171 5710
1560 2961
100 5383
1432 2053
3272 5289
1429 5857
6035 6433
3483 6564
854 3790
4782 4967
2671 6389
412 4793
791 4206
4064 5552
6272 6423
3207 4705
2846 7020
818 1843
403 7020
2117 2197
3423 4151
1579 2333
6650 6832
3097 4194
1761 3298
3483 4270
3920 6919
784 6768
2704 5130
344 6809
576 5368
3643 4595
1739 4371
1144 4214
12 1906
18 4832
3692 4829
2014 4671
109 1559
4694 6941
1634 3362
2450 6695
1234 5675
1930 2477
335 4343
6853 7359
4362 5644
5123 6779
2976 4150
15 247
712 5921
868 3415
392 5678
832 2677
4956 5416
1601 6205
1434 3891
2667 2923
2808 3308
429 7237
2810 4544
2806 4974
2145 4210
2222 6510
186 4438
4896 5977
1245 1552
514 2138
3440 7161
3927 6240
6433 7303
1430 3943
778 5474
4125 4877
1918 4348
268 2621
3572 3855
4384 4864
3556 6880
6410 6941
2749 4062
437 1547
1289 1991
5743 7253
4787 5724
4323 6797
4376 4856
1581 2875
4238 7070
683 2573
2488 5838
1671 6451
611 1296
2001 2794
1417 3411
2389 3640
4873 7031
3905 6056
976 7259
2525 5344
5383 5484
5736 6353
693 1433
1985 5034
2832 6092
739 4579
984 3479
4022 5912
3471 6789
1136 4521
2548 6696
431 1420
3953 7075
1731 1878
3512 4211
5127 6874
670 1354
4781 5487
3194 5374
4898 6107
5714 5841
424 5250
1167 6852
1831 6898
3562 6660
2909 7355
3693 6644
5669 6732
6063 6303
4516 6198
2945 6630
3833 4006
6328 7316
2050 4900
2079 4046
3469 7310
1462 5192
2730 4681
387 1627
2376 2434
1272 3020
836 5654
2001 7030
2713 4049
3820 4817
6388 7063
46 2828
1716 4734
5413 5898
3357 4189
5274 5664
516 1202
6026 6859
1301 4597
698 2505
1157 4865
68 6153
1378 3216
895 2461
5591 6666
1226 4197
943 5261
1075 5316
2063 2423
1704 5507
1413 3879
333 2922
1483 3532
2825 4353
260 3192
6854 7029
330 3723
2774 4407
2797 3784
2816 5675
612 2266
1602 2779
742 1118
6135 7276
376 4757
466 4086
1950 7083
2952 4832
197 4070
1416 6466
1537 1611
912 6094
2656 5145
3135 4397
3332 4574
1821 5722
1382 2259
5034 7035
2922 3815
186 6570
390 1473
5577 6557
2647 4572
810 2271
4614 5836
4336 6242
2571 4298
628 2255
1853 5264
2172 2261
3073 4665
836 6984
5100 5328
4783 6398
4096 4919
530 1891
1614 2096
185 7362
2992 3083
454 3605
3144 3307
4773 7110
626 1320
2170 4907
1624 6937
2190 4649
2 6262
1808 2485
2547 7244
2172 3776
605 5721
4715 4896
2022 2997
3386 5874
698 6403
4492 5099
2859 5811
1697 2201
2137 5428
3125 7056
3344 5374
1050 5131
1090 6587
4468 4523
907 6861
308 7214
1794 2364
2610 4045
4473 5189
5507 6772
1956 7130
2253 2346
2319 6478
147 4562
2578 2939
1322 2161
2350 4127
3832 4770
3540 6873
1879 5956
2778 5917
4057 6222
1611 2640
6333 6686
4758 6926
893 2884
2512 2924
4827 6981
4505 5174
2619 3295
3889 5616
123 5071
5155 6126
6296 6664
168 1486
1058 5478
232 6271
2991 3458
309 5003
2349 4004
7025 7251
3741 6781
1869 3231
999 1423
192 4885
1187 4372
4141 5940
3788 6298
1606 6459
6747 6843
3311 3697
4020 4359
0 1550
4875 5303
4679 5438
4233 4800
4335 5294
3647 6176
6744 6875
2362 7185
3748 6719
1137 6439
370 7014
236 6006
5527 6110
2676 4933
883 1819
333 1687
1457 4185
1667 2991
493 5611
4511 5063
121 1272
2916 3312
3528 7106
3804 6249
4029 4103
555 6807
3458 7190
1378 6639
821 7137
1525 6509
1177 1501
241 1456
6473 7030
631 1029
4102 5533
1561 6061
730 1710
1294 6510
683 6678
586 5512
3949 6858
3428 6005
1417 1512
1183 5591
4832 6244
191 1364
4005 5177
83 5915
976 2422
4740 5156
128 608
3981 4566
735 811
1469 5489
4129 6674
431 6692
549 868
1390 3981
1970 3043
1121 1911
3726 6808
2950 3917
4010 6013
5821 6172
3972 6365
1568 3170
1506 3980
97 820
877 1724
96 3797
3887 6160
5191 6622
385 6430
2102 5589
1322 4520
1844 4705
2228 3646
4241 4252
1107 6784
1844 4597
2997 6357
209 4072
1379 2223
372 6243
1610 7283
3488 5152
1759 5102
3611 6133
5282 6638
761 4600
331 4260
4605 5812
886 6426
1124 7020
2393 4702
215 1172
4132 4312
2435 6229
2483 6542
5813 5850
4738 5753
577 2061
18 5097
190 5884
557 846
1459 2453
4213 4978
4747 5115
421 3422
2736 3554
1140 4959
1479 4531
800 1945
3402 6868
5187 6467
4192 6436
108 905
6224 6592
3399 3778
5789 5922
5706 6203
2208 6911
1892 6176
6704 6872
2206 3876
4357 6469
567 5292
1471 1764
5264 6536
3724 6266
93 6979
902 5957
932 4373
384 7039
2043 4474
666 1958
2243 4248
4473 6873
962 4506
24 6949
454 3279
5866 6175
171 1321
3588 6768
2637 5443
1276 3997
3004 3228
4972 6401
1930 7077
2472 6363
2006 2150
996 5239
486 2455
13 2879
4827 5664
634 4799
2302 2975
988 5699
1279 2728
968 7278
297 1082
3905 5612
410 2473
1455 6655
550 4814
1069 2613
4976 5703
636 760
364 1391
49 462
91 6879
2805 6434
1043 6955
1546 5876
3448 4955
2141 3343
131 7284
3565 7270
2786 6215
2589 4513
2501 6970
422 4907
3666 5423
1897 2892
205 2099
4602 6774
703 2371
4201 7145
74 6722
1027 1836
2233 2919
3964 6141
6529 6944
1177 2032
5393 6905
2082 4475
1543 5416
1968 5015
5737 6240
2212 6743
2302 4008
290 1774
3063 5746
4087 6595
4150 7216
3103 6831
926 1598
774 5402
3280 6374
2434 6769
337 3058
1491 3072
1520 6608
1680 5794
3037 6489
300 6096
3843 4502
237 3017
3526 4061
760 2264
2970 6480
1123 4084
266 941
2432 3522
3287 5640
1507 4788
2997 3187
1541 2615
2899 3114
90 6636
385 6907
4144 4888
1362 6146
4280 5105
3782 6913
118 2724
2028 5446
1587 6013
1740 1984
3022 6819
526 3533
1979 5333
3520 6670
3768 5979
4634 6842
3193 5034
819 6162
4754 5441
475 1376
4416 7149
1412 7259
2017 2683
290 3217
3120 5109
3253 4471
5700 5832
1219 5113
1921 6982
1478 2026
1182 5332
4386 6562
1964 6511
3217 4670
2028 5991
114 4481
2884 4311
4726 6790
1478 4812
4443 4767
1146 3348
606 1153
1052 3392
276 6505
1156 4765
3625 5098
3283 5959
6026 6073
238 4679
817 5886
2246 4503
2129 5571
6724 7323
1929 2165
2332 3792
1523 5535
1664 3269
3733 5689
1625 5444
2963 6594
834 3391
1323 4641
470 5025
4414 4923
4485 6696
36 3638
6573 6835
1429 1721
2634 6283
997 1730
6521 7155
1685 3250
6261 6285
1010 6180
243 6378
1934 5641
3218 3366
2843 3102
1495 2023
159 2401
4424 5632
5130 5132
590 6284
2826 3495
4268 4683
607 4575
2363 2700
2020 5766
3405 4895
1395 4934
2193 4506
183 5707
6523 7312
2727 4478
1671 2701
197 6579
1274 7254
853 6167
1256 1379
4487 6006
1007 1734
3258 5337
6839 7136
465 2650
1441 4454
1655 2517
3787 5719
3896 5909
1558 2605
1392 5853
3541 6452
3806 7215
3132 4233
587 4517
455 4209
2059 6330
3230 5581
4467 4687
4262 6980
841 6739
4789 5041
4472 6674
958 1066
4072 4167
2467 7107
2870 3856
25 3389
1203 6019
2245 2830
909 5628
723 2129
733 6049
649 3447
2142 4216
4578 5651
2718 4535
4921 5102
240 6148
1486 3251
2370 3059
4923 6910
4011 6569
3754 6607
5164 7219
4217 4490
1250 5564
406 5638
4005 6590
4676 6041
2831 5899
1617 6118
4157 5592
1343 6229
473 5319
3211 7129
6456 7073
20 6767
194 3496
263 718
1031 5898
383 4457
1648 2720
2477 5348
3309 4901
3035 4313
2812 5883
4349 7182
3101 5668
1366 6086
3719 4417
2054 2322
4478 4980
872 2980
6806 7192
1365 6522
131 3317
97 5785
5977 6374
952 5150
5083 6601
5564 7002
1591 2437
4150 5360
5843 7051
2988 7015
477 6130
4083 4608
788 3382
4858 6151
1370 1474
685 6657
982 7201
1328 2568
2378 4681
2119 4442
1271 2361
3937 5818
1048 4997
1039 3800
4885 6196
6321 7319
1783 6455
1957 5933
2583 6262
1568 3672
1895 6101
3917 4368
3042 3438
1414 3919
921 3371
2876 4143
2244 6710
6190 7046
6186 6323
331 6237
5622 5704
2982 4784
6681 6815
2828 6932
4846 7317
1766 5411
551 4594
1207 4316
547 6943
3874 3991
2316 3911
4973 7043
1068 4408
2432 3886
4475 6744
2780 4553
870 4883
2261 5805
2815 4741
3144 5053
3007 4658
6411 6488
5663 7170
3170 6627
3114 6621
5035 6202
3643 6613
354 2620
2865 6309
4648 6102
2515 6535
1331 1336
1078 2340
2687 4737
1810 7277
2663 5010
4483 6392
4250 5466
2313 2668
2132 5141
1791 6212
1030 6029
3002 3688
5245 6200
2441 4773
4726 6366
61 5229
4487 5740
679 3696
2369 6989
6151 6909
2791 5295
2171 2576
448 4598
3179 3778
1021 3746
205 3381
3140 5403
735 4180
139 6956
1205 6744
2900 4113
1367 4062
4268 4570
1995 6736
5271 6779
1000 2679
3058 4230
1465 4293
3717 5712
2312 4010
2323 5334
6136 6531
6253 7110
1393 5398
5467 6237
4156 5585
310 2225
2337 5996
4663 5410
2565 3491
1313 3541
4057 6634
2042 4294
837 5719
4643 7073
2741 5253
4579 5722
1698 2368
4331 7146
3108 3975
4292 5129
1332 5545
1795 2828
5272 5916
4668 6442
1930 2319
1562 6976
4131 6828
624 3197
1973 4675
5433 6291
2289 6069
1147 2721
246 1385
42 2519
3292 4910
922 5935
1339 6373
2538 2823
225 6491
3414 5377
1863 4569
4332 4446
3360 4975
5557 6548
1061 7111
864 6884
5728 6117
3501 6047
2132 7154
1442 5264
173 3892
2639 4677
4497 5954
5399 5791
1947 2169
39 6074
847 3374
2066 4930
3781 3982
4963 6082
5012 5408
800 5748
3666 7354
592 3456
5263 5590
137 2476
2545 4504
331 816
2038 6028
5499 6343
456 6616
1613 7340
1249 5747
258 1967
4837 6275
320 6633
6306 7269
986 2080
715 1310
1404 6868
2725 4152
2878 6089
807 6854
1781 1815
3885 6752
2532 6571
4824 5574
1403 5333
4951 5768
1733 4895
2593 3277
1750 2364
4846 5783
4464 5661
951 976
628 3758
529 5251
2106 4759
1861 3553
5536 6704
1401 4828
4748 5231
2004 6661
2659 7310
59 3212
5841 6258
5652 6554
3953 5337
706 3212
452 2610
837 5216
2863 6350
3055 3918
777 7331
3086 3978
4783 5243
91 3565
1438 6321
5579 7001
2805 3186
1181 1336
3900 7196
1480 4520
3093 6562
2963 3467
490 3620
1431 2708
2794 7089
3264 5995
4850 7164
5389 6796
2175 5602
430 1445
1163 2415
3904 5021
3153 5423
2707 5806
279 3728
2995 4353
1030 4971
4646 5079
1115 6959
594 708
2431 7160
1289 4746
1649 2648
2382 4278
565 2806
95 6780
332 7005
1559 3180
3494 4951
361 2651
1308 3525
614 2068
5117 7358
2990 3885
29 5482
2 3062
899 7113
4511 5942
6278 6315
1007 7275
3241 4260
366 7186
169 6655
289 6157
2348 3505
235 4922
1563 5852
540 2945
2014 4098
2818 5143
495 810
950 1919
795 4822
260 3944
4797 4903
1046 4146
4375 4903
798 881
4767 5598
2402 6323
2488 5244
2660 4511
1887 7136
3513 5803
6154 6786
2558 4098
19 1768
2702 4832
717 7288
4119 5006
2458 4011
601 7029
1466 5469
95 1023
949 7331
2132 2894
141 3307
3971 4920
711 3678
2540 5126
2326 6538
11 6951
306 2041
2724 7166
349 6490
2252 6127
3632 6313
2438 7343
1394 5721
1091 4918
1677 4663
1813 2089
258 5622
1114 3407
380 420
1595 4491
3206 5262
1649 1821
5603 6576
1067 1793
423 1316
1689 2590
4624 7069
428 3774
3430 6960
1707 6302
3521 4179
407 7254
5412 7261
265 3966
1231 6401
1029 2518
1050 4273
1304 1604
3961 4044
848 3198
4200 4765
5286 5498
1334 2904
4314 6591
661 3942
6435 7065
2621 4083
466 4847
3866 6581
3351 6877
1613 6966
236 2090
312 6916
2760 4845
5307 6521
6986 7087
3443 4413
13 3299
2141 3108
3462 4546
3265 5310
1771 2910
4338 7300
825 1782
6620 7246
1657 1814
507 934
1125 5865
156 6346
3332 6024
298 1681
1025 7157
1748 7255
4567 7183
3500 5866
115 3196
3814 3818
5612 6045
6424 6955
591 5582
3620 4744
3 5458
584 5297
318 6053
3337 5398
1816 3956
3815 4940
1925 6459
2433 6690
2078 2261
5917 6091
5892 6446
1441 5422
4774 5362
4272 5961
669 4234
2368 3613
3338 5645
2434 4461
2223 7228
3963 4888
4028 4632
414 1492
2044 6683
1063 2956
3285 4319
2932 3246
2434 3498
3756 5486
5333 6106
1983 6947
6553 6976
1807 3504
5919 6225
1082 6291
464 3291
7189 7283
2409 4514
5128 6185
301 6594
3073 3099
2303 3000
1349 3543
497 2024
540 1050
2483 6528
3751 4160
1849 6665
236 2776
2090 5050
1603 5902
4664 4931
2466 6631
1252 6773
293 6242
5555 6762
3336 4480
1003 4311
4043 6397
2209 5102
4190 4244
4707 5352
5840 6793
377 6815
687 6514
4417 5103
2577 6924
2338 5636
812 1654
2172 2519
765 7040
4719 5801
4464 6548
106 5977
590 5396
4659 6393
3789 5132
3413 4892
2721 5110
1779 2604
3191 4430
2076 3648
1241 3948
6304 7170
2963 6347
532 2893
5174 7104
1775 2324
6002 6318
3914 6861
4784 6830
3573 5530
949 6094
1083 4599
1615 4025
1413 1986
3880 5157
224 3315
3592 4701
2743 6879
2242 6669
4677 6539
1508 5763
3624 4219
1777 4828
958 5932
2367 5329
2094 6351
2316 7262
1148 4435
4890 5153
4256 6965
459 643
1812 2973
3705 5501
62 6973
966 4650
1358 5314
4174 5018
6145 6621
1409 4460
3869 7174
272 3260
3789 5672
1346 6448
1398 2883
892 1690
4697 6460
2282 3534
844 5375
7071 7272
624 6824
3413 7318
3159 4876
4823 5132
4416 4584
2212 2551
2522 7226
644 1111
5562 6165
1305 5701
1958 6423
308 4917
2960 5910
2044 6128
5798 6195
3555 7117
646 6171
1588 4317
2855 5991
5149 6335
563 4683
3965 6197
5843 6289
2392 3059
2386 7176
319 4940
4702 6928
1834 2467
150 4673
3109 5965
2673 6277
1789 2868
3513 6544
4295 6218
3345 4989
910 2481
3603 6410
1765 2138
3821 5593
3797 6844
1306 1804
2372 4224
2478 7066
1862 5907
827 3510
2452 4381
2381 3211
490 5202
3084 4718
4751 5288
668 2880
3382 6586
605 3964
1045 3995
5009 6199
1737 3890
1507 6025
5097 6950
5996 6901
2819 3860
851 6425
622 6147
5408 7362
4671 6597
541 5938
297 6659
970 2026
2006 5563
1205 1278
1389 1686
4845 5315
103 5700
1214 1437
1747 3826
3629 6495
1010 4698
1504 7304
421 1714
2207 6262
3201 5267
618 911
1847 2852
6248 6707
6489 7254
867 3318
3110 3413
3854 6806
88 827
3041 7024
3268 5671
2727 2816
2157 4984
167 3593
5046 6822
3462 5160
1118 4326
15 2054
409 3453
72 3226
1347 4937
2537 6623
5855 6276
1154 2778
3042 3219
3048 5761
3598 6069
1762 1868
1296 5089
805 7308
3883 6687
1401 5340
273 6838
2068 4921
2422 3913
2037 2805
2625 3074
4816 6852
2516 2819
4330 4844
337 587
3214 6273
4431 6726
2792 6917
873 6604
2597 4380
3329 3810
242 1858
1432 3005
3721 4299
442 7223
1027 1768
1266 4399
501 694
2967 5017
428 5718
1065 1259
3748 7198
14 3655
2542 3852
1945 6840
1126 1993
2920 5885
108 6735
2866 3357
2273 2614
4340 5656
2798 3736
3964 6797
1441 2633
6274 6338
3833 7245
2027 5336
3269 5946
2641 3305
5213 7045
126 5842
350 2490
1780 2397
3196 5012
2203 6085
983 5193
4662 5605
923 5816
3007 5324
409 4713
1647 6875
2874 3867
1524 5071
1216 2570
1405 5079
996 3016
5651 5672
3423 5086
622 833
421 6679
4885 6653
2504 4165
500 1336
4886 6929
1549 2643
2002 2762
5749 7078
355 5008
223 4886
2338 5583
1737 3423
4204 6618
2198 5888
1019 3122
3139 6251
1186 1212
809 6300
554 7105
1472 3986
2263 4793
3447 5657
1708 5516
2975 5524
5555 6712
3024 5938
2315 3400
675 1883
509 3009
5392 5832
4570 6584
143 1602
2790 5114
201 4935
2401 3833
4919 5429
2002 4105
2934 3802
1995 4716
4317 5104
5368 5889
1375 2439
469 3059
2275 3853
1356 6289
227 7063
1204 3000
6407 7116
535 4731
167 4699
534 5622
4497 7301
604 5268
5008 6297
1842 5470
581 5227
2095 2153
1307 3633
2273 4231
3761 6938
2861 6049
3939 6065
193 3385
3150 4189
6872 7291
833 1437
1449 5176
911 6133
2559 5364
50 4358
2463 5065
2398 4793
1391 2627
632 3900
5185 5380
1184 5881
726 6327
1423 1548
3755 5840
1810 2591
2705 7249
5054 5321
959 6957
661 2198
4843 7040
985 4662
1022 6337
1603 1713
4051 6875
6066 6654
282 2962
5640 7095
1890 6370
2092 2604
9 7021
1179 5521
2116 2972
2533 3636
1757 6130
1272 4405
2237 5096
100 125
324 1431
5863 6450
4500 5805
5068 6605
806 5557
163 4611
2098 3755
4626 7306
4463 4557
3711 4180
4203 5262
1067 2185
3224 5446
2897 4596
1332 4283
5894 6520
1425 5577
1978 4879
603 2746
2129 3687
1733 2266
27 158
3772 4068
871 6606
495 6663
2307 3595
431 2630
3202 3767
3909 5049
3732 6725
4975 5581
5485 5558
4160 5201
984 5782
5427 6802
3795 6981
35 224
2662 3033
914 5128
2881 6737
4600 6291
2996 6961
187 7196
1069 6975
1232 5437
2332 3570
758 997
4306 5331
2786 4133
1156 6927
6967 7354
2565 7036
2048 2152
2077 2493
107 919
1183 2622
129 7361
1522 6092
1303 6562
894 4967
722 6440
2318 4132
1864 1959
6031 6234
1752 6681
1898 5008
2192 4554
341 481
5366 7322
2087 4705
4055 5377
4436 4687
2619 3682
2510 5709
1386 3870
1586 3428
709 6520
720 1057
2427 6084
671 1988
4003 5676
1666 3937
2720 5824
1411 5268
1428 5672
491 6210
5546 5679
1355 3911
6364 6457
2082 6733
2139 5648
5818 6750
4114 4755
4176 5975
2061 5570
3552 7150
1705 4064
1134 1856
3393 6666
1954 2748
3935 5424
1468 4763
161 6869
1771 5519
1742 6507
1592 3881
4314 5813
1055 1368
1009 4219
743 6533
3077 5978
2106 4708
4173 6458
1388 4154
571 2515
61 4052
2581 4119
270 2685
1938 3697
832 5896
3927 6876
3136 6026
1117 2029
4707 6111
1307 1696
1931 6913
2221 6716
2138 6486
955 2375
3105 3639
4860 5582
2173 6055
4652 5421
3251 4241
3581 4709
1600 1676
3214 6697
2284 7212
241 5281
457 5321
2340 2740
2415 5329
2980 3954
3912 6739
507 1893
827 1905
1700 6371
5131 6267
65 5250
1054 1384
4377 6622
1703 5320
5853 7203
1111 4948
5283 6048
406 1269
1540 4770
2951 6269
789 3551
1450 2510
1107 5844
2458 6729
5522 5817
4077 5077
6211 6770
2968 4540
2411 6016
2772 4181
2669 4874
143 6200
1383 1690
534 1376
4450 4536
2215 3321
848 5089
1790 6898
6697 6856
504 2133
1277 5120
1145 5324
2977 4188
4094 4444
1993 5057
2325 4882
1141 2751
745 5708
3522 6479
1710 4184
1796 4775
4225 5940
79 4166
2383 5190
3576 5028
1621 5181
1 3166
3750 7089
4200 5136
353 3324
165 5674
1242 3688
4058 5197
2104 3384
2274 3053
787 865
2142 6985
4774 7023
854 6734
5153 6546
957 3308
1858 6058
25 7079
1987 6444
462 6892
4235 6906
2331 4990
630 4347
531 4202
1253 3262
906 7010
5708 6696
4372 5826
3023 6321
3380 6228
1616 1723
3017 3865
4171 4628
1569 3547
666 3165
1914 6619
3112 6742
1664 2809
3945 7178
3447 6017
1845 7312
1554 6588
2621 3082
1833 1899
4287 4662
594 1151
2712 3794
2735 6783
1745 6144
928 4166
944 4808
2565 6821
4725 5397
2653 6075
916 6997
2254 4445
4525 4584
1368 7056
2929 6525
2814 6959
1895 3024
752 2490
4458 5696
2272 2421
2690 6359
388 5252
3031 5076
3388 5205
2279 6298
3469 3735
20 1011
716 1554
650 4216
3446 7064
1020 6011
1869 3716
3365 3375
2823 6394
479 5143
831 4232
1827 7032
136 5648
6387 6962
3878 4508
596 3994
1547 2110
1369 4671
1661 3734
615 847
3887 5032
395 4004
4257 7003
790 6674
423 665
1926 3424
5003 5313
2313 7178
1962 5252
4929 5280
2814 6778
2291 6934
5092 5391
586 2731
2553 3349
491 6831
1182 3039
518 5833
3123 3128
1488 1657
358 5084
762 2271
3524 3955
3454 4014
3721 5788
3700 6594
2660 5566
2933 4974
718 5277
489 7088
2329 4958
1047 2526
4813 6282
1443 7305
386 6382
417 2736
2198 4043
3327 3679
2837 7340
1896 4557
3771 6785
2833 5667
3576 5845
4307 5729
6443 7009
2035 2121
6769 6854
1053 6574
5081 6600
555 6841
26 7322
3486 3824
1041 1212
1020 6353
2948 5151
4304 5398
940 6728
122 1012
4781 5616
5417 5468
5288 6264
2536 4065
821 3894
2736 6628
1245 5180
6186 6971
874 1498
5857 6785
4710 4711
3282 3871
1284 4610
3637 3877
2146 6741
834 2383
3553 4056
1196 6882
3748 5138
1983 5153
1289 5480
1178 3325
2031 6016
119 1332
493 6889
1352 5415
692 6829
2686 4821
396 1218
2815 6570
1509 3684
2483 5910
2469 3387
3390 6034
1071 5730
146 6249
5094 6267
627 2085
2829 6392
5 1773
4663 5021
1732 7105
3274 7163
7116 7338
289 3181
968 6711
508 4319
3088 5409
2123 6340
67 1524
687 4360
4048 7363
2233 3729
3586 5679
1121 1133
1962 6634
3307 5143
516 4803
1755 3581
4402 7080
5645 7306
1028 5319
742 4380
2064 4153
1262 2592
4926 5125
371 5652
1883 2151
5219 5809
2436 6163
631 3887
3075 5845
4591 7253
5088 5642
1959 2802
876 1081
3118 5424
2697 4134
1088 6902
45 1426
3261 5080
1696 3168
6 3268
5900 6211
3443 5503
878 6360
5348 7058
1247 3207
3029 7180
2817 3551
3760 6465
1764 3398
2891 7099
1147 3449
1262 4625
6482 6688
1198 1695
3806 6900
3987 6101
2759 5866
3124 6193
3365 5126
4750 4933
586 3976
4195 4862
1984 2525
12 4897
4594 6580
1135 3399
603 1811
2094 3780
2005 2808
170 5943
3901 6568
1291 2840
2929 5790
2166 2464
12 4499
1958 5370
538 7072
2255 5448
537 2007
1772 5343
351 6917
550 6774
1697 4321
2383 6885
657 2646
6746 6814
5045 5547
843 4970
1899 6231
1306 2058
6800 6821
5206 5781
6292 6459
3150 5038
177 2774
1130 2504
6316 7316
1151 2046
2714 5273
4301 4374
546 1198
3419 4875
893 5201
162 1671
1649 6306
3263 4206
3282 5992
154 2909
599 6578
2384 4461
4507 5905
1852 4501
373 1415
849 4275
883 3751
1286 5246
1673 5364
2642 3650
2128 2515
3392 4509
704 6092
1949 6331
4593 4927
1410 4750
290 1443
845 4245
2656 3320
1830 4739
2083 4926
5353 5754
3355 5068
250 2742
1375 2664
4850 6823
3095 6786
3799 4767
127 1034
3067 3924
4028 7185
516 1797
3795 3970
3018 3395
877 4177
648 676
6188 6255
4129 4550
681 6805
1835 2466
3566 5398
3404 6349
5147 7190
2123 2683
3995 4451
4728 6783
1307 3717
5854 6626
140 5938
2969 7121
450 5777
4082 4803
1485 2571
4027 5061
717 3521
701 4156
2134 5248
282 5928
1883 3848
1727 5675
2220 6700
2164 4798
5906 5961
4566 6297
1551 2356
3019 6837
2069 7052
2739 3016
210 6609
1257 3034
6671 7056
3181 5022
3563 4680
99 6337
2990 5652
250 4026
1213 3129
2036 6307
1170 6303
1549 4789
4932 5750
4761 6777
3702 3866
3606 4031
1218 3300
2560 5698
1634 4302
1194 4185
197 3452
722 5479
1794 2351
220 5376
1951 7033
1501 2311
3215 7157
4113 7165
5505 6643
955 1233
3254 4681
831 5507
1539 6496
947 5632
4581 6026
1882 3494
5711 6637
1260 5995
120 1824
4610 4908
3983 6178
1140 3253
1071 6123
1098 6509
343 4531
4377 6263
2670 4644
191 4902
2773 3825
385 756
4143 6054
788 3555
5867 7102
3364 6429
1581 4741
1982 3574
9 4738
25 6158
1826 6830
5046 6219
2055 7350
2774 5759
2892 4923
566 1207
600 5082
1568 3779
253 7142
5692 7192
1512 2357
5683 6124
2658 6587
2049 7216
865 3347
1003 2810
4546 7173
1504 4486
2033 5468
1465 6545
439 6252
974 1450
1402 1477
542 1443
663 2457
969 4158
471 5929
4059 6005
323 1736
319 2412
4450 6606
3485 6605
5355 6842
5631 5901
225 3705
1098 6010
41 682
2744 4165
1381 5528
619 4038
3526 6939
920 2626
1618 5796
2784 7361
362 7222
118 233
4615 5743
2174 2927
2716 2932
5503 6506
6675 6877
2239 6610
5956 7358
347 3578
2199 2476
7049 7161
5775 7257
5760 6230
1253 2012
1436 6032
2881 3552
3795 6181
2413 4870
1927 6244
1413 2272
374 886
1131 1569
262 3054
5964 7255
3094 6503
662 4218
2 7368
494 2400
2928 6575
2194 2867
1256 6732
3641 6192
3722 5671
184 5776
4466 5205
904 3114
1154 1652
3367 6710
1677 3898
4762 6530
5102 5542
2840 3160
726 5627
2678 6279
4309 6527
3100 3952
2507 3197
2380 7239
1641 5367
4496 4981
1803 5532
3575 5565
5670 6875
2756 7066
4976 5370
2062 7357
143 3303
1409 2089
600 2851
5495 6408
3112 6841
1290 5179
500 3385
4346 4947
1573 4723
3786 6258
766 5624
389 1654
1856 6544
412 2682
2065 4659
4359 6325
6090 6157
1244 3426
2071 6755
1059 7256
3777 6963
7029 7270
1925 2937
1806 3415
5698 6080
402 3072
4591 6193
1711 4081
3427 6794
5196 6721
3425 5481
1138 5680
2219 5281
2029 7003
2072 4813
5245 7038
307 6120
969 2586
3045 7261
1102 4095
2161 4412
3278 3503
2263 5204
5195 6829
496 3709
1626 4961
85 3273
1341 3637
4432 6890
3480 5580
6150 6290
4200 5539
2354 6047
3223 7158
3792 4735
1812 5435
2654 5332
1229 7288
3475 3868
1174 3658
572 6121
4703 5297
6118 7156
5058 7143
5737 6761
2032 6214
1870 3699
1451 2858
3309 3963
638 3401
1503 6594
5862 5972
1462 7123
2798 3332
290 3432
1293 6131
358 3707
3430 5692
2135 3763
1870 3410
2935 4511
6825 7008
3639 5848
556 6073
1351 3065
1642 5858
760 3986
1169 3306
2278 4425
6573 7011
4009 6440
2955 7238
3923 4234
635 3940
4667 5155
1400 6157
2341 6958
163 5654
2717 3817
2063 5007
1946 4065
2539 6864
3173 4171
1371 3799
374 3921
1619 3301
926 6577
3745 7344
1719 5025
56 1854
1539 3110
2327 3071
4535 4614
2598 6581
2178 4130
4654 7178
1805 4852
2104 4649
4488 5904
2950 4858
4349 6769
417 3882
4621 6110
1896 5980
3247 7367
1196 4427
1564 6600
2557 3326
819 3100
5788 6708
1984 3996
5214 6858
3436 6884
1853 3372
1732 3107
2846 6709
1499 2095
994 2345
826 5805
1095 7131
2645 4751
311 4949
2330 7304
5792 6021
6219 6988
3997 5443
3803 7189
4125 6329
1419 5328
3430 7246
3957 4871
541 1505
359 4612
147 6444
290 4338
4401 7158
489 5519
2268 5275
1794 2297
287 5543
3035 6131
3169 7352
6643 6857
2829 6904
348 1726
2474 2990
2431 4038
2857 4663
4661 5379
3310 4533
3593 4170
5226 7177
1847 4293
968 3286
1030 1096
188 3122
942 2683
4876 6042
4305 4408
542 6399
3662 6062
5936 6655
2841 5344
4067 6056
3143 3323
288 4556
392 678
4525 7050
102 3905
328 5142
954 6519
2405 2854
234 6023
1502 5364
1235 5043
3973 5309
524 6511
887 4718
3387 5186
3915 4364
1343 7071
2283 3631
949 2553
4356 6333
2196 4528
1277 2917
2797 6812
3308 4857
4607 5307
436 1084
239 7327
2291 4290
3759 5148
3161 4593
1868 6498
862 4743
3781 5014
3497 4932
182 472
3843 5394
3535 5304
505 3115
5493 6422
3174 6693
39 6763
858 1650
2404 3537
1635 5122
1622 1778
3043 3484
3923 4657
6061 6514
855 2417
4891 6202
1401 6277
355 4954
4727 4793
4490 7154
501 2412
3164 6992
1295 5621
1119 1894
1246 3908
2307 3406
2056 6372
930 2355
4092 5789
3 3305
3244 6791
2280 5220
2781 4358
3825 4800
2993 3945
2097 2256
1825 6189
277 4036
1176 1834
607 6566
5538 5635
3378 5633
6437 7341
4397 6134
487 4766
836 6076
1268 3451
3014 3115
204 281
1447 5873
6207 6313
1413 2937
582 3549
6410 6532
729 3056
2749 6003
1514 4651
840 5432
1923 5870
3568 4686
1782 3628
3444 3934
1644 2680
1169 3861
2298 6702
3699 7124
2577 2883
596 2472
256 4079
3897 6360
3416 6042
1686 5494
2338 3517
2696 3306
3881 7090
4977 5383
4651 5027
2792 4000
2219 7351
467 5952
1424 3075
4912 7292
690 7333
5382 6149
3854 6882
1163 1803
2549 4090
1190 6537
310 482
259 3931
2775 3647
1867 1974
3481 6168
123 1227
1305 2705
4385 6938
4228 6262
1059 2003
1129 5715
3607 4948
3975 4859
3664 6713
297 2314
1817 5676
5048 6914
4751 5666
2803 3496
785 6024
2037 6012
3049 7074
1766 3433
2735 3919
410 737
1910 6072
4589 6316
3949 6584
1825 3731
3148 4360
3037 6126
6757 6935
2118 2782
878 2847
1651 2184
737 3363
4042 5280
1970 5685
1133 5727
3931 5341
2253 2941
485 5629
995 1020
748 1585
4772 4816
174 7264
907 6847
170 2418
3016 3663
6668 6908
7056 7281
3596 5960
320 7245
4625 7255
2703 5627
1474 6470
674 3536
1377 4373
427 5253
6044 7281
1820 5985
3220 5699
6482 7040
558 6942
178 1728
3506 3903
285 6478
1669 2652
511 1564
5681 7308
2125 2280
218 5606
1598 2192
3398 6217
2771 4274
386 3166
64 3048
3271 5075
2512 2770
4383 5629
4313 5760
3331 4627
2413 6983
3245 4025
709 3437
1418 2466
894 3962
1193 1312
6869 7207
1361 6953
1335 4693
850 7004
3735 4288
3160 6032
959 1430
1301 1318
3026 5049
2778 3836
1650 6838
5354 5401
1760 5665
1101 4081
7034 7339
1345 2084
3040 3816
805 4379
1353 4143
5403 6952
1625 6832
95 6311
1051 2662
4677 5474
2801 5588
1452 5730
167 4833
897 2272
3837 5371
6187 6335
5189 5322
3641 6563
6784 7285
3894 6883
1811 6368
6714 6958
3557 5034
3424 4968
878 4175
659 5152
519 6139
4519 5166
915 3334
5536 7079
3651 7301
5016 5028
1594 4493
3614 6994
1830 4943
5234 5693
710 4410
2885 3764
4309 5522
785 1489
6280 6605
284 3151
4286 5098
58 2896
646 3650
380 5966
3068 6611
829 4278
5118 7308
545 3850
6912 7013
886 4577
3436 6716
351 2582
2541 6996
3451 6213
5937 7096
726 1702
2216 2874
787 3516
2047 2803
2726 3656
2145 3452
850 4410
5194 5777
801 1721
2871 4406
220 7172
4388 5696
3800 5903
809 6733
3313 6022
2710 3163
2607 6602
962 3066
425 4957
2082 3530
2616 5427
3339 6888
4719 6587
2715 2747
5058 5183
291 6966
4421 5053
591 2684
2174 7241
6657 6819
2998 4815
2420 4237
4880 6476
651 1658
3285 4176
3595 6402
700 2396
845 4723
2482 2515
744 5036
5436 6132
1693 2046
2631 3116
2799 3199
75 5309
5527 6191
4970 5453
3081 3459
2193 6848
4923 5529
1815 4499
2167 2679
2407 2878
3379 5745
786 4646
1738 6931
1278 1540
5817 5927
4799 7097
2989 5772
1977 3523
183 3898
3001 4208
4002 6826
2693 4258
3734 3942
4774 6483
6225 6809
1145 3111
2269 5045
2270 4081
374 6613
2336 6909
1753 4462
667 6724
1583 3759
142 2484
2090 6326
3025 6333
231 3491
1235 1338
6194 7100
232 1726
2188 4742
898 1529
4071 5599
483 1217
3275 4004
5172 6240
2232 6108
2172 5560
2243 3521
1372 6819
5869 6501
2468 6728
2845 3846
6457 6459
4720 6388
1753 3003
2235 2280
444 2038
1420 4752
4840 6808
3417 5274
49 2562
1637 1881
1682 3154
383 699
868 2758
3676 5769
2906 5216
2807 2983
1522 6455
1688 7296
3242 4807
5762 7035
