6550
1791 3756
7800 5000
2024 4556
2080 5925
233 2470
924 5076
3433 4296
1709 3991
766 4524
2282 3610
3242 6388
4319 6534
66 798
2096 2639
3017 6322
3785 4466
4191 4947
3671 4878
111 803
1139 5985
926 6396
1042 4208
3232 4311
305 3794
4187 5530
5540 6450
3428 5662
2073 5950
5 5682
2204 3942
742 1357
34 6421
3654 4846
3239 5200
829 5258
2600 6455
848 2505
3902 4961
2284 5479
5129 5687
366 5713
3075 5300
1354 3863
4181 5042
4094 6369
741 5223
1952 5117
4477 5958
4454 4474
70 3285
521 1702
512 4374
4301 4491
3737 4608
1088 1891
1663 2496
413 2593
1572 4542
2914 5161
2192 3547
1169 4470
5260 6005
1518 4114
968 1075
4027 4552
1413 3418
5507 5748
704 1691
4035 4431
5299 5723
985 4867
179 1288
60 2711
1912 3427
21 4266
706 3454
5395 5649
1490 5118
1299 6253
5570 6442
3578 5796
185 6073
1030 3859
576 4135
3373 4190
3250 5699
1072 1234
814 3640
268 5365
2766 3289
589 4300
1928 2331
245 4588
578 2712
1529 2512
228 856
3961 5256
2766 2769
93 1273
4751 5584
1488 3301
4769 5101
980 6374
1739 5127
882 3239
3407 5547
2614 4036
3512 4488
1 168
1954 5810
596 5043
1061 1168
3273 4690
847 2364
2004 2048
524 4913
4280 4580
1214 1869
3261 3644
2227 2897
4315 4711
3932 4288
1376 6466
2659 3589
2409 3701
6190 6530
2266 3166
4879 5705
3362 3851
5094 6222
2920 5652
4637 5403
1773 2908
3050 6489
1768 3154
970 3893
363 5229
1744 2336
3849 4038
484 3564
1412 2365
1802 6283
1315 1966
82 892
2665 5005
4912 5497
88 1723
1996 2336
3813 5922
638 3657
2773 4720
771 6224
4461 6340
709 4301
2654 3836
1183 1239
629 5345
1293 3308
1845 4340
3377 3499
1196 5259
3400 6344
2023 5660
1629 3919
2811 4582
438 3084
2547 3133
3390 5811
1707 1747
3664 4721
3465 5278
150 432
1437 2006
25 1036
17 5695
1762 3675
4333 5718
2834 4323
2687 4016
2261 5742
653 3361
730 6072
898 1144
4184 4999
2559 3552
2896 3562
2331 6017
4333 4639
1401 4938
4111 5793
1123 5873
1067 3970
1157 4838
4690 5602
5012 6258
845 4665
1887 3946
3761 5465
4370 5182
2725 4543
421 1932
259 1527
2532 2631
3394 6092
4975 5984
2698 5114
1099 2933
2655 5521
4170 6459
1029 1877
1786 4726
639 1862
5820 6406
3607 4243
307 1248
2000 4181
1997 2716
3235 4003
850 2798
396 5431
2829 5429
582 2317
2034 3349
4307 5260
2713 3884
1272 2011
364 4657
617 6064
2181 3214
3735 3872
5203 5748
630 4737
4119 5519
3024 4620
1700 4238
408 2747
676 2254
4456 5133
3822 4667
1737 6354
2199 4961
5297 6413
4443 5494
1600 1816
4039 5502
1397 5474
2138 4936
3690 5331
1574 4727
2131 5473
1769 4070
272 1377
1504 3789
3077 4213
3683 4043
2800 2827
6279 6350
826 1433
4529 4846
5144 5285
635 4468
4141 6117
94 5496
505 2184
700 3445
6193 6287
3901 4163
1746 5398
386 617
3779 4468
3684 6226
234 5704
3096 4331
943 1178
921 2095
6041 6518
391 2768
1696 2452
16 1335
3870 4604
4526 5233
3798 6341
2001 5642
6165 6514
52 5612
3473 4724
3649 4393
4653 5131
4375 5088
3055 4462
2468 5613
222 3944
3287 4821
1095 2470
2128 2692
3524 3948
170 4720
173 5681
3367 3449
5405 5711
1822 4470
1151 4560
172 322
589 1963
544 1811
2343 3680
2714 6235
1519 2822
2707 3906
3472 4400
641 6293
412 3288
114 339
1859 5966
1958 5757
2959 6159
4766 5141
1350 4029
4280 6163
998 3635
1547 1723
2992 3411
378 5125
245 5560
3909 6207
1155 1606
489 5696
1265 4452
98 1861
3480 3752
2722 4912
4758 6161
1719 4394
3077 3921
1390 5261
1605 4813
3118 6163
2240 6015
781 6322
4785 6510
3277 5870
2715 2801
288 1684
375 2573
4174 4543
207 1832
4391 4630
615 4492
1209 5531
1810 2662
1530 2215
3882 5314
3716 6119
1006 6509
1390 1459
2069 5745
3941 5278
427 1209
5226 5470
3020 3682
2769 5898
3126 6324
955 6443
1823 2414
3096 3574
2187 3735
558 2838
4650 5408
4058 6302
1218 4810
4146 6094
2978 5314
693 3850
1353 1365
4202 4976
239 5935
3211 3608
2407 5337
2388 3734
4101 4700
540 1387
1737 5866
4231 4467
1871 6162
1688 4046
1825 4467
1602 4141
1215 2423
920 4069
1329 4796
3470 5930
3867 4508
3764 6181
647 6379
2352 5978
1178 4506
3482 3824
3265 3371
580 1962
3816 5068
47 3770
1017 3453
1887 2511
5582 5609
3566 5131
1086 5296
121 4214
3078 3965
99 2107
3795 6155
887 5997
5938 6528
2763 4587
1323 3105
2072 5546
5391 5831
1309 1680
5539 5746
1654 6114
2291 5708
2667 2966
1004 4087
223 3953
1462 4511
2141 5797
2664 6468
2199 2837
1449 4790
3490 6218
2507 3410
4066 4760
3053 3951
1445 4963
551 2160
1392 6084
4437 6011
226 3768
2799 6112
1033 1264
718 5878
188 4617
740 5570
1297 5295
237 5583
1004 3776
1114 2451
2578 5846
816 4799
313 5382
1589 2515
2044 4276
1159 5534
1164 2366
3728 5290
2340 5105
3576 6320
820 2411
3148 4207
3584 3934
204 5480
868 4685
4018 4429
1228 3490
788 5479
3590 4002
139 1227
1099 3129
4738 5166
3089 4359
1017 4562
332 485
3231 5952
2962 5832
1830 2231
1600 2210
451 6504
1118 1476
4788 4820
1194 2296
4865 5466
907 2051
3095 5817
561 3085
2897 3474
1927 2288
604 4751
1487 1549
2291 2478
0 4234
2739 5268
4766 5436
1060 1092
1151 1249
585 5377
3475 3644
4889 5206
3295 3761
1906 4567
351 1665
3137 4034
6338 6448
4562 5267
4044 5189
444 2996
1580 4515
3763 4703
1723 4819
4042 6038
4121 5446
2399 3906
169 5368
46 6287
4446 6431
925 3436
1003 5404
3846 5456
2595 5329
2144 5345
1025 1117
1273 3187
3053 4664
2043 2431
1645 3410
2724 5692
5283 6064
494 1780
118 1991
3861 4447
1471 5392
673 6126
923 3077
2448 4005
2115 3757
1482 6027
3021 5316
279 4794
101 4680
1438 3842
2553 5350
2278 3654
51 735
5068 5717
2382 5813
3176 4464
2922 2964
379 2909
5651 6420
2070 3056
784 4764
2906 5333
466 4735
3433 6492
1998 5422
904 3395
624 5729
4602 5636
393 1647
3563 6348
86 6410
886 6505
175 6152
2002 5889
1478 4645
4641 6412
563 3346
2906 3969
933 6288
1519 4596
207 4152
3715 4431
1506 3084
2422 5938
4653 6058
1373 4275
2451 3272
223 907
998 1529
1949 6104
1833 6257
4358 6157
1146 6518
3010 3591
897 6537
421 3760
636 5537
2253 5048
2326 5466
818 1076
4614 6206
1728 4156
455 1057
1716 6293
1621 6512
610 1296
3010 4833
1033 2589
1260 1945
2658 4269
1000 5622
2460 6017
2625 5821
437 2360
786 5850
5391 5826
4518 4839
1456 1665
3617 5124
73 2851
2354 5280
5351 6332
1382 1984
1055 6171
4064 5652
974 3501
1562 2035
2817 6164
2308 4285
5 6353
4666 4938
3871 5684
742 1039
3772 5473
880 6458
3808 5370
437 3717
517 634
1539 5251
1200 2083
4323 6173
2937 6276
1947 2573
1590 5549
5740 6137
294 2077
1347 1676
1957 3543
4279 6510
2179 4813
779 5245
1201 2420
48 5798
2208 4833
3023 4477
1987 5240
3565 5762
2325 4644
367 3221
900 5308
4836 6304
1073 4883
125 1766
2045 6252
2635 6545
5245 5633
4334 4779
777 3628
889 5274
1356 1560
2458 3023
1004 6379
2786 5123
1471 3990
3854 5743
236 4236
945 3244
2506 4715
586 2042
1227 2248
2164 2883
2991 4442
2429 6201
3945 4194
483 3162
3843 6451
3020 5115
2609 3533
1728 3248
906 1051
1256 2265
1716 2565
2 5648
3355 5469
2013 6209
2207 5815
3869 5241
1817 5246
2946 3808
600 3528
1435 2947
502 2502
64 5795
4282 6260
733 1198
1482 1494
4008 5367
5690 6039
3849 5409
4360 6111
430 1627
2127 5491
158 676
1744 5611
726 4905
571 5836
1658 1806
325 4331
519 3989
2025 2580
539 5171
1488 3570
169 4224
4306 6057
749 3635
1526 3897
482 6450
3153 4882
2748 3003
419 2615
70 4972
577 5379
309 3089
1435 2869
3565 6397
5477 5778
1888 3997
4507 6402
403 635
638 1762
4619 5108
4997 5336
1210 5668
1657 5123
5657 6069
481 4930
661 4168
939 1592
718 5173
1188 6508
1789 4440
50 1216
2891 6068
19 5453
287 661
1911 5825
2799 2835
1414 2371
2280 2722
3166 5357
3670 4168
2535 5179
1837 6183
2784 6496
4463 6249
2315 2540
1389 2833
3477 4822
63 2884
187 201
224 6300
1573 6039
125 4558
5034 5981
3323 4911
2633 5442
70 1648
3731 5118
5025 5406
4390 4929
1432 5513
64 2040
2087 4100
836 5531
1720 4744
2428 3353
715 4973
1033 6040
557 5446
2295 4956
228 3883
4953 6213
851 5555
3 3341
4948 6220
2074 4977
4588 6313
467 6265
1907 6327
845 4490
3157 4939
45 1485
2320 6523
156 1722
2682 5166
1101 1978
4759 5816
1965 5753
4004 4320
3155 4868
1011 3087
414 3948
3004 3933
3519 5611
4546 5343
1444 5909
2176 2453
5416 6114
2635 4122
1642 1719
3441 4384
928 6436
2660 3128
2279 3696
4026 6111
774 1191
2556 4067
4035 4464
1787 2806
5312 5627
2437 3945
1147 4146
557 3882
3739 5093
5796 5855
2072 5895
2405 5050
2486 4062
2639 5277
662 2454
324 6456
6110 6373
993 2658
1353 2666
418 6017
2013 4656
3243 4725
2449 6225
2131 3675
2363 3618
91 5388
283 5364
446 6462
2555 6518
1985 4517
3640 5182
4062 5357
948 6106
363 1493
1789 3112
3192 4022
3365 4322
5257 6384
1315 2507
3896 4821
792 861
1413 2687
2056 3386
966 2426
951 5580
3024 4910
1633 4384
309 3958
1560 3247
1276 4084
518 5848
4379 6278
1901 4244
1060 5846
278 2522
3308 3791
350 4093
1849 3541
3336 4225
985 5996
174 3921
2713 4392
3105 4034
1247 5476
783 5555
3014 4562
4735 6345
3650 6383
3747 6408
2828 6154
212 5417
1724 5623
982 3541
4951 5701
3252 4236
3036 5853
5447 5974
831 5939
2119 3585
2895 3899
2021 2297
1656 3114
243 3924
1633 5683
3589 5646
3229 5994
3322 4421
4704 5837
5382 5915
780 4725
345 930
4223 4877
1177 3186
2781 5227
161 4729
1539 3122
57 3187
300 2847
229 5030
5592 6458
4247 5573
1763 5655
1158 4037
125 4002
3933 4954
2468 3523
599 4392
5811 6377
1746 3408
2156 6136
1497 4554
2246 6438
3713 4588
190 3056
2590 5900
503 4545
1285 2666
1013 5796
1882 5677
3169 6514
3079 6070
4993 5396
649 6251
2384 4147
3741 6209
915 3413
3388 4905
3313 3436
3048 4181
2170 5062
1730 4870
3796 5529
3105 4904
1090 3378
3531 5366
910 5567
1566 5090
4906 6542
1593 5391
4283 5624
3571 6379
1553 2177
3651 6284
140 3421
262 3748
3917 4312
5403 6212
305 5127
1203 4325
216 529
911 3417
5690 5784
961 4162
5561 6329
3957 4274
657 5943
131 562
4624 5096
1201 3254
5856 6186
4871 6241
5399 5950
318 5517
1783 3706
2549 5667
6012 6277
49 6234
106 3677
795 3484
3430 5240
4914 5533
2930 6304
512 1693
3069 5179
496 1069
1235 4176
5899 6127
1208 2198
1035 2413
4655 4858
3197 4990
2327 3167
2 5193
5339 6216
2955 6212
827 4185
2893 3933
2311 4741
798 2565
4974 5306
5055 6069
955 5928
2670 4106
393 1578
6051 6309
2718 4439
3725 6440
776 4534
4545 5971
1569 4635
553 6109
2271 6318
4339 6257
2110 5036
2268 4690
675 6543
2790 4298
4143 5402
1778 3039
3878 6178
97 3177
4316 6534
1778 2408
600 725
763 4595
6290 6421
5350 6260
2178 4736
1405 5445
879 5572
1656 2038
3024 4068
389 3245
218 5426
4128 6273
494 2917
3264 6387
688 3146
3325 5490
888 2435
834 3005
454 936
3657 4994
3446 4993
2137 5494
276 799
969 3425
2489 6544
2944 3115
2862 5220
4103 5276
627 1428
706 2704
2274 5188
1749 5176
803 5268
1168 2504
3637 5919
172 6529
1270 5436
1052 4055
1535 6220
2803 5145
1269 4281
2307 5569
4051 5243
473 5935
1011 2524
1599 2976
1010 3166
3364 6272
2245 3117
1505 3879
2575 4235
2731 5054
3957 5600
3119 3461
2497 3397
795 824
2077 5384
5376 5653
2975 5624
3178 3555
3217 5854
99 4943
177 864
2118 4806
3537 6116
777 2223
403 1629
2575 5186
3818 5707
2614 5839
4423 5262
5778 6538
5330 5647
960 1454
1559 2908
816 6052
2356 2425
1552 6487
3712 4429
184 3653
2889 3091
130 4894
782 1669
2929 3671
2187 3765
369 2687
1521 4029
2538 5109
640 1294
289 6237
2354 4710
290 5998
2085 4235
1759 3106
5181 5500
670 4340
1415 5264
485 2421
2700 3645
2262 4715
2416 2439
1386 4662
4212 6422
1146 4065
5507 6070
4981 5372
449 4607
4887 5682
3531 6175
483 5213
1960 3347
1092 3132
3238 4341
1566 3026
2334 6396
144 4615
2659 4040
629 2049
2188 4078
3344 3987
2929 3187
4798 4919
1923 1974
5270 5536
1485 3204
1289 2777
76 1581
2122 6118
690 5508
1530 3121
1767 4549
1616 3223
1601 2078
2478 3082
4972 5154
1154 2838
3259 6146
3326 4162
332 1611
118 5968
2371 3424
388 3647
3224 4852
2667 5010
69 1629
2192 5771
4424 5778
1975 5189
1285 6288
1205 3367
1245 2547
2057 4765
2925 3902
875 3474
190 1166
673 3721
3507 5407
5362 5795
2334 3750
2042 2222
152 1294
2555 5829
1686 2915
4489 6276
2163 3459
1785 5716
2832 4041
2153 2894
1801 1846
3823 6211
2723 4386
2097 3025
2287 3472
3731 4821
443 2030
1133 5759
3665 4914
2878 2899
710 4276
657 3513
610 3288
3197 6483
3759 6512
684 1526
193 5757
2209 4822
3936 5988
4980 6197
4 3312
2192 3940
3501 5786
1267 3100
2495 4131
3707 5654
3438 4934
468 1591
2188 5009
979 4857
3327 6135
2591 5036
168 6029
30 908
5201 5330
1707 3440
1495 2482
4347 5791
2183 5307
683 5810
2386 4577
1462 2003
5049 6332
1826 6311
1357 2603
4572 5773
928 5710
3245 5184
2302 5543
67 5227
2714 4002
1601 6227
2031 2076
3782 5486
2928 3986
5005 6471
1357 1883
3249 6167
656 2375
382 626
88 4453
2861 3205
2487 2738
2747 6500
5947 6084
1368 4266
2886 5688
127 5225
1894 2327
5050 5595
199 1535
2062 4113
3244 6501
368 5240
531 765
149 587
1783 3665
774 4935
1334 4746
1789 2789
2062 5779
74 5372
1309 1464
4367 5708
3293 6334
4113 5350
3428 5959
4032 5677
2721 2966
4807 6404
1633 2604
3500 5181
1013 1763
1085 3609
2140 4593
1166 1286
4496 5626
4154 4474
2267 6462
1545 5583
4605 6218
2468 3987
4315 6451
346 3595
995 3602
4580 5352
2864 4676
2304 3306
5043 6144
1750 3723
3612 4250
4145 6339
1917 5298
1344 3060
1852 6418
6198 6454
2466 3197
2406 5286
2259 5781
5077 6166
959 2161
879 6151
3804 5017
3878 6224
2298 5918
4246 6189
2000 6138
1964 2875
2762 4170
3133 3381
5690 5734
3093 5560
1484 2527
2719 3525
278 1793
358 691
4376 5782
3174 5113
1635 3304
5660 6215
3704 4444
4690 6516
4264 4758
529 800
1482 1914
3347 6525
1442 2686
347 2617
4194 4544
7 1565
491 1916
2479 4565
1798 5511
173 804
2745 3220
1371 4986
2723 4096
2796 5993
956 1122
993 2676
2533 4717
3487 6255
5597 6172
696 6114
3848 6030
1499 6414
402 2459
3811 6117
2542 3809
2071 4849
3376 5712
565 1502
2535 3489
148 726
1517 5578
3797 5139
1845 1866
635 4354
1937 3336
2220 3576
3626 6134
4658 5089
1136 2839
36 504
778 2672
2117 2406
1599 6484
44 3255
2492 3497
64 2927
2394 6408
2523 6362
1396 1810
957 5552
4794 5185
1796 5926
2307 3008
3961 4703
2795 3103
2464 4102
1337 5498
3505 5038
2941 4291
1621 4907
2599 4282
1679 2965
648 4020
614 5538
40 1002
1696 5030
1336 3156
3611 5266
606 6100
469 1557
329 3197
1462 2576
1410 2841
377 2031
4775 6353
1269 5107
1534 6530
5678 6533
2887 3998
2893 3954
2643 2674
220 1780
1165 4256
2540 4571
3580 6013
6398 6466
475 890
2029 6486
2637 4512
1672 4350
1078 3840
1925 3366
3957 4863
3116 6439
5573 5822
1472 4123
4462 4866
2969 6180
1951 6469
5438 6306
2559 4227
4115 5864
4007 5047
1650 4592
2495 3906
2986 4903
1061 3837
5587 5688
2492 4399
918 5566
1441 3353
1865 5101
1342 6009
3212 3538
3817 4626
4351 6145
2770 5390
1031 3884
2808 4717
4297 4315
95 5502
3378 4743
1735 6156
1372 2856
705 5135
2985 4616
1002 3221
523 5181
264 2773
2423 4008
1162 2781
1069 2774
1895 3305
1939 2230
241 2890
1021 2566
886 6376
1275 1428
1772 3907
2257 3042
4506 6021
2847 2888
5714 5962
1630 4648
3333 4042
760 2864
1216 6055
497 1192
3865 4432
1302 5514
1999 3173
573 2389
2005 2940
4380 5809
991 2986
3972 5377
25 3062
1112 5604
4663 5967
2982 3585
1160 2020
3567 6344
4267 6141
2867 3550
2738 5670
719 3772
2525 4971
376 5744
5246 5565
1244 5388
546 1260
2945 5319
1180 3766
1789 4696
644 2504
1873 2286
2337 3568
1567 2259
1128 1922
3930 4635
1073 6221
4848 4920
810 5027
4685 5175
247 4308
372 2422
2490 3664
4293 5376
1243 6459
643 4692
2399 4860
3527 4421
418 2207
25 2460
337 364
2670 5372
4411 6288
4595 4947
2173 2925
1915 5048
3334 3637
784 2292
251 3763
737 1840
4955 5456
221 5243
3179 6510
597 3072
1980 4622
3621 3916
3194 6542
2221 6326
2745 5819
1470 3225
4256 5983
5424 5499
3200 6124
749 1401
218 2681
16 5781
215 1229
411 4801
1115 4042
913 4304
1612 2120
583 5242
1406 5905
6021 6441
297 302
2339 6389
1087 3810
1161 5192
1306 5882
464 4798
2835 3605
172 5100
1753 2178
831 1973
1634 5244
3353 5202
972 5713
2767 6473
3331 6247
440 2433
822 5850
2187 5947
1915 5689
2663 5834
1548 4129
1012 1569
374 685
1974 2579
4039 5561
135 159
723 3853
1634 3693
2435 4237
2321 3858
4369 6547
1612 6108
46 2287
3072 4456
2700 6060
595 6089
2642 3674
3736 5774
4654 5825
2247 3063
2347 3283
3684 4136
1454 5450
2374 4129
53 6349
3162 4855
854 4668
1050 3852
1433 4454
1217 2398
3927 6021
5315 6042
476 1655
785 2367
757 2157
2537 6007
256 3777
37 2792
920 4317
299 4615
688 3494
2757 3724
4125 4477
333 2311
3302 3855
3800 4483
2768 2980
2072 4385
495 6333
384 2548
745 2666
20 3145
1597 2083
76 651
3599 5572
3722 4550
5883 6381
1108 3950
1727 5921
2603 5340
1647 3829
667 4816
2634 6015
229 5868
351 2673
2491 5448
4349 6310
243 2958
1348 3300
1244 5850
993 2342
2208 6053
4178 4249
6 5107
3387 4188
1383 1712
1311 6488
1274 6436
239 5530
1422 2795
3400 3650
506 546
535 5130
450 1483
1199 2134
1106 2246
1084 6382
1217 4507
816 4104
1248 4738
3102 5592
7 3522
2179 3272
2988 5377
4135 4243
2036 2630
526 3040
1051 2574
2942 3803
3596 6162
233 2069
1151 4139
3415 5729
3021 4678
3698 5091
3387 4607
2561 5630
767 1199
187 5412
2782 5723
1038 4118
1485 4255
5368 6216
477 6315
28 1722
461 1386
81 959
2570 3291
338 2803
832 4079
126 4577
2251 6314
400 903
1435 2135
1479 3261
41 2800
4019 5496
2340 4230
1035 5288
1041 4175
1891 5199
2249 5426
1081 4319
95 5152
1514 2969
3147 3389
68 3981
4551 6095
3067 6097
3644 6220
1101 1748
1201 3847
697 1375
801 6071
5493 6082
1847 5867
539 5725
1502 2357
1525 2733
4649 5027
4342 4589
909 6446
4248 4642
3670 5564
6360 6415
3746 3847
637 3643
2541 6486
3772 4684
625 4860
915 1837
4902 6170
1240 2127
1858 2286
3125 5024
1410 3613
2148 3214
1255 1765
858 5562
3668 4897
1366 4067
3052 4901
1332 2360
5656 6347
2481 3474
3916 4619
1606 6445
1488 2636
1401 5082
3342 6187
106 6285
2033 5945
2007 2948
421 2462
3142 6412
4641 4828
1072 1789
1715 5591
724 6099
130 5238
879 2887
1356 3956
1803 4749
1517 1718
388 1604
2550 5430
3551 5075
3419 6271
196 612
1391 4396
2194 5392
1558 4489
2940 4257
3819 3918
248 3437
646 2454
5737 6008
2957 3538
810 3002
1678 4247
1618 2204
1034 5663
2531 5780
1111 1988
2804 4230
3222 4955
639 2440
1640 6513
3360 5004
2176 4371
2088 3195
859 1248
1150 6343
887 2971
1511 5888
61 4518
783 3968
4457 6073
207 4174
3160 4892
3380 3616
2103 4424
403 1065
1076 4195
2569 3709
4155 4308
2457 6254
3737 4777
51 1598
3015 3975
5534 5914
2855 5848
4087 4549
1462 2400
343 4640
4516 4686
1330 5387
1621 3536
637 2126
637 3154
5212 5314
5808 6395
3848 5137
370 2444
1818 3847
5022 5801
1309 5818
123 6447
1235 3960
1739 4450
1642 4876
3673 5643
2130 3110
1876 5693
3229 3261
2550 6063
772 1025
1845 4677
4410 5571
1333 6308
327 3161
5569 5937
4632 6325
17 2865
3606 6349
1359 5373
2218 2351
1073 6209
358 2224
4069 4568
1319 4443
248 2596
1518 6300
3131 4337
3062 5467
459 3582
242 5248
1089 3285
4540 5591
1560 2120
2265 3936
779 3600
3578 3730
3575 6480
1920 3928
536 947
1075 4525
4825 5232
2283 6424
814 4265
1989 6498
1821 4657
1353 2223
2326 4979
6248 6416
2252 3564
3441 3452
4665 6383
3496 3943
1942 2132
666 3343
1469 6083
1030 2229
388 2184
2122 5382
1953 5709
1589 4625
4132 5331
1100 3088
1740 5260
1386 5970
415 3875
1984 4767
6401 6525
2602 3699
1809 4001
3629 6014
2860 5793
2297 5535
2455 4278
1495 4884
4076 4173
2376 5138
957 1243
1993 6467
4137 6100
1643 5421
568 6335
1272 3237
402 3123
4145 5561
649 5742
2125 4761
2741 5014
1630 4189
1586 5764
3834 6131
1285 4946
2899 3112
849 3049
2779 4699
1281 1993
5085 5281
2169 5483
1956 2078
1774 4818
2134 5240
3174 4318
3876 6022
670 4021
984 2092
3714 5028
489 2145
557 3887
90 700
3679 5683
1560 4516
3514 4857
11 4485
870 3000
273 660
2140 6503
2966 4285
1156 5687
1877 2018
3750 4311
677 2674
1245 2794
1589 3446
421 4609
1436 4193
855 6524
636 5679
1194 4119
1302 3641
1248 3795
1325 3301
1059 1236
2519 2752
948 2244
2373 5103
2701 3389
4548 5095
2644 4216
3464 3645
371 4932
3598 4445
2510 4219
3721 5410
917 4195
1355 6411
5990 6183
934 3749
4265 5598
893 4399
1432 4409
1487 5844
4156 4651
3502 6497
434 3455
130 5956
2158 4295
2268 4537
2898 3666
1463 6249
3288 4497
2610 6194
4385 5104
2024 4118
2903 3849
2948 4413
1141 5088
2120 5353
325 4798
467 1451
1465 2328
2840 5585
2472 3042
2545 5910
333 2512
2431 4387
397 1691
755 3938
3728 3983
533 1674
905 1627
85 3330
2858 3564
704 5926
1618 1874
1407 3565
1047 1788
1736 1937
2782 5599
76 5223
2520 4840
3163 5575
3702 4149
328 3801
3398 5529
2945 3407
4058 6181
1054 2278
4391 4953
1340 6053
2432 5273
3092 3221
2574 6294
4088 5905
1755 3217
4216 5670
101 1213
2665 4541
2572 5522
330 6428
4150 5109
198 6375
2908 4682
391 1032
2374 3486
1662 6063
3206 6321
270 1679
674 5214
4674 6490
1405 5600
1476 2345
4172 4648
5790 6543
1490 2463
1048 2981
3866 5920
4693 5622
4293 4952
334 5537
239 785
862 4580
1288 3776
448 6333
80 1399
711 3621
4475 5756
1005 2485
1801 4607
4244 6316
4786 6274
2211 2265
671 1237
4301 6465
2110 4872
969 5583
527 3844
902 1491
54 229
4797 5113
1722 2690
3199 6497
3584 3883
1695 5889
348 4176
3255 3288
542 2226
5962 6175
588 5701
2646 3917
2726 3390
3186 3890
684 5637
2495 4327
1810 2028
4493 5887
1364 6232
5143 5406
3756 5862
2015 2694
5427 5712
5719 6371
2683 5059
1983 5063
2910 3852
458 5487
3846 6194
1172 2613
5296 6096
641 5934
2165 4854
1309 1793
4098 4597
3246 5691
1030 6189
6039 6066
1744 4413
4291 4924
2108 5909
3233 4664
2914 6530
3916 5373
2048 2531
2327 3053
2794 4230
482 2831
4886 5809
448 4732
2568 3058
1298 2581
5363 6102
2144 2926
2213 4617
5070 6146
4056 5526
557 1574
24 4811
3329 4008
1748 2023
5745 6265
1339 4942
585 4372
2270 2358
4237 5588
6132 6510
3552 5955
723 5851
1334 1854
236 6255
1782 5047
487 4114
1091 3646
246 4645
5084 6515
1984 3637
3572 4368
5498 6018
149 6006
1528 5244
3266 5333
4120 6152
3071 4039
446 4012
1225 6195
4856 5824
899 1972
2186 3003
2485 6398
395 440
387 4350
3280 6301
1316 5146
1724 5172
175 5976
2009 5511
5302 6519
1617 3996
695 2877
1757 3711
4290 5903
3548 4996
4430 4522
833 2870
2285 4405
255 5897
1651 1729
28 2191
255 5026
3503 5806
6477 6540
807 5773
4263 6416
4180 6153
3374 4437
31 5245
561 847
558 4760
554 5838
1556 5820
3451 6264
793 4127
323 4220
2877 3674
948 959
1941 2671
2038 4355
3790 4195
5516 5893
1575 2921
6098 6135
1026 4719
1544 4110
1778 4024
956 2997
2488 4014
4111 4366
1397 1818
877 5589
1934 6214
4903 5611
1087 1313
3745 4307
234 2130
1689 3269
477 2634
4859 6023
3534 4881
3390 4467
1740 1788
2821 4685
562 5690
1848 4990
3696 4074
2308 3385
3587 6489
1562 4345
4433 6403
4521 4899
2458 3414
3059 4974
970 4928
73 571
5609 5875
5856 5870
192 1135
2240 6140
2973 5905
1287 5068
728 2696
1446 3006
4600 4660
4761 6449
3358 5292
999 1608
664 2007
2962 5241
854 4109
2942 4077
200 3301
2131 4544
321 2186
2977 3431
2135 4434
17 734
1807 6322
792 1243
658 2819
4873 5359
779 6404
185 4776
1851 1922
4900 5671
1017 3573
4096 4228
2330 5795
681 4185
290 5443
75 2563
1155 2631
3293 3974
843 4157
609 1355
436 2039
700 4519
2895 5174
121 2921
2620 3256
2920 5288
4285 6095
1259 5544
4460 6236
5335 5514
3038 3129
2494 3335
253 1579
117 1561
379 2567
5119 6244
4586 4604
1739 3738
154 4775
1052 4451
5296 6333
4698 6404
4841 5757
4082 5566
533 2410
4381 6377
2008 3668
361 1754
2525 6393
1782 3594
5304 5917
1049 6511
503 4659
2102 5515
1895 3250
3495 4760
2434 6520
1915 1925
4250 5216
2448 4419
4542 5528
257 2553
1451 5860
122 180
255 5501
1369 3448
2311 3619
698 6293
302 6414
159 1659
3005 6282
4646 6280
370 1500
1228 5856
4850 6307
1972 2060
928 3208
1419 3090
992 5581
3548 5441
954 5370
1976 5317
262 5066
4808 5844
4433 5250
385 3171
3319 5792
2750 4160
2811 4352
4815 5024
58 1063
2076 5419
4322 4403
1884 2553
2091 5786
3198 5952
27 4570
567 5811
2598 2890
572 1529
531 5323
2079 6073
2987 3803
1420 5039
208 6187
1467 4239
1094 2011
4742 5834
1222 2086
1704 4670
337 2341
940 3304
3799 4407
421 5913
3321 4247
1903 4025
613 2012
232 6296
5563 6506
558 3284
1601 4745
666 724
1776 2585
2788 6319
3891 5260
2046 5267
3580 5789
3089 5665
1166 2092
2767 3635
4253 5167
3151 4773
445 2713
145 3781
2330 5316
1608 3532
3905 5182
1507 4998
2650 5257
2819 5924
2518 5359
1613 4824
5098 5699
1261 1982
4944 5912
4330 5812
3805 4139
1298 5468
2689 3992
2 2397
1532 3903
4125 5936
4675 6210
4328 5303
3148 6208
149 1782
181 3424
3573 5428
2922 4610
4644 5013
2358 3016
4206 4875
1176 1525
1583 6326
805 6240
4124 4276
865 4821
273 1658
1564 3504
4471 5703
2467 2882
2403 3914
3174 6222
1730 4820
3583 4483
1367 4189
4461 4849
2938 5805
2836 2944
2692 4239
261 4539
854 5048
4671 6176
2516 6363
2375 4983
2605 2621
3276 6036
2853 5188
4008 5767
4343 6289
1166 1843
2305 3284
5330 5614
1615 6317
983 1911
1195 1205
919 4353
3497 5966
5063 5295
1335 5170
984 2355
5495 5516
1481 2645
1312 4667
3462 3671
1624 6491
1557 1921
2742 3195
1321 3257
501 2188
1002 5088
2067 3251
994 3825
1436 2555
3101 5244
2808 4963
1740 2200
1281 2881
5088 6453
2193 5134
1533 2850
4666 5677
2645 4309
4708 5152
2260 5459
2580 4850
1610 2205
464 1388
4520 5727
2836 6200
2368 3273
1791 2801
347 5409
4180 4611
2124 4030
2551 4016
2451 3976
3101 3978
1058 2316
3481 5664
1783 4576
614 2318
2995 4995
1597 3765
2282 5481
1567 1984
922 3580
91 3981
5254 6463
6246 6493
31 4001
1290 4660
2182 6078
3976 4934
413 6275
880 5066
2709 2970
876 1128
2820 6223
3020 5733
5075 5239
378 6460
959 3752
1044 4489
696 1431
525 5015
3834 5556
1101 3193
4209 4574
3708 4501
78 6376
2410 6244
4374 5016
2825 2884
420 2056
837 6268
340 3391
2693 3691
2679 4284
102 6384
3819 6236
2996 5534
135 5802
1293 4987
1214 2653
1374 2543
4326 5101
783 5869
1731 6494
1474 5979
703 4301
3624 5060
947 6103
1844 5353
2061 4981
1468 4363
6033 6186
2277 5703
1321 5331
1450 6029
960 2622
4937 6442
3040 5887
717 5185
2824 2917
1431 5971
935 1867
3617 5545
3106 5739
2424 5872
3554 4830
451 2032
3688 3740
3881 5526
2284 4926
740 6196
326 3316
1639 3362
3130 5285
910 6393
3988 5804
2258 4058
1333 2925
1444 5724
1796 5850
416 3025
2608 5986
3556 6092
1 1018
33 5444
2326 2640
4694 4833
270 5482
977 1842
751 5687
733 3413
2684 6458
785 1969
4217 6404
643 4564
943 2776
2817 3819
1920 5299
275 355
224 1718
2956 4501
1501 4329
5479 5722
2408 5761
840 1880
4116 4501
4676 5456
2483 6346
4108 6377
1720 5160
4124 5883
1682 1824
1284 4068
1512 5989
537 3396
2044 5822
2507 4418
1576 5958
213 3584
739 1034
520 1028
1749 5720
435 5629
2065 3518
852 4042
1125 4235
2158 3143
2647 5312
5829 6048
1295 4669
3207 4510
1357 4743
3933 5184
58 4845
344 1416
902 3215
822 6430
3756 6065
1370 3250
2003 3200
3827 5732
2058 2301
426 634
812 1776
753 878
265 4912
714 5171
2793 5888
987 4382
576 4313
3362 3595
1861 3994
602 6453
2841 3886
5923 6373
1006 2787
3754 5096
3031 5541
564 5559
669 2417
1787 5040
4645 4747
27 5078
2883 4238
1633 5801
872 5718
3412 6495
2586 3533
1066 2632
2498 4829
2327 2709
1201 4770
593 3680
4960 5007
3731 4904
1393 5174
4100 4169
2942 6536
1412 4191
2748 6395
350 5629
739 4357
210 4684
3219 3359
2221 6059
774 6085
1256 4350
1860 4927
1056 5970
1460 2426
894 1627
2228 4588
3178 5074
3261 3796
5146 5264
2965 3770
761 1661
1248 5554
5775 5849
3719 5359
3695 4877
5900 6411
1283 5387
5429 6426
3507 4777
1707 2484
2809 5693
4383 5902
59 2848
2865 4486
3213 6235
3420 6054
529 6260
1271 4887
3221 5521
2892 5814
3659 4455
931 6468
208 5439
908 4058
2314 5198
887 4081
68 3086
679 3295
1102 5533
915 5802
5549 5669
266 5603
3201 3660
1899 6310
123 2249
2059 5512
5416 5488
892 1222
735 5943
5858 5951
845 5715
4390 5769
3838 4914
3486 4885
3 1819
3111 3985
271 2832
249 2436
1581 4401
4688 4825
1400 6331
4932 6515
2421 3238
5905 6261
4806 5853
954 3263
2613 4724
2591 5802
676 2299
2643 2872
378 428
853 5502
2686 6451
3096 4351
2816 5210
4937 5158
1524 6288
2588 4265
942 2590
2389 4075
233 4502
2806 5946
234 4925
151 3991
1132 3380
661 2082
1754 4289
1903 4075
2128 2163
1853 3372
1448 3505
4627 6143
2635 6289
2019 2235
4847 5294
1239 3490
967 3541
3643 3715
2101 3775
227 4643
3132 4642
3197 3652
1829 2212
436 1982
5779 5882
1143 4797
841 2841
2343 6435
232 1798
3364 5581
510 6352
541 3338
2185 3214
713 3180
2971 5714
759 1310
3190 5231
4120 5079
2032 5169
3260 3297
258 2623
3075 4675
1381 2529
5628 5641
83 4793
616 4741
5357 5663
2886 4813
110 6477
2931 6266
134 324
5513 6423
1347 5677
2907 5640
2312 3604
3804 6352
5558 6144
417 944
5384 5440
2229 4762
1081 5397
1743 3546
872 2348
3113 4169
2668 2950
2812 4204
642 1643
2198 4703
750 1960
3687 5745
1967 3738
2165 2214
2312 2749
4768 5331
6004 6371
1100 5312
3003 3165
214 414
726 2283
5711 6419
547 3908
3265 6263
394 5191
452 4346
2546 5559
4040 5374
2475 5697
3139 6275
3941 5684
5058 5562
3421 4908
883 5607
2047 6252
996 1889
1083 4271
889 3029
662 3214
1828 6472
2469 2592
946 2258
796 3354
1484 5108
1063 2853
1819 4197
1740 3033
2206 3090
4273 5190
912 4627
1440 2304
1336 3724
3935 6480
4428 5168
2675 5173
1438 2078
4517 5651
3705 5148
3599 5500
3078 5927
182 6029
1669 1872
5182 5692
2445 2821
989 2894
1238 1458
2278 5348
1338 4612
1134 6109
423 5580
8 5369
1034 1071
1068 4097
231 1471
431 2338
4092 5233
1014 1333
3072 4130
1952 5540
1317 3489
923 5949
1955 4926
889 6423
129 2951
2107 2220
2177 2361
4014 4336
2764 4091
49 5751
589 2542
591 1167
2586 3420
3572 6169
4514 6383
229 2456
56 4663
1792 2369
4286 6256
1085 3405
2936 4149
2077 6484
5650 5882
186 1953
5531 6452
2669 5194
5163 6043
647 5156
894 3271
360 6541
4430 4998
2998 3092
3470 6348
529 5356
2771 3151
4010 4599
2863 4643
5044 6376
4894 5410
3048 5557
269 3214
941 6173
360 4311
1944 6106
5924 6285
726 1971
137 3997
2499 4302
4070 5869
77 957
4470 6210
1931 3309
1018 4823
43 515
4691 6043
1542 2776
1730 4856
1114 4365
1642 2101
867 5944
2608 4807
1779 5235
4462 5371
771 3623
938 3349
1717 1904
2219 6030
1735 5357
2155 2683
2121 3897
3767 4597
33 4134
2159 3798
5685 6421
2477 5178
2990 4721
4447 5821
1037 1084
365 2762
3602 5424
180 3157
836 4898
131 4902
2581 3908
1045 6545
1 2223
855 1492
3515 5798
2785 3170
1991 3742
869 2950
3789 4179
1753 3347
2088 5535
1836 2409
2063 4552
2701 2706
2168 4245
745 5315
1071 3235
819 6532
3310 5328
3103 6119
3745 4557
1497 5889
1361 6276
2569 6359
975 2795
132 2906
1964 4503
4190 6197
1965 2552
1792 2693
4705 4812
2556 5704
1196 5199
4482 4606
4861 6482
126 5576
1577 1758
1627 2146
476 1856
305 5799
0 4438
3287 5110
2348 4420
628 2901
1588 4344
860 1082
263 6185
509 6428
3962 5092
3471 5210
5416 6206
1540 2791
5064 6526
3120 3843
1722 2815
1241 1694
3782 4638
932 2366
5014 6127
4671 6543
1792 1806
3278 6202
2559 2783
2850 4305
1287 4270
2219 5828
449 1494
1371 4966
2874 4933
876 2772
262 5850
2557 4009
5763 6272
3558 6499
331 1802
1690 4177
527 6182
339 471
4109 5018
53 4274
373 3876
4453 4818
1430 1709
3467 5178
474 4656
1780 1857
245 624
3669 6384
2738 4531
1012 4233
142 1516
968 1379
4983 5168
1090 1230
2064 5420
3046 6409
2289 5086
2332 2421
5435 5985
1447 3722
549 5046
3085 6100
153 4381
817 2178
390 6440
41 4580
2491 3652
1911 2281
1845 6301
81 4584
1250 2085
2020 6399
1698 4478
4328 5033
3964 4349
1782 3767
370 4456
5345 5551
2167 3212
556 3592
5135 6423
1008 3184
1841 4384
1506 6323
372 2843
4720 6392
3949 4840
3327 4400
1296 3468
3614 4548
1613 4386
175 654
685 4544
3109 3929
58 3720
2347 3582
222 3993
560 3333
623 6268
583 4155
2506 5234
1246 2012
2800 3096
2052 3133
829 5833
12 3431
1810 5055
4573 6514
728 1231
2542 3821
640 3736
3482 4290
1398 1624
4459 6244
1850 5242
4759 6290
319 2105
724 4535
1860 3625
1993 2960
253 3423
4658 6225
3413 3920
3320 3710
1637 3062
821 5085
1074 2421
240 5428
2016 2127
5890 6164
5586 6526
97 3243
1007 5147
5325 5501
5303 5489
2746 5316
253 3260
2242 6178
1946 2690
964 5893
542 6538
416 4733
198 2760
4494 4826
4558 5777
825 1467
2484 4772
309 3228
198 4579
1568 5187
3667 4859
487 6129
2475 4896
688 1699
2483 4463
519 1177
4831 5946
1121 1803
2554 3068
2929 5412
2436 3971
475 3162
2708 4840
4528 6223
1120 5279
3456 3711
148 6026
1319 1962
2027 3808
3075 5211
384 4425
362 916
2341 5464
2699 3964
839 2879
27 238
1918 2583
3789 5384
8 3131
22 5506
1718 5105
1738 4427
352 3992
2723 5418
1812 3675
546 6019
4527 6029
4587 5368
3585 6321
3601 4950
3440 4264
1315 6413
9 4128
2728 2792
1433 6104
4037 5455
3114 3889
2973 5378
3679 4184
6117 6154
344 2289
197 1258
2259 6485
4829 6542
475 5796
2606 3810
2567 6080
594 3302
705 995
966 5599
2150 3615
1939 3506
927 3527
3887 5520
5023 5643
3596 4197
3049 3913
5348 6230
530 3153
4020 5296
2814 6336
455 3630
571 4232
1070 6240
890 6183
940 2550
2069 4382
3569 4962
4063 5598
3907 5021
3901 5697
2505 5061
1579 2526
3526 3839
642 2873
452 4945
2420 3544
3700 5485
2241 6295
1389 4761
727 2666
3705 5906
423 1363
552 6432
125 5231
2081 4907
2880 5666
1360 3236
1477 6266
1846 6079
2166 5485
4713 5636
1671 2125
2975 3087
5134 5568
2065 4873
4244 4940
88 2571
3432 4630
1644 3145
2523 2751
6096 6434
2378 5707
1098 1749
4097 6339
891 2759
752 4076
124 3171
3029 6435
983 4655
1151 4371
1222 3342
5364 5700
4994 5649
35 4174
1886 5052
3296 5192
692 3110
3868 5140
4512 6342
5358 5453
3457 5390
726 2652
1561 6149
3128 3894
1855 2701
1009 4692
397 5471
3017 5652
2432 4775
1522 2812
844 1008
1025 3937
3828 5831
359 806
1064 1487
5875 5902
363 2806
1395 5232
1452 3363
1348 6268
2171 2857
2516 4006
2286 3633
123 164
2388 4039
1973 2243
1424 5243
1704 2313
47 6265
4091 6444
1715 5469
5077 6516
70 3259
1572 4707
782 6088
2324 5201
1193 3296
3124 5601
2209 6361
1464 2395
268 6261
4298 5874
2936 4407
2926 3985
2570 5604
1556 4447
2418 2538
2159 4054
4583 6349
115 3111
1048 3535
215 522
489 6283
1873 2527
392 1351
1373 4030
1060 5463
2372 5305
1605 6409
674 3737
989 6539
1787 3429
4968 6352
1646 5635
3924 4692
2623 5690
2025 5841
3985 6062
3689 4252
48 5816
5515 5785
3024 4294
642 1127
188 417
2832 3797
2163 6314
744 2256
2092 2560
891 3023
1270 1492
3026 4110
379 1585
120 3253
2427 6074
3011 5247
2343 2611
871 3689
5401 6518
1441 5200
686 1823
1929 6081
4430 5827
2172 4478
1229 3530
79 1432
645 1173
2403 3310
5338 5930
2449 6531
2661 4872
608 6301
2530 6464
796 1223
2098 2612
1692 2935
1159 6158
2833 4512
4466 6464
235 3788
2840 6192
768 5992
1616 1860
2758 5704
1350 2292
611 5149
1081 3820
1318 3432
655 5987
1916 3423
1013 3372
1997 5347
988 5901
2160 2362
1710 3006
1139 4069
5184 6047
2502 2958
277 329
1026 5631
72 1535
3605 4083
446 2363
249 5444
1142 3390
1324 2654
3065 4595
3155 4994
3681 6243
314 4932
2147 3545
3401 5453
3765 4186
4171 5733
1174 6028
339 4725
2351 6350
2372 4262
1561 2990
3726 4019
626 5246
3411 4290
848 2961
1535 3396
4140 5462
2443 3910
3436 5697
4858 6201
164 1795
1587 4718
2874 5790
2692 4882
3746 5625
212 4546
882 5459
4816 5575
3861 6400
770 3409
1549 3814
811 2054
154 3926
2285 4967
2128 4623
5 5320
146 869
1143 1439
313 4740
1455 2333
2434 3873
757 2359
684 2012
4239 5190
565 3054
528 5691
1721 5056
1305 2396
4166 5095
635 4783
1596 1874
417 5062
4915 5321
1020 5913
1984 2513
886 5501
5691 6284
1684 2483
2511 5859
2649 3065
4319 6045
1387 4009
1568 2868
6450 6461
3212 3962
1587 2425
3333 5167
4778 6521
1331 1967
665 6548
264 3636
1890 3061
1898 4536
2810 5804
718 6270
3399 4107
2761 3637
3450 6194
2807 3198
1145 2189
539 789
4362 5493
3047 5071
1312 5480
994 1798
1176 1555
1374 4406
244 5034
4346 5092
1505 5376
618 3325
1067 1418
2675 2703
1293 5506
2465 4440
3525 4722
1924 3506
2919 5541
4095 6307
6384 6511
1006 2425
4385 5957
1187 3970
885 2430
354 639
3316 6112
1977 4641
227 815
1710 3739
1300 2558
2383 4730
5706 5896
2037 4197
249 4112
1624 3658
4274 4869
4389 5258
266 4312
1940 5806
1709 4476
2974 3463
4785 5964
3634 6178
5912 6159
1832 3684
132 5941
528 2146
560 3815
917 1339
187 4834
3309 4431
1025 3991
1287 2115
353 5450
2255 5815
1291 5784
378 5737
450 6533
3307 5989
1383 4175
2912 4258
5124 5461
209 3124
5126 6142
1219 3297
2670 5523
6099 6338
3439 4765
2476 4734
3303 6342
2769 3698
1994 3377
3612 6238
2603 2765
5847 5915
687 4719
232 6357
1636 6367
1985 2222
5975 6441
2754 6150
574 3394
1614 2645
920 4725
1232 4385
4133 5676
1358 1404
5642 6330
4834 5562
2545 3357
4443 5817
857 5341
2121 4582
3726 5226
2516 5572
6196 6546
2349 4760
2103 2217
4928 5349
3511 3602
197 5168
1850 2009
833 5766
1303 4704
33 5418
2601 4670
2544 3482
5887 6091
1682 2250
970 6031
5472 6481
1620 5818
755 3341
870 1568
2076 3274
4252 5648
439 3733
4047 5156
2854 5344
2740 3456
1288 5099
1948 3760
2995 4758
888 5156
4138 5636
1509 6234
399 1303
1632 1868
4310 5483
3773 4272
909 2677
3073 4789
1135 6012
1050 5313
36 4054
543 612
2759 5836
492 5783
2045 4478
2617 5608
1640 4035
815 2182
498 5920
147 4277
1520 4009
2770 5115
3680 6364
4117 5941
702 3009
161 6549
560 6083
3605 6087
5386 6318
1826 5452
2762 3278
5509 6370
5006 5014
431 5886
5322 5783
432 1666
1129 4892
4036 5795
3084 3319
2905 5434
5791 6000
3107 4363
2920 4915
1135 2048
105 5970
3361 6474
690 5891
3218 6403
325 3685
3970 6014
582 2720
1566 4367
14 5843
2848 4093
1460 5623
1944 3870
1007 1932
492 1729
2871 6069
1372 6391
4498 5969
2342 3771
3419 6438
65 3150
2263 5096
1995 4193
1848 4992
2460 6512
4865 5389
548 2643
1905 3660
111 5918
382 3952
3223 5383
2353 4637
3226 4694
1080 4352
717 5319
23 915
3748 6479
400 4229
38 432
1267 3569
4885 5735
2055 5101
1206 5579
3114 3947
991 5835
1981 6143
3610 5560
4622 6308
343 4631
1263 4561
4298 4324
2269 5210
5589 6182
2403 3963
4219 4944
2428 5523
2140 3909
4861 5764
4193 5682
1523 6350
115 3157
4196 4445
1467 2339
4355 4951
2979 4053
736 3327
304 4569
590 2665
1219 5776
2857 5013
1130 3575
2669 3925
1303 2926
850 2698
716 5037
1422 2394
4452 6204
1457 5080
777 3640
2837 6248
2171 4591
1570 2735
635 2911
217 4814
2242 3656
1554 1933
1705 2432
2656 3216
676 1058
543 968
2909 3593
1463 3265
2096 5180
1404 2180
4374 4419
2525 5565
2130 2350
1207 5693
4731 4860
113 3785
2327 2597
3646 4538
3127 6154
1042 4752
1427 4678
794 1363
6198 6481
472 1067
116 2660
229 3400
1733 5350
4443 4555
1078 5610
3332 6091
4086 5759
1813 2444
3227 4861
3509 6436
271 4199
3855 4672
2094 5885
973 4065
1910 5865
2913 6351
33 1541
2651 3517
232 1167
1434 3193
1389 4324
3035 5816
5122 5213
454 463
4610 5478
96 6040
195 2719
3280 4880
140 765
2354 6299
1215 4202
3156 5221
3140 5259
2890 4625
1190 4990
748 1961
1175 5852
5074 6494
2515 6497
1929 4980
3593 3812
4016 4599
5001 5956
692 5428
178 603
1262 2081
4943 6522
5335 5656
1426 6544
442 2528
1992 4132
52 1329
3405 4436
1269 2777
1457 3662
2381 6447
2619 4827
2656 3539
84 5876
4858 5229
3885 5735
349 5021
526 874
99 5635
1205 5163
4838 6466
5737 5863
1786 4033
517 4293
2117 5610
1267 5435
721 789
3194 3909
1674 3686
2741 5643
4576 6544
1173 5624
1491 4888
1599 6032
575 4378
699 4525
297 2549
4762 5626
1919 2653
2941 5920
200 4875
4294 4377
3291 5978
3744 4244
373 2241
1569 3112
2770 5121
5091 5233
71 1207
4695 4815
746 5998
368 5054
3185 3374
12 1291
3697 5313
1125 6074
1901 1969
1965 2937
5157 6491
203 1053
1554 6315
1324 5004
4784 5307
1043 3979
1021 2618
3262 3922
1027 3531
928 4724
3818 4921
634 2150
1862 3994
295 800
1797 6121
1525 6432
1083 1322
1170 1178
299 2972
4252 6065
2392 4940
3414 4472
5955 6209
704 1112
3646 5852
2780 4397
937 1560
1385 5151
1860 4000
1517 4836
760 1188
3183 5162
2650 3279
904 3019
2452 5327
1036 4480
508 5060
1043 4111
2037 3317
160 856
3207 3437
3240 5871
4246 5840
4714 5570
1590 3941
441 5748
1700 2729
3182 3556
1741 5675
1279 5725
3479 6373
1503 3817
2306 5421
2339 5140
4737 5915
4713 6342
3594 3733
1650 4791
906 1184
178 2337
1906 6517
2270 5432
607 5729
3531 4505
863 3480
4120 5398
996 1652
5256 6073
2756 5621
2754 4234
3916 6178
791 2938
1394 6281
5452 5848
23 6472
5681 6015
1220 3058
2129 4361
392 6038
390 5650
256 5129
1062 3478
312 2407
5209 5508
4259 5781
3028 5277
3539 5789
3872 6044
4363 4843
1388 2884
5287 5991
3583 3677
3851 6442
1183 3094
2511 3478
2075 3840
2177 5368
2236 4561
4258 6287
2894 5528
1226 2455
2636 2924
1727 4973
862 5690
3806 5921
5393 6337
1096 2380
5830 5845
1084 1601
2185 5206
632 2856
3049 5706
671 3338
3375 3816
4249 5622
2870 6168
4253 5012
1282 3689
4996 5354
3209 3246
3830 5964
1584 6084
527 4426
5543 6293
341 415
2488 3762
1269 1489
3829 6379
2885 3378
2236 4183
839 2753
1501 2840
4083 5224
396 6024
5011 5252
1954 3015
2248 2590
3125 4405
1745 3638
3016 6214
428 2932
164 3862
1704 1717
3141 4082
4566 4964
1670 2492
3694 6504
1160 1952
4037 6272
4679 4908
2162 5134
511 1618
2808 3416
764 4201
3597 4704
259 5558
283 580
2730 6286
2329 3374
6137 6487
3751 5401
1742 5765
3350 5709
4204 5368
2155 4636
2695 4049
2420 3139
1411 5731
4163 5639
87 539
310 5543
895 5819
49 4017
2841 5029
1751 5050
2962 3521
13 5327
3714 4402
512 2476
595 6269
411 6458
4835 4935
532 4603
1597 5892
3436 5263
1896 4911
1953 5794
334 535
4404 5961
3460 3744
999 2291
1746 5770
1804 4264
669 4997
1205 2842
4416 5281
1938 4702
2318 3501
559 3833
429 3791
1863 2201
283 4524
4418 5291
1761 2695
120 5318
3858 4972
1734 4735
3285 3411
5981 6407
162 4044
1228 2472
1346 2628
1664 5394
1367 2743
3165 4958
4311 4823
324 3848
3022 5721
177 2553
775 895
6332 6383
2416 5832
1272 2647
1666 3471
163 214
139 3451
2569 3553
111 478
1938 5857
534 5530
140 3591
1503 2505
211 6216
3058 5676
3570 5938
2598 2826
2507 6274
4817 5463
1486 4287
1596 5788
3468 6228
2816 3481
4258 6199
1493 2029
4363 5524
1259 2188
5934 6405
493 4598
2454 2469
4295 6149
978 3413
1110 2859
1163 4248
1024 4222
3959 5679
691 899
176 376
2349 4531
244 2830
771 2881
5476 5902
663 2520
4220 5262
658 1726
3873 5394
60 5493
4491 6407
1475 5076
2657 4593
1786 2915
386 5472
633 4099
191 4891
2453 5204
251 5041
1885 4440
253 936
4014 5284
1078 5931
460 1745
1765 4851
2504 3152
3422 3692
2290 3800
2917 5310
17 3813
624 5615
2656 4640
358 3111
2777 6398
1263 3055
4197 5726
3037 5081
757 2418
2275 2727
744 3809
1226 1474
17 835
1990 6420
5979 6523
911 2190
742 4164
927 972
5774 6205
1457 5804
4485 5295
2160 4959
162 3393
2763 4812
2947 3692
1723 3368
3436 4524
1875 5555
1477 6360
1713 4230
5184 5408
4493 4986
1805 1843
550 6271
438 2419
3000 4721
2097 4246
1079 4870
228 4613
2749 4408
2081 2740
315 991
3507 5879
633 4965
4441 5800
582 4949
2418 3802
555 5891
1303 3329
2160 4661
4215 5878
1570 2616
729 6089
1437 6118
3742 3769
4353 5501
2791 5126
532 2193
3170 4931
62 3973
1498 4404
3856 5755
2258 3213
4214 5659
511 3424
335 4726
5208 5398
5762 6010
2604 3386
1760 6509
1698 3510
1432 4036
4671 5666
1127 6146
5368 5503
1754 5574
738 5840
2168 5538
4663 5816
747 3053
1999 6384
4634 4886
841 5758
311 5233
1802 4601
2411 3164
1490 2785
1202 6142
1040 5331
2805 5634
59 1900
538 3919
5747 6068
2267 3298
1386 4979
3198 5932
1752 3323
695 2939
3151 4188
602 3032
2936 5749
821 6486
2304 3061
2844 5041
433 935
6342 6548
828 1285
627 900
1273 1543
4436 5605
854 5680
4975 5907
2852 3698
4230 5643
2641 3113
65 401
499 4302
290 3528
131 5596
3642 5396
1072 2744
5577 5908
1213 1797
590 2467
219 3966
694 6301
3230 5442
114 2923
4812 5622
2117 3776
764 6338
1880 5502
231 1536
1142 1249
330 6545
659 4368
2550 4403
55 786
2120 3034
910 4641
627 4378
601 2107
457 3243
579 6407
1112 3274
878 3119
3478 4691
199 6000
279 1738
2035 3890
2669 5789
3801 5071
1551 6187
5287 5705
1986 4871
2345 4059
3359 4421
1675 2135
3967 5625
779 963
2311 3729
1782 4949
86 801
2034 4141
2458 4574
5176 6472
4268 5657
1737 2303
5211 5688
385 678
2889 5000
2463 6331
3052 4978
197 4682
4553 6487
124 5729
5615 5775
2322 4713
4970 4980
1900 5164
966 2366
129 5204
4298 4396
2022 6113
335 1216
152 6439
4142 5410
824 3109
4020 4756
1968 4668
1595 4144
4059 6093
1834 2768
3678 6521
2304 5502
3863 4224
3302 4849
1108 5014
1282 3501
4269 4787
1957 3709
100 437
1653 5618
4683 4802
964 2175
3258 4111
1886 2989
1744 5696
3040 5738
3873 4697
3705 4412
713 6086
932 3491
2401 4090
628 3796
2239 5400
379 1943
2075 2679
67 1525
2026 5649
4254 5320
2913 6299
101 4689
1794 3202
746 2112
1489 5468
136 2540
1727 2857
1066 3341
5262 5580
2149 3711
630 6354
1784 2482
2943 5655
211 4321
1860 3707
3204 3412
5051 5524
990 1609
4139 5973
937 3485
1693 3778
927 3144
2459 5232
3318 6097
1153 5398
1144 5254
839 5237
3538 5534
2352 4052
5381 5632
4820 5927
2082 4045
3601 6061
4204 5518
862 3210
3784 6231
124 5280
4403 4931
2035 2573
1138 1908
1016 4015
4723 5698
1935 5594
1683 3781
23 1304
400 3875
5413 5663
3435 4105
3763 5948
2063 5155
3710 5218
407 5608
724 1832
724 6309
3936 6365
5137 6032
1450 6148
4430 5771
311 4618
1146 6278
201 3777
5008 5297
4439 4566
2084 5897
5326 6522
1925 2530
3999 5811
4208 5971
1781 3667
1509 5234
3647 4287
1508 2974
3434 4240
2250 6535
3548 6284
2582 5420
2007 3714
732 1346
2288 4688
184 3834
754 3066
1571 3434
268 2854
4219 4545
161 5280
2154 6086
1756 6137
513 5101
1475 3867
1025 4405
1251 4037
500 2366
2230 5423
1968 3826
2408 3276
2903 4299
4294 4546
6207 6476
3108 5883
4134 4687
1171 5693
3328 3586
680 1887
4213 5810
1744 3808
4447 5537
4054 6239
1732 3447
2546 4266
2042 3168
516 5779
1901 4366
723 2008
4749 6017
2309 2333
4404 4769
2627 5604
3823 4488
645 668
1538 5858
4320 5607
456 6024
75 4522
3058 5542
465 1762
5180 5954
421 4071
2197 5977
2011 3669
820 3701
2467 3047
1049 5423
18 5547
1593 6245
1583 3973
4837 5773
41 651
2432 5995
2359 5282
384 3712
5607 5694
1697 4803
869 2075
322 3460
2736 4347
1625 3748
1672 4406
342 3174
2922 4432
585 689
556 2936
552 2412
4765 6120
1093 5937
2136 4541
3650 3877
4790 6394
1185 5566
3311 3588
1342 3498
4414 6072
3275 3997
1897 2068
439 6355
1941 6306
2447 6545
3271 6130
1105 2323
191 1381
6125 6142
5778 6387
1068 4465
5076 6137
2491 4874
700 4781
2133 3932
36 1874
1485 4226
1434 2165
190 1411
312 6282
4396 4762
621 1014
3292 4488
1432 2190
1970 4067
2503 5899
1453 4132
3364 5425
3269 6115
2066 5894
1343 1465
1970 5798
2053 3660
1227 1790
3023 5807
1149 3435
3249 4242
809 4479
829 3312
4451 5510
2110 3616
1785 4672
4596 6023
1648 6250
3377 3609
145 6322
2041 5799
2336 5872
756 3260
3247 4817
1341 1822
952 2618
296 2391
3275 3773
1546 4043
453 6016
5032 5750
950 2181
2638 2978
5142 5400
1023 2151
274 4014
3945 4374
14 2607
581 6061
5434 5851
3158 4427
1667 4681
1213 4747
2153 5352
3104 4885
4048 4879
509 5230
4461 5625
2456 3054
202 5342
3201 5788
3404 4547
3915 5520
1110 4523
4909 4982
1068 2390
4388 4450
1745 5682
1516 4681
4407 6415
1671 4683
2228 5497
938 4061
781 3575
802 3893
5235 6046
3013 5917
5170 6245
951 5165
2616 6350
314 5721
859 2807
638 5116
304 3564
3253 4877
1166 5559
4950 6057
1424 6378
3458 3580
3159 4089
884 4984
317 5072
5096 5217
1799 5171
965 1926
3939 4611
997 2953
2520 3472
2196 4554
3950 4369
3009 5394
1461 2102
3493 3596
1322 2742
4352 5478
1148 2161
2680 4870
3492 5018
1080 3864
1579 6262
307 3189
1166 2753
2435 5619
3921 5527
508 958
237 6191
3764 4188
191 5184
4048 5326
271 2338
6203 6286
2139 2708
2298 2436
2533 4376
406 6388
1393 3299
2017 4904
1691 3984
4970 6375
443 6370
3044 4099
2215 6242
2261 5526
4706 5245
584 5410
2402 6188
2379 5031
2401 4922
1501 4790
3097 5942
4967 5947
729 2225
2346 5730
1152 3617
1299 4339
889 1660
4596 6263
151 2315
627 1872
1437 4666
681 6139
1375 4831
4267 5714
3156 6088
2083 3288
291 1959
273 1214
2744 4563
206 3995
1703 3605
953 4779
383 1313
2448 4147
3938 4126
1957 4358
1770 3886
1113 4770
729 3728
4533 4561
2274 5183
2988 5209
70 976
542 2118
1679 4040
1721 6186
1702 4092
881 5650
2999 3879
4032 5249
2608 3741
5037 5980
4210 4797
1409 5289
1430 3923
5019 5791
157 5868
2031 2509
242 2669
1150 2759
4161 5860
3106 3392
669 1345
260 3535
4413 4890
2948 6506
3315 5103
1647 5415
1677 6153
2966 6038
4510 5163
2898 6455
282 5101
3699 6180
2901 6018
2633 4412
1882 4730
1208 1976
3093 4304
293 2790
142 5292
495 890
62 1847
2728 3218
3265 3443
2704 3117
3593 5330
1530 4832
4959 5565
3208 4521
336 975
728 2156
1194 1961
2595 5234
1473 5163
2213 6538
3995 4297
3710 6341
1580 4381
2489 4991
3908 4682
3881 5255
1864 3628
929 1823
2702 5798
3598 5305
1147 6424
1778 5755
1008 3498
3179 3635
216 1539
3487 4267
4701 5383
5322 6182
1798 6267
880 5648
1476 3516
2153 4543
146 1328
1019 1955
623 2992
3621 5670
2967 3685
5052 5931
2350 4864
5672 6469
1545 4961
2717 6461
65 268
2352 2377
380 1307
115 652
1456 2057
4918 5899
4831 6101
1126 1277
1668 4156
2852 6527
1935 2016
966 5298
5647 6289
808 3195
2058 4221
2113 6235
2022 4335
5126 5686
308 5028
3345 3900
3553 5803
2177 5106
4696 5238
3042 5518
2346 2538
1105 4858
4221 5496
2773 2955
811 1253
441 4589
1681 4183
134 4011
1765 5689
4302 5307
514 5414
1122 5993
1308 4389
1417 4653
734 4800
2143 6361
889 1099
2166 4278
5386 5565
1808 2901
3169 4900
106 6502
520 3203
631 2549
1290 3963
1003 6437
301 3362
1106 6069
2258 6238
240 5809
1850 3442
3820 5736
1149 5719
490 1601
2289 4957
1973 4348
3942 5404
5433 6072
3317 3676
1032 6256
3469 5985
1754 6411
3550 3672
1768 2850
2657 5173
286 2609
3029 3270
348 1614
3805 3851
1277 1375
299 5475
4 1131
1154 2641
3985 4030
804 2400
956 5302
3718 5169
1302 3369
2802 6128
1705 1907
2442 6461
4385 5111
1409 3908
5189 6376
3556 5773
1870 5145
38 4633
4842 5640
2474 3621
876 2572
710 1019
2748 2994
507 2265
299 5539
3473 3789
252 6056
1120 5645
3186 3265
5800 6138
1717 2234
1189 3987
206 2239
672 2132
4452 5625
4090 5512
1940 5082
989 1986
2092 5657
3357 6386
1528 3146
1119 6217
4923 5435
2033 4499
5785 6212
1690 5528
4516 5396
4619 6028
1166 2329
754 2865
1107 2262
53 3837
3449 4585
4742 5484
1243 3406
1316 3108
305 466
896 2545
3881 5843
1605 3727
4656 5138
2256 4295
645 6392
4389 4922
833 2788
3281 3607
3845 5678
2813 6512
654 5913
5624 6332
5904 6375
1981 6488
1349 2357
1550 3349
1423 3757
126 682
442 4857
3592 3732
606 5275
92 6467
555 2132
2793 4532
2294 4712
1040 3384
5571 6379
880 4504
2602 4709
4325 4814
2694 6314
1337 6122
19 3340
2162 6385
57 267
4910 5741
1326 5034
569 2159
5712 6274
328 6076
393 2376
1689 4901
657 4356
4892 5265
2174 4009
832 2009
3559 5057
3787 4458
1353 2583
2347 5904
1338 4114
2322 4144
59 3588
1899 5685
2534 5658
2395 6176
1310 6527
1439 5643
2313 2755
1366 6173
1979 3965
2976 4173
1268 3590
1752 1967
1583 6128
1641 2685
1345 4691
1080 1563
3385 6390
866 4484
3538 5822
73 2066
4331 5908
128 3266
4665 4975
3559 5217
456 2993
4578 4826
3223 5763
674 4085
3007 4449
1344 5203
2116 4390
2197 6472
3885 5972
1299 3144
3999 4333
5067 6408
3648 5239
5037 5217
1022 4673
2731 4629
160 2417
1125 5732
2314 5445
2393 4658
3842 4728
5642 6102
1445 1552
2471 5823
4550 5318
3897 5460
848 4621
773 3103
5366 6171
1472 5093
2810 5268
1711 3900
761 6389
2089 5117
1582 5924
4936 5848
302 5162
1795 3524
1053 1600
506 6035
1701 2420
4164 6496
1617 4448
143 1920
590 3051
3262 3964
3936 5621
52 824
5041 5132
729 3834
4283 5035
189 6358
2534 4439
3228 4971
136 1865
1224 2656
186 4153
1151 4811
1221 3477
1327 3479
3267 4484
410 6513
800 6328
138 4271
958 3182
1389 2494
409 4236
1740 3755
531 6163
1685 5219
1894 2627
1741 5089
304 4197
280 3481
2009 6205
1122 6217
4422 5906
775 3027
2216 3088
1814 4966
3076 3566
2149 4885
400 3250
1983 2514
2508 3485
2722 3963
4530 5345
5086 5916
994 1379
761 3114
4558 5808
3330 4710
3360 6174
1407 5727
119 5969
2364 6015
425 4507
1083 1505
362 494
693 3880
2967 3465
4631 5030
1065 1076
1424 2264
2182 4039
409 3296
1190 3526
1742 2071
5434 5733
921 5870
3102 3391
32 3459
852 4985
4565 5301
422 1609
3708 5115
557 677
1492 4091
1893 4946
355 5052
1223 3315
3703 6194
1889 5500
3271 5880
962 3539
3739 4770
2630 4482
2495 4611
1116 5902
1757 3326
5402 5824
1329 4888
3069 4632
831 6143
3152 5999
1175 3278
2913 5332
2227 4022
1314 6164
2404 4579
1180 6222
2155 3640
1717 5381
489 3135
2805 5685
2587 5024
630 5011
544 4740
274 2797
2258 4060
404 4650
2415 3669
106 5492
1378 5159
3181 5893
3265 3787
2539 5739
468 2092
538 5265
5207 6511
2072 6378
3686 5390
5928 5969
1672 4852
356 389
2276 5788
486 4626
235 1620
502 4942
3567 4101
5083 5608
968 3290
1095 3319
5452 6470
1509 2877
1361 3562
1096 3561
2233 4627
1558 2256
1048 6339
5112 6208
42 726
1404 5965
316 5003
477 6477
212 3012
1499 2473
398 3407
3083 3108
405 5799
554 1792
1818 2342
2671 5359
4746 5222
3918 6431
1510 1811
2492 2816
1761 3226
5437 6184
1505 5186
849 5148
2496 6254
251 4131
3974 4844
284 4020
45 1136
806 3615
1181 3768
5987 5999
1868 3842
1437 2823
4482 5136
3345 5138
3314 6413
5815 6286
1630 4594
336 2559
280 5989
2741 5483
4612 6530
3822 4272
5454 6191
4408 5832
973 6151
3804 5878
3184 6218
4479 6474
433 6523
2746 3802
496 1881
2504 6046
1862 5865
3881 4509
5568 6075
5260 5786
5693 6452
4530 6014
410 1791
5272 5581
2208 3618
1703 5804
1256 3768
2928 5436
2137 4681
2780 3647
1126 5673
353 3429
1378 5437
5881 5953
4496 4507
516 3426
1871 2185
206 5191
831 4332
751 2916
930 1726
2617 6194
2841 3966
506 5783
3297 4110
2344 4197
3517 3565
346 4539
5032 5206
3023 5171
898 4027
1513 1917
3905 4750
4303 6365
4898 5791
3056 3164
1292 3513
4263 4965
1053 4646
1381 2100
4023 6082
298 5356
1402 6272
1632 3512
2382 5540
1384 2992
424 2789
1253 3348
4216 4474
3342 6368
2957 3579
1954 3149
5254 5428
2678 4902
1846 2548
3917 5102
1181 5120
3145 4786
514 821
4649 6109
2395 6054
3074 6428
2114 6374
263 1305
3774 6133
683 1619
5683 6362
1570 1994
366 841
643 5270
1636 3880
4243 4779
158 4297
23 4832
3356 3937
442 3359
2203 6335
69 388
6192 6445
731 2041
166 3599
2257 4165
2690 4212
96 1257
912 4806
4185 6116
91 3681
1997 5385
4482 6533
1264 3328
2439 5449
1546 6259
3136 3542
1432 4080
1057 5339
43 2321
1456 5256
1617 3241
365 4164
147 1100
291 4839
4392 5495
3599 3888
659 4099
1631 6486
103 3291
997 3227
84 6475
2474 4848
3519 6381
3499 3812
862 1069
205 1911
1465 4947
3947 5553
1852 3167
696 6072
1253 6337
935 2192
1124 4137
4799 6403
2537 4211
4448 5111
4236 5420
575 3774
4981 5504
2866 3985
1838 3450
3339 6066
246 3422
3318 6303
4393 5126
5031 5201
3420 5698
1093 4205
4430 4460
790 5357
3718 5500
2876 3521
1699 4685
2867 4954
2067 3774
3017 6521
4518 6258
1006 2725
2321 4748
4576 5644
1468 1741
544 590
3001 6003
3403 3571
2522 5826
1496 1505
1411 5568
1619 1628
5902 6416
1390 3607
951 6216
1384 3289
2370 2973
905 3672
1544 6537
3402 4231
5437 5507
965 5942
98 4222
878 3051
1130 1197
2519 5053
3303 4056
2293 5436
3372 4435
1125 5334
2775 6028
1801 2562
134 1682
287 4028
469 5181
650 2401
6018 6110
3540 4555
160 2098
618 3476
3324 3831
2391 5371
4450 5269
765 5189
838 1907
762 2915
1628 6376
604 2797
707 4878
4646 4780
125 2018
2101 6132
5091 5910
4105 6012
1232 5618
4792 5631
5030 5953
3661 3880
2815 4567
4858 5369
244 5768
3977 4997
4408 5480
2954 5558
2788 4779
3576 4612
6020 6172
6470 6484
458 2540
2325 2450
2710 4679
1458 3306
165 4192
1296 1594
1319 6468
667 6367
152 6058
5743 6369
875 2105
1972 6507
1967 4754
3030 3337
1083 1492
393 885
5911 6279
3561 4738
3774 5416
1806 5616
982 2984
2062 3105
3154 6458
5462 5752
1004 4274
291 1178
3587 3874
2903 6286
5969 6544
1764 4777
2663 6403
1328 2551
2111 5920
488 4335
830 4552
5087 6252
605 5733
2484 3916
1429 5339
212 5340
567 954
2404 6025
5270 6019
843 4598
2412 2473
1917 4417
365 4559
327 1284
2653 2839
1182 3334
563 715
1802 3534
2205 2966
5002 6279
3982 6086
2421 6064
681 3072
3223 5458
318 4564
1483 2584
5237 6289
3043 4991
2636 3603
395 4396
1410 4740
4433 4961
4655 5153
3018 6474
1137 4153
5667 6478
385 2104
1044 2743
3268 3344
3263 5293
2904 4515
828 5940
1631 3837
250 5353
733 2862
2365 5033
949 5787
816 1901
108 1503
2480 3461
541 3141
1552 1820
1603 4999
2978 5197
5532 5871
303 6405
3382 5411
1537 2603
851 2002
2566 5462
2493 6304
3325 4263
661 1753
2792 3792
2490 4151
32 2589
5205 6511
3417 3659
443 3017
31 1623
4998 5550
2500 3125
2462 2587
4256 4325
338 4634
2438 5224
4873 5884
2007 2050
986 1723
633 5263
3109 3539
3324 4708
1179 4894
429 5846
4733 5976
270 2300
5873 6433
2968 2989
2500 3030
635 1016
3841 6143
735 2172
2706 4510
1054 4373
3889 4381
4524 5662
3751 3980
2335 3781
4989 6500
3229 4292
2317 3797
1936 3920
5393 5439
769 2260
3802 6417
2509 4196
4182 5149
3266 6443
4300 4763
2184 3382
1835 3304
3994 5548
4669 6155
1358 2693
2320 2949
2501 2648
2874 5233
570 6107
782 3740
4573 6321
1497 5151
112 2651
1290 2310
21 5042
1688 1775
3757 4050
1948 5385
2387 6228
3099 3694
2526 5375
6289 6529
526 1109
1812 5097
2978 3045
267 3563
2705 6545
2902 3334
5281 6507
78 6240
292 2584
3217 6271
1360 4172
2226 2391
2078 3361
3014 6086
2808 4578
2969 3169
2658 6125
2879 4699
921 5672
369 941
1001 3117
1622 1985
1438 2302
2776 4328
414 4078
4078 6380
1556 2626
3057 4723
3546 3560
1470 4535
4464 5094
160 877
884 3336
306 1130
2970 6358
178 2521
787 2425
953 3062
3133 6174
497 4338
2626 6233
1647 6007
720 4422
1236 5756
2201 2249
711 991
2061 2426
480 4711
1830 1918
3690 5069
424 4109
1848 3892
3099 6166
1275 4989
211 2585
4812 5728
5703 5944
1517 5075
949 982
1626 4096
2624 5406
3698 3960
2777 4016
1010 3434
1362 2033
1559 1687
3197 3912
988 6037
354 6256
596 2731
201 4580
3753 3892
1133 1650
2889 4799
2493 6366
2370 5198
2900 2932
2718 3352
1827 2099
4581 6022
897 5990
440 3631
568 6444
5778 6291
434 4586
4261 5402
3341 5529
1466 4192
1148 6024
4451 5400
2142 5999
2750 3097
5209 6124
426 3627
990 5894
453 2588
1531 6547
801 2734
3008 4974
1242 2064
3270 6492
479 3641
3197 3263
3196 4795
2381 5730
3086 5063
2804 5823
84 2388
1186 5210
2554 4916
199 1649
559 1943
840 2235
2109 2256
4601 5178
5747 6312
1301 4669
2359 3188
4969 5966
131 6498
1871 4590
802 3928
5671 6457
1262 4629
1923 2263
3577 6268
2004 4481
1204 3923
5265 5917
2563 3603
697 5606
15 5584
2356 3611
514 4072
2038 4074
1044 3080
1218 3593
51 1538
2010 2795
155 769
818 2688
2618 5123
1829 3106
1536 6430
3410 5724
2497 2908
4280 6299
1607 2427
942 3936
1727 4257
4800 5313
1145 6254
833 3270
29 3889
2141 4251
2074 5644
1857 3904
2749 4713
82 4483
5814 5844
1276 3998
902 1957
238 2442
376 3816
1568 6001
3843 5814
4349 5219
813 2820
1314 3463
4801 5861
330 1839
5661 5994
5572 6179
2684 3557
2994 4575
4415 6069
5744 6410
3202 5521
4805 5415
1622 6011
4140 4473
2818 4020
67 1515
1186 6030
844 2754
42 3126
663 668
2891 3261
5925 6513
1387 3067
1254 5215
2039 3209
2675 3034
1908 2935
109 1312
1684 4513
3733 4809
1027 2934
1750 4521
104 3822
2202 5370
39 3278
929 4198
815 5149
1955 2677
2952 5786
616 2861
2531 3031
903 2237
357 3250
2978 3830
1497 1861
5253 5327
1755 3175
4983 5652
20 4336
4941 5467
1103 2579
272 2458
4748 6219
2718 5505
96 4548
1912 5953
3211 5748
3363 5743
1774 5003
2238 6470
285 2547
754 2856
4241 5535
1550 1638
846 5810
1624 5809
1028 3343
3315 4536
1706 5936
2062 2662
2647 5828
1714 4012
2498 4245
1737 2414
1318 3351
3087 5968
1115 2561
4028 5397
1128 1997
1935 2019
1352 1891
3379 4925
493 5216
2938 5339
225 3736
4795 5337
3101 4148
3076 3758
435 481
1154 4469
484 1759
712 2793
547 5960
4942 5045
270 4306
4444 6322
2849 6186
981 1905
1857 3679
397 456
3239 6091
743 1975
2605 4490
194 1146
2700 4543
3675 4739
1106 3399
3520 5875
5183 6130
1871 4175
1375 5895
3780 4244
2582 6003
4673 6463
300 432
6339 6427
2892 4988
1198 3197
4021 5442
3816 6208
1655 5782
222 3309
4218 4383
2319 4266
1233 3422
90 989
2670 4361
35 148
3528 3919
3265 5020
3070 3774
1873 3444
2983 5995
1583 1860
1149 2014
708 1644
2288 2671
1237 3494
1192 2468
1791 2295
1445 2697
4449 5560
4364 4971
5760 6201
3613 3854
859 4192
5406 5782
4095 5707
1673 3766
2195 6080
971 3800
2729 5199
1421 6088
325 3521
2309 3636
4566 5702
934 1924
754 2184
143 4657
178 3191
1020 5065
4812 6426
2778 3011
2514 3466
3634 5128
5545 6297
16 447
232 758
952 4062
977 3759
5702 6486
406 4029
499 2784
3560 5316
1819 2564
1425 5450
768 5115
985 1590
536 2648
379 3505
3544 4314
2566 2846
5851 5921
4266 6303
571 6111
2385 3390
3286 5673
2167 3724
3086 3663
6331 6423
4 4501
5195 5872
732 1502
611 3860
1913 5541
1330 1518
818 3639
763 895
450 2356
1415 4917
4078 6090
3258 5641
1603 2881
1514 2853
17 1961
2892 5640
4919 6501
5658 6360
1419 3559
4484 6351
850 5113
3488 4615
2070 5397
4031 5615
3910 5778
493 3786
3535 5150
1878 5303
5377 6008
195 5763
1914 6147
2878 3117
5097 6177
225 620
3146 6047
5590 6404
5674 5784
1815 4996
2247 6400
2943 6326
5609 5939
107 5773
3953 4745
6073 6339
3340 3383
2275 3452
1879 5366
1024 1964
113 797
619 4803
3336 5399
3500 4628
2041 4774
2599 5603
5093 5634
1266 3542
1083 4337
3955 4786
3718 4260
4879 6217
5329 6417
1525 5668
1958 4797
2076 5620
2957 4256
1515 3293
2114 3578
5348 6466
259 4835
1764 4398
127 2132
3442 3811
3772 4862
1658 3159
4547 5342
1930 6447
4570 5656
726 3853
2750 5842
281 4506
1599 5457
1423 2152
577 5193
1554 2594
194 3504
2807 5638
3898 5322
320 5925
3793 5683
1053 5410
2441 4294
26 4365
1090 2272
1412 3098
147 942
2101 4500
4757 5363
362 470
3810 4590
1234 3556
522 3784
4697 4866
2279 3205
2430 5525
536 5707
4485 5942
1902 2339
4288 5453
722 3311
251 1443
1252 6047
120 463
4075 6356
5163 6107
904 2549
1929 3708
1578 4792
188 770
2893 6317
6035 6123
4542 4616
3549 4326
1271 6328
920 5857
2991 4074
1215 2358
3728 6330
622 4402
125 4487
185 1577
3294 3839
3000 5271
2461 5933
2468 4405
2362 3136
648 6305
1176 4057
2921 3196
1215 3911
1228 5754
534 592
133 2612
2586 5285
2577 4033
2446 5304
780 4830
604 4893
901 2910
2574 3030
2184 3295
860 1546
5361 6356
1152 3907
2106 6002
4598 4865
4111 6293
423 1220
86 3626
1206 3650
3624 6113
1403 3926
4265 5888
3541 4265
1569 4001
4966 5952
1186 1684
2361 5228
554 3447
1728 3089
820 2043
81 2033
1334 6437
3481 4652
55 419
12 6246
4755 5947
1768 4395
1280 5108
2521 5140
545 2987
1909 4397
2551 4771
1238 3242
1731 5095
661 3041
2292 4203
1747 2691
3172 6009
4534 5982
6247 6433
585 1208
4022 4528
2527 3221
5443 6188
1451 1725
582 5597
505 2094
149 6059
3327 3448
1408 3328
581 3895
3064 3153
1104 2606
4158 4479
1586 5346
2116 4756
4242 5544
3700 3743
374 3899
530 4753
3931 5543
1672 3069
999 2735
252 1508
168 5294
1641 2700
1751 4534
1482 6160
2952 5309
2038 6034
3073 4936
4004 4827
2935 5458
1688 1805
2887 5015
4148 4336
2499 2845
2708 6142
889 2600
279 1518
5324 5626
4168 6528
186 6348
1723 6049
662 3783
4198 4530
1299 4167
2759 4737
3453 4661
2672 3491
1708 2410
3483 3837
4049 4344
5794 6419
116 5497
2706 4901
2362 4924
1023 3449
256 1812
1680 5039
3953 5699
1120 3508
3874 5617
5903 6229
728 6002
5985 6399
2818 3832
364 1597
524 2579
939 5310
2836 5799
1987 2457
598 3574
5301 6446
2696 4543
566 2017
613 1703
95 4716
462 3202
3968 4853
5468 5916
177 4040
682 2959
3514 5381
418 1059
2141 3905
1453 3979
2517 3811
3595 3692
5365 5929
2752 5559
3093 3227
5109 6373
4807 6336
4200 5308
4674 6540
95 1229
4534 5674
3900 4489
497 3081
511 5503
2093 6184
3800 4218
1124 5453
350 1380
3124 5661
1097 2850
1371 4782
1840 6101
1372 2830
1446 1480
2976 6050
3857 6194
2942 4100
578 3211
89 3695
2022 4914
3807 4686
230 2089
1998 2104
2360 5370
289 1317
873 3907
171 2174
1389 6507
141 2004
3491 4895
2441 2493
1533 6218
3075 4225
1015 3391
2579 5984
1394 6043
4499 5451
1319 4070
5824 5919
2536 3656
957 5236
813 3880
4643 5196
842 6083
2576 5555
3127 4540
4013 6535
1500 2824
3040 6067
949 1786
282 317
3444 4757
1982 4073
9 1344
4111 4647
837 1532
1831 3915
1123 3522
4340 4891
2068 4339
5593 5705
1648 5707
674 4205
2059 5566
2732 3742
5355 6504
2732 5937
3329 4523
1771 6020
1950 4808
3543 5311
3256 6155
1091 4960
1278 3569
53 167
312 4842
3416 6534
513 4592
549 6003
3835 4342
215 3240
4178 5177
1542 5820
2168 4103
3989 4159
988 3992
1485 6077
2232 5200
4763 4804
4329 6292
2018 4290
523 1485
373 2448
684 5487
4115 4341
2559 5617
266 6029
2961 6427
4584 4615
1886 3782
520 1399
3370 4659
3167 6429
664 2549
1422 3620
361 823
1977 6105
1111 6187
3404 4237
2737 4946
1814 3884
2762 6372
380 5573
148 914
3335 6397
4192 4357
5399 6185
1086 4982
2090 5966
254 1826
381 2250
184 2888
2246 3068
4019 4250
1419 3510
685 1320
2024 6480
1120 3491
466 1225
1212 4929
183 3400
2408 5333
799 2093
4055 5265
2629 5420
1565 4495
2179 5713
4822 6425
3170 5073
1359 2689
204 5081
223 1420
3545 5520
166 5586
2273 5412
4053 6217
5318 6499
3234 3362
5999 6481
5466 5675
2848 6417
1043 6082
1697 4371
2006 5541
4535 5021
1230 2690
955 1077
1892 5041
4448 5717
1118 4009
3014 5772
1300 2614
1777 6147
3368 6083
637 6232
481 6109
4712 6283
3087 3496
1084 1230
2855 5360
701 2670
3138 3421
3252 3351
5809 5933
3582 5380
2918 4286
2123 6421
3134 3478
603 1434
2788 5575
1999 5341
3203 4330
1225 4342
3529 5215
1241 2611
3581 6191
460 4127
3861 4043
1211 5342
721 5877
2908 3282
4764 5830
287 4301
1223 5483
1465 3980
371 3977
2794 5963
229 2143
1800 4181
2757 3011
1318 5703
1204 3632
1784 2080
3323 3863
2249 5180
5215 6152
2963 6466
4935 6292
10 5654
3655 4248
4310 5974
573 6531
558 1827
409 5891
4903 5694
699 2383
83 6233
6397 6532
1123 4897
1904 3622
4492 4533
1483 6298
1046 1104
1196 1521
1938 3951
2239 4102
1140 2202
2459 4890
1128 1720
