92
90 16
50 49
78 77
31 32
68 67
20 19
38 39
82 81
71 70
17 18
91 90
81 80
48 47
83 84
40 39
79 80
54 55
49 48
37 38
5 4
6 5
70 69
30 29
65 66
8 9
63 64
60 61
47 46
61 62
3 2
55 56
46 45
11 12
21 22
86 87
20 21
41 42
50 49
23 24
27 26
42 43
53 54
58 57
88 87
67 66
60 59
85 86
73 72
59 58
44 45
13 12
26 25
51 50
90 89
16 15
30 31
8 7
63 62
33 34
76 75
17 16
73 74
28 27
14 13
14 15
33 32
51 52
4 3
76 77
89 88
72 71
22 23
19 18
41 40
78 79
1 0
25 24
44 43
75 74
28 29
82 83
36 37
84 85
35 36
6 7
2 1
11 10
57 56
10 9
34 35
68 69
64 65
53 52
