8407
1173 3125
51 24
91 3921
2949 4446
5498 8170
2106 3299
5852 7202
371 1298
6384 7427
3334 4321
3880 6737
3225 7840
1905 3553
3369 7844
1181 5758
396 1488
681 4678
1727 3514
4971 8335
2176 3895
1179 6118
1596 3937
3141 6091
661 792
2561 4470
5998 8109
3672 6605
1630 3524
2343 6714
7645 7876
2446 7582
138 7602
124 5991
1339 6222
5683 6354
5700 6561
4049 8383
2576 4211
824 2288
2456 7792
375 3162
401 884
488 1655
2194 7729
2332 8158
1692 7918
3170 4400
425 1449
1957 4484
600 6179
3256 6558
2730 6594
6403 6639
514 6359
1512 2821
4997 7179
7140 7573
4549 7763
1758 3843
1098 6253
4963 7282
1548 4035
7062 8128
2837 7668
1412 8049
2137 6437
2594 3220
5062 6296
7026 7379
1264 4163
2812 3192
2958 7153
3085 6697
4703 5247
5604 6768
1429 2367
3031 3912
4514 6535
4626 7743
5003 8203
4981 6166
576 4012
1443 7565
3097 3989
603 6678
3765 6483
1326 2539
7247 7963
5277 7051
708 4693
3958 6159
2521 3013
2982 5622
1351 7604
2969 6495
6526 6697
3881 7674
1410 3713
2880 7287
4671 7612
3346 4684
4882 7283
4469 6090
2291 6692
3258 6835
2925 5057
5814 7331
3773 7900
594 2030
1752 6744
4134 6715
1854 6128
1113 5980
1215 3518
1407 3543
2317 4510
99 1212
5786 7166
4392 7255
3777 7809
128 3743
1853 8376
777 996
1062 5743
6530 6707
685 5073
1921 4244
7670 7758
2998 5250
2548 4601
1835 6033
812 2155
1534 5140
729 5024
6362 7777
407 4439
3628 3693
622 7909
1710 7313
2522 3582
4146 7179
3180 4981
3121 7992
2750 2994
1124 7792
1700 8295
6334 6818
2698 6437
951 3697
581 3657
1073 7281
7290 7916
1433 1553
4253 7298
5390 6396
801 5572
1713 3947
5276 5517
4657 7494
5753 6114
2663 4245
1541 6766
914 2360
392 4143
1574 5464
54 4303
780 7425
3391 6956
3539 5370
3722 6390
3124 5706
2444 2871
5384 6852
4604 5520
3729 8014
1298 6351
3227 7295
1236 5835
943 5891
3881 5737
3465 5215
3926 5254
1837 6797
1168 2246
4189 4239
6754 8352
3124 7364
1695 3152
4118 4328
425 699
601 6867
3347 7483
6675 8161
1160 5927
134 6353
297 2605
3838 5508
2420 7678
4716 4845
4700 5187
1614 8402
7468 8022
5346 7470
2556 4172
3634 7993
6961 8159
609 3753
435 749
3862 6565
586 7528
55 436
1689 6191
2103 6540
734 972
5217 6179
1796 1824
3840 7320
3034 3094
971 6320
6138 6341
1355 1806
160 3894
4260 6422
3770 6422
6053 7622
3666 5691
1645 6165
3820 7560
2006 2621
1645 2796
376 7156
1668 7933
2649 7406
288 6118
2362 6421
1060 4218
4056 5363
1646 5359
2419 3699
2844 5103
3147 6660
2794 3656
5955 7453
3374 7283
3801 5298
1072 6056
4998 6495
2986 3929
7442 7470
915 3283
6586 7268
3472 5224
2784 7698
5096 8372
4217 4828
3588 8349
2709 7144
4149 5968
3508 5782
429 6855
2217 7716
2848 5373
1347 6916
3999 4738
1653 3326
834 1195
6248 7046
561 6020
1320 8226
4008 6501
6543 7719
985 6885
1713 2807
1581 4495
805 2511
5333 8067
4595 6337
2691 5863
4439 5189
2065 5688
1596 3592
4477 7069
1538 3313
5303 6851
976 2454
599 6253
1290 4824
1730 4699
721 2687
5 4645
3792 5401
6619 7746
4843 6683
4796 8256
4797 7037
1828 2352
1541 5784
2733 7488
891 5474
4475 7743
1561 8061
3935 4671
1331 7635
5268 7555
4565 5465
403 6909
1682 6815
511 7352
228 1093
7421 8342
3737 8270
1645 3535
24 5926
5828 6750
279 8257
5314 7116
7385 8278
6686 8152
600 2253
385 5579
2230 2538
5023 7643
4422 5647
509 3615
476 3189
2142 8317
1716 3854
2878 4021
806 904
3455 6761
5672 6173
4885 6677
1206 7044
1423 4282
3688 8012
6015 6861
5749 6137
1735 4870
4191 5513
2916 6120
2295 2554
1999 2329
72 543
5710 5945
1671 6431
1338 3414
1356 6318
2444 5823
4429 5624
2765 4392
2018 2780
414 4935
65 7008
5888 6982
7871 7894
4736 6234
2480 7225
5575 6886
303 6404
2187 7511
1894 6155
5127 8331
3040 3083
5162 5408
1396 4112
1613 7734
914 3053
637 5753
5205 8308
3768 6733
3600 6126
5070 6406
473 4345
2493 6503
507 7587
4645 6896
3912 7342
1001 6324
5052 6940
1968 3123
207 1369
6882 8205
5007 5331
3378 5474
1306 5945
2092 5323
3661 7187
951 1140
1332 6903
1657 4194
273 536
6424 7346
1177 6770
2252 4527
2944 2951
3064 3814
919 4644
2281 5927
2997 5360
4567 6878
4456 8108
2409 7731
6491 7046
2190 3271
703 4906
925 7775
3711 4385
487 582
4394 4695
3498 4359
879 3540
5107 6880
5401 7606
2522 6122
2094 6976
42 892
29 8071
189 826
4013 4482
2698 6746
448 7994
2697 3354
1691 2341
196 7515
1532 4990
6566 7373
2526 8029
4648 6756
892 1408
1127 5450
684 8171
2169 3551
1377 1516
1313 1543
6139 6565
459 4732
1558 6804
2160 3685
39 797
3082 3224
2930 4259
2161 2544
2502 6272
3924 8377
670 2595
2240 3085
1570 8133
3498 3881
1443 1994
2672 6665
6194 8104
1218 4977
2886 4326
523 1377
8336 8364
4282 5406
588 1622
6142 6783
802 2690
18 1767
550 7035
7921 8306
3358 6826
1215 6093
771 6840
3436 7426
498 1260
6036 6488
6089 6635
1297 2137
990 3217
2134 4048
5179 6238
739 7650
776 8272
2974 3634
2860 7561
4094 6672
5599 8160
6341 8390
1902 8100
1453 3678
2329 4694
887 2621
3740 4531
4720 7171
1484 5241
2993 4825
46 7028
4093 5757
2844 7777
930 8194
2957 3585
508 4355
1530 6791
501 6992
7063 8214
6518 8367
6224 7040
3806 4288
3075 5963
3046 7856
1873 3829
6293 7101
840 6427
2510 3393
3248 6460
993 1156
883 1820
1257 2652
6380 7430
3987 4542
3627 4985
2026 4082
657 8136
3238 3600
3442 5734
3552 7280
183 2006
387 7948
6608 7375
47 1922
4196 5079
974 2707
1741 7041
3017 5084
4762 7669
4400 7637
2274 7541
966 2752
3687 7692
243 1827
3642 5813
2841 6053
3461 7410
2042 6449
847 2532
2882 7666
2512 7344
1210 4127
4768 4810
2888 3899
1928 5445
6123 6921
6006 7486
3976 6045
4231 6196
4745 5364
847 5205
2025 3085
2852 3379
2135 5319
2411 7253
4504 5578
2641 7018
3372 6930
1220 2085
5171 7668
1536 1851
4275 7911
2320 4953
5161 7300
3061 7494
2817 3137
59 4130
933 3822
5015 6494
4554 6856
1093 6072
141 7704
3362 5557
1501 5010
3472 5675
7061 7910
6024 8346
3083 7704
763 7088
8140 8285
3320 6866
253 1011
325 5979
5470 8157
1099 1574
2484 6784
3318 3770
6623 6732
3067 6691
1944 3342
4233 5744
4157 7785
4117 5354
815 5898
1417 2859
3922 7991
5304 7606
1666 6930
5866 7960
7522 7766
4099 7796
5234 5542
4235 5861
6211 7722
1940 4096
32 2948
41 3059
4101 5377
3709 3712
1370 6111
2451 2717
2882 7876
1602 7876
666 2813
1235 2922
3699 4878
1662 6586
1011 8391
6318 6907
895 4078
3732 7441
3818 5732
5231 7785
3371 8262
1604 3614
1729 4857
8143 8228
4731 8093
235 4440
148 725
3398 7413
3369 7921
5194 7698
5160 8129
1242 1702
6521 6952
2165 7517
16 6813
2439 2774
1976 8269
1966 2738
2630 6200
3108 4719
2498 7005
3134 7285
2881 7835
4038 4713
1859 6721
4914 7797
2920 6307
1368 6547
832 1673
1803 6172
4958 6305
461 4409
2703 4661
6055 6102
7577 8137
6615 8083
7165 7527
3618 8077
2470 6066
1794 5176
5232 7951
147 7187
2849 6508
4123 5366
5522 7523
4326 7608
859 5191
933 954
706 3786
113 6813
4441 6430
5745 6920
4332 8098
5830 7417
1785 2376
4615 8077
2929 5082
5227 6203
3995 6105
929 3079
4883 7697
555 3063
3198 5635
1951 5759
5001 7684
830 5067
1768 4220
2369 3718
5092 6968
5356 5902
2625 4981
349 654
5169 8369
5727 6415
2616 3875
1801 7400
2592 2891
5785 6653
5667 7576
5407 7777
2868 7916
4582 5948
3325 5038
132 2264
1043 3113
6967 7951
5236 7714
100 3811
5858 6479
1954 7236
3606 8001
4656 7404
4303 6704
583 6162
978 7121
912 8051
455 7152
1962 6348
4237 8014
1853 2472
1967 2060
3621 3903
314 4376
1841 5031
1404 6626
2491 8215
485 8279
3342 4104
87 5509
1732 7515
527 1552
145 8188
6631 7159
1711 2247
4011 4611
4804 6889
2157 3109
2800 3974
6158 6898
4346 7095
650 5898
5464 7755
2678 5503
2172 5475
184 3975
437 3506
3125 7310
1373 3371
3473 6663
4122 8049
6030 6863
3866 6213
6996 7700
3963 6790
1633 5405
2430 3801
5017 7103
3203 7662
3337 3451
1667 8043
5913 6641
3870 6695
1959 6187
458 3384
1747 6441
4324 5324
742 1949
1651 3665
594 2305
3407 7630
1868 4652
1540 7813
36 1871
392 7362
6147 6247
3334 5050
2085 6731
1245 3015
3876 4978
2402 2737
559 1030
2313 3814
2964 7507
6472 7705
4144 5584
3891 5988
1036 8149
2649 7310
2355 3548
1491 2026
2226 6074
2520 7108
1939 4354
3673 3867
1187 6061
306 2149
2603 6249
3710 4336
1656 6507
1593 3282
5881 6824
5498 7907
6387 7676
3217 6373
4691 7878
1444 3448
3261 4738
4027 6170
1687 8300
3591 6890
197 2080
3992 6406
4082 7838
1531 3497
6164 7972
525 2890
2545 4771
3172 6403
730 2890
2363 8349
4357 7069
3943 7415
5934 8092
183 1983
3986 5017
2283 7983
4260 6217
3332 5814
2267 5850
99 3499
3248 6282
1118 7783
3589 5258
857 2210
1409 2549
2819 6655
1989 2083
6127 8229
1664 6857
1783 8004
2847 6913
5480 6152
1521 7358
307 7570
6929 7257
3928 5542
5721 7880
5006 5687
3416 5414
1401 7429
1142 7474
2195 7085
4452 5063
3518 6067
6300 6500
20 4536
4117 7763
4074 5961
5176 5302
4949 4999
3625 6418
3242 6170
1061 4086
2937 8100
2342 2358
1338 5785
13 5864
4971 7320
5901 6028
382 8384
833 7447
4707 5606
6485 7834
129 2014
1473 8374
1326 7116
2849 3849
4070 6659
12 2010
6401 7589
2444 4153
2186 4833
667 7105
195 3389
122 6280
2155 4670
76 6830
1213 3397
3049 7811
678 2978
3760 6420
358 6503
1952 2674
5645 6157
3675 4267
3563 3761
370 6875
6026 6851
20 2159
2117 4871
3678 4837
4373 5190
1292 4680
2163 2250
2642 4403
309 612
5213 7155
3872 5896
2083 6184
2992 7269
1336 6069
132 6019
7317 7333
326 4022
461 1697
3312 3607
4216 8246
3283 7063
1200 1401
2892 5642
2669 6963
1382 5281
3703 7672
2054 6064
1718 5241
419 1755
4812 5957
2866 3185
1025 1706
550 1587
292 4046
3264 7325
6915 7139
3476 5051
1326 6088
1216 6608
5884 8307
2036 7282
1772 4562
1089 6199
6113 6461
2484 5505
2963 4171
2412 6419
3966 7966
3259 7880
1659 1995
1585 2005
6004 6052
3854 6010
1958 2001
161 8199
2909 5772
4538 4751
6396 8081
4693 7039
4358 4681
1312 1844
4374 4756
3526 7261
408 7650
368 4035
5616 7198
2887 8056
173 7174
495 4917
2330 4407
3915 6506
7354 7408
233 7744
2285 7022
4609 8374
3197 7808
556 3381
1804 7367
6462 7440
3187 4202
3080 7899
1326 5501
3346 5026
3723 7288
271 1926
2331 4653
3558 4926
394 8358
5025 5493
3770 5296
395 755
3155 4697
2957 7077
3296 3837
1019 7491
3787 4930
4365 7603
2790 7067
1190 1665
713 1073
1301 3775
2062 5109
1714 2036
932 4321
1469 3160
3090 5340
362 3199
2159 4906
1915 6581
6661 7436
12 4860
4151 6174
2197 7016
2906 3440
2967 6926
115 2027
1966 6334
3475 6895
2615 7463
2929 5593
2907 8117
1983 8399
7256 8311
505 2037
4598 6478
4452 7852
1947 5419
4423 5359
6221 6917
2579 3166
6121 7701
3591 8343
1001 2032
2569 8293
593 4708
4701 7088
689 2058
6660 7788
5525 5955
4973 7933
2647 5076
1415 8098
2850 5210
5621 6931
1192 5518
854 6115
3190 6067
2866 5327
4271 7810
899 2884
2003 4321
3367 4358
4297 4524
2587 3688
8181 8231
289 8282
3445 6521
3764 6256
2183 8314
589 6502
1656 8029
3888 6893
17 2241
1736 3115
4306 7010
882 7267
3463 5101
797 2999
4040 4193
1757 1799
2408 4012
4341 7784
3564 3634
9 7207
4251 6945
1526 5616
4289 8122
1408 3071
7586 8340
3733 6039
1987 3611
2706 7198
4400 5287
2491 3019
1080 4492
3844 5840
7183 8376
3864 7910
493 6739
4840 6083
7557 8292
1633 6506
4467 4795
7460 7539
2990 5543
4473 6077
1176 8365
819 7941
7250 7368
6408 7913
3522 6826
1685 5407
4883 7830
903 1290
4436 7997
2831 7135
4662 8310
324 4682
2796 6309
544 8175
1357 5869
405 4173
980 3562
5446 7974
7601 8263
2645 7662
392 3407
1915 4140
4397 4580
4477 7423
2249 5947
3423 6048
4387 5556
1371 7399
4572 5533
5210 8175
2718 8331
4629 4963
2499 6859
6164 7754
5471 8007
2963 7855
2956 7654
4056 4090
3207 7830
6078 8100
2859 7111
737 7050
23 3971
3468 6957
2317 4907
1211 3437
2329 7901
2572 4690
6290 7437
2603 7683
1874 8011
1053 6390
675 8125
6960 7307
2463 4190
5876 6815
1508 5112
5088 5941
87 8266
55 3993
1739 6736
643 7221
2646 2762
337 882
3080 6589
3889 7838
2174 6428
2470 3284
5214 6767
6578 7135
5515 5830
715 7096
7450 8139
2187 5341
1614 3703
1460 7844
2031 6969
5182 7593
1128 4454
3234 7914
3005 8089
5669 5915
5482 6621
3580 7839
2334 6741
3936 7606
6053 7047
2671 8325
3210 4714
177 2120
3117 4525
1074 7284
5347 6485
4001 5342
200 3303
2469 6151
6459 6923
110 5295
1657 5333
803 7295
2539 7056
6788 7918
3781 5115
3916 8028
7060 8232
1345 6725
1213 5873
767 2986
1959 7296
19 5287
1102 3980
4368 7350
3944 7707
606 1936
4433 8384
352 4072
3544 5362
4774 7110
3046 5897
4643 7714
796 1408
1964 7426
2590 3049
7248 7995
1889 5237
1973 4853
5117 5122
319 3344
5453 6637
4933 7350
4424 8183
1780 3261
2023 2348
2115 4069
1750 4132
2785 5248
4165 5715
4042 6713
92 7361
1923 3182
3824 8286
3511 4228
3735 3823
6017 6410
7140 7750
869 5922
2041 7243
2220 6064
348 4865
2742 8355
855 4905
4526 7124
4045 4704
4979 6894
45 3999
143 7142
1666 6682
2133 6219
1102 2836
667 6951
196 6871
23 7297
3221 3931
2245 3484
5255 5483
6473 7065
1655 5804
4826 5626
23 6833
6214 7186
4980 5961
4307 7112
161 515
758 8285
4101 4601
2509 3959
724 4713
2790 4073
6557 6709
684 6573
2212 8159
1576 5967
2091 6964
1363 7820
146 343
6729 7387
2177 3447
1510 8152
894 6518
5524 6431
508 2207
4840 6504
244 7424
4754 6500
1347 2751
1879 5591
2171 8280
3378 5884
3579 6423
1279 8160
4409 5790
165 407
2403 4490
2443 5666
321 4279
1010 5827
4015 8114
5169 7761
1043 2198
1067 7539
4286 6128
6312 7898
4755 8358
3762 5885
3275 8116
2635 7960
631 640
438 5845
6274 8152
676 4475
1007 2319
7396 7695
6996 8273
3438 4100
4302 5991
2063 7957
2735 6989
6906 7405
248 5667
7497 8053
6523 6914
377 3129
663 1825
3491 5754
4508 4808
7713 8400
455 8393
5467 7594
1503 6829
4900 7423
677 6059
418 4693
3856 7438
5722 6998
912 3512
3669 4833
4132 7086
1051 6412
650 6098
1497 2538
1012 6892
1523 3989
4086 5749
587 4722
2394 8187
437 7905
1309 7045
506 5422
1892 5248
3231 3625
2381 4834
1877 5232
4768 5880
354 4704
939 6780
6716 7005
2764 5859
6273 7837
991 8124
5772 8374
2198 5680
727 4179
1088 5133
2451 7751
4634 6676
1103 4028
5350 6378
2579 3682
2862 4329
564 6541
849 6374
2391 5746
205 8406
1898 8151
7223 7864
349 1346
2392 2553
1549 7549
688 2399
1475 3390
1730 4235
892 7618
209 2808
2189 7986
127 2371
1091 3974
3335 7093
3671 5400
5742 7958
2552 2556
6791 8279
94 608
1293 5411
710 5559
3344 5791
3632 8126
4676 6636
1521 3159
3238 7021
180 999
3230 6346
6819 6977
4479 4517
2480 5993
695 2469
3878 4126
1840 3521
3119 6673
7210 8015
384 3694
2215 3374
81 3470
592 4753
7643 8315
2756 4724
2043 5778
5546 8318
2371 6785
58 6667
773 1543
3009 6805
7062 8264
587 3909
3236 5088
3399 3715
962 2001
1015 4235
914 7226
1872 6439
4638 6594
496 7342
4 3281
5395 7314
530 7350
2680 2690
827 2127
5486 6729
4528 5376
2946 3772
3223 7186
107 5658
50 1157
23 1249
2216 5273
4638 5266
4964 6811
11 7756
2304 6687
24 6471
1821 4928
2499 5820
1732 5469
1535 2807
1171 4591
6675 8027
2168 8017
3457 5705
4285 5811
703 8011
2097 4592
3410 3493
708 3720
1458 6360
1739 7686
2801 6124
3062 8160
2066 6029
2404 3224
1285 2769
2138 3150
1287 8111
6592 8182
3047 4146
3078 5251
383 1425
583 1618
1772 5956
3097 5219
5409 7107
246 5847
2523 6769
5267 5522
4257 8362
4807 8288
1817 2872
4564 5488
1072 8307
492 4306
5228 7393
156 5214
984 5671
5384 6783
214 2861
7063 7939
329 7170
7057 8042
6294 7241
4789 8073
4468 7934
3423 6236
1248 3239
2396 7979
2382 7653
1111 1651
7316 8296
3196 8031
5665 7716
998 2461
867 4325
1818 3023
2633 5412
2910 7774
3242 3977
499 3499
3394 7310
604 1051
2382 8341
1079 6876
4741 6506
2950 3332
175 6653
313 4532
743 1163
695 5986
873 3244
5612 7020
1949 6625
3446 6418
22 365
1481 6610
532 5284
1015 4381
530 2407
7955 8000
408 6001
3913 5989
543 3489
2099 3363
3567 6354
756 7013
2399 3874
7924 8157
1506 6664
4428 4684
1930 3785
3122 7670
2721 3993
2953 3603
1322 6401
6838 7619
3386 4873
3519 7298
1905 3366
3077 7561
5841 6259
394 4344
1823 6386
951 2323
1337 5252
1969 2752
3291 7825
170 5026
1763 4313
1887 5370
454 4152
3898 5400
2904 4576
4943 8092
5273 5798
4814 7860
1149 1967
1095 6790
4407 7064
3819 6536
3610 4307
87 7691
4195 5367
906 3369
76 815
4816 7933
711 4993
374 427
1433 6708
131 4496
6901 7849
3374 6705
3797 3954
286 5807
4547 5891
6777 7016
750 793
4664 8254
3132 4828
6570 8154
4133 4801
108 7552
1106 7519
4485 5946
2784 3098
4803 7659
3219 7381
4636 6494
7739 8069
1832 6796
1740 2643
1292 7409
2668 7926
2336 8165
1295 2473
8071 8278
4679 5319
2746 6746
528 3899
1076 3239
3359 5578
1015 7585
3703 4817
6947 8375
1457 3951
2735 5776
4642 5939
1190 2244
2656 7637
1669 4265
616 959
417 3241
1220 4836
971 5918
1544 2138
3222 5540
1917 5802
1349 2235
596 5198
2693 7242
644 7336
2638 3482
344 2445
2430 4514
4169 5061
2380 3732
1616 6096
3602 7112
294 6883
4448 7100
5685 7773
1519 1886
7038 8109
2639 4851
389 8261
3958 5688
1661 5392
717 6889
1364 1503
5516 6932
277 5729
4003 7379
5398 8271
2318 5344
1251 7822
3566 7536
1321 2868
5024 6466
5796 6595
1208 5475
1323 1773
3653 5168
1433 1491
1348 7895
423 5197
2900 5441
1800 7096
3309 3776
563 6692
2295 3489
1693 1757
1185 3945
7616 7911
427 4680
4002 8360
4899 6259
8229 8266
4537 7378
5354 7457
4098 7678
7162 7433
4171 7816
2839 6706
541 7503
3632 5134
1867 7280
6827 7910
125 5534
444 2534
7097 7642
4156 8085
4959 8035
5130 6311
6186 8114
1263 8349
1954 5996
1766 8275
6101 7462
4876 6866
3169 5590
1204 8321
1472 4325
6027 8239
3332 7141
2147 4347
590 6111
1671 3376
3406 5755
4176 7201
2233 7857
486 2216
241 2168
3480 7569
4217 4334
4671 5089
4934 5665
1126 4903
3782 5610
296 876
2955 5517
1110 6227
1121 2535
6227 8100
5709 7940
6425 7549
4215 5271
2608 3657
1373 2084
3037 5844
6448 7836
3848 7226
4703 5616
6330 8385
3427 6895
1660 2230
1102 5733
3259 7669
615 4664
1303 4485
1917 8024
5027 5366
2736 7766
3435 7574
2142 7617
3444 3499
260 5379
6469 6792
2664 4158
445 1108
4994 8178
913 5627
1061 5572
743 4888
1241 3969
6158 7177
784 1665
1524 5089
58 3972
1726 1911
7516 8342
1882 4251
4355 6226
3452 5365
3012 6746
5340 6388
3470 6541
5415 6341
5799 6556
3796 5686
809 4331
3847 5038
5322 5631
1722 5435
113 4497
1583 2447
4571 7220
1282 8028
570 3233
1499 6183
6280 6488
813 5229
4444 7192
5415 5521
3997 7718
1371 6322
4139 5967
99 3513
2829 7083
935 3167
1559 5337
931 7879
3892 5413
558 5942
1527 4552
3451 5659
1717 8361
280 2759
2654 3177
4031 6869
552 7448
1027 8140
3655 7060
2874 4068
5655 5839
2153 5136
5336 6932
2876 5053
560 3900
5729 6115
3695 6558
5087 6913
3455 6409
3953 7624
1839 5126
2315 7411
1868 1958
4757 7771
1526 2107
4933 7303
640 3556
354 3756
6889 6930
150 3664
4857 7490
6364 7629
1992 8198
2971 5770
1923 4284
2827 8158
7077 7672
101 1051
5423 6615
1225 6841
472 7581
837 966
5974 7042
500 1758
3288 7998
3868 6999
4059 6513
4687 6649
4430 7253
431 1425
4052 7264
6071 7094
4634 5211
7496 7653
704 2079
1619 4057
1050 1552
3426 5689
4833 8188
953 1397
3751 7544
3703 7372
937 5106
2394 7304
2343 4278
4932 6109
4069 8144
2578 3160
2440 7475
1608 7984
792 4458
2719 7434
568 1492
1208 3902
1359 2648
1400 3468
6037 6316
91 5636
272 3868
1344 4083
7915 7931
1347 2819
1928 3914
2648 7225
1077 7790
3549 6518
2977 5249
893 3345
3698 8203
1736 7389
4585 5728
886 4663
2378 2494
662 7160
6025 8232
71 379
419 3860
4349 8043
2848 4237
403 1340
7052 7439
3648 3817
116 936
3682 7803
1473 5107
2192 2922
4426 8393
1990 7512
1550 4202
3410 7814
5427 5813
6131 7974
4164 4539
5786 6514
2250 8217
7540 8021
155 1036
1470 5682
6032 8155
4061 5351
1195 3438
1445 7971
930 5912
2591 7573
3569 6753
6007 6178
3774 6990
1043 2582
1129 6662
307 2136
2662 6465
3780 4814
1401 5654
2725 3299
671 8050
2241 3301
2425 6939
6316 6438
2666 4202
4222 7022
3433 7077
5706 7308
4975 5757
3308 8066
1351 4746
1990 2164
3835 4535
1429 6926
4127 4488
7044 8031
2781 3692
6559 7335
7709 7896
633 1850
1551 8122
1605 5462
2531 8300
3171 5889
1833 5232
1344 2972
5158 7454
5157 5194
3502 3858
2132 6194
78 6407
6566 7173
3087 8336
3092 5947
5431 8361
3033 8018
522 769
3364 7021
4644 6538
4212 7646
328 6643
584 1804
708 1628
2700 5870
907 5648
1091 2979
629 6434
2400 7253
1651 3487
1094 4598
2113 4186
723 2480
1869 6341
1128 1288
4611 5327
1798 5775
4119 7415
3813 6767
5530 6727
4555 5637
960 5966
1892 6764
5486 5581
1640 7728
636 3020
620 7083
3146 6975
663 719
611 2022
473 1114
1788 2352
3276 7705
4701 7107
859 4822
4687 5713
3 4094
879 7118
6802 6806
7648 7732
6291 8319
5589 7217
504 3092
6738 7489
7216 7305
4901 7788
2695 5515
1475 2451
39 6037
785 7858
156 1128
2449 8358
2263 5130
762 2936
606 948
1733 3859
6660 8133
2496 3954
562 5499
5286 6513
5447 6665
1318 7928
4017 6125
3719 5988
219 7080
2919 5443
4315 6269
2517 4493
6060 8357
44 6779
117 4315
2516 4494
4582 5104
691 6659
1496 5059
2010 4832
879 5075
1559 5506
5925 7332
1440 2291
2277 7672
851 5922
4404 7125
4424 7582
3507 7454
2973 4737
2961 5441
6510 7822
4441 6038
276 7307
4019 8189
1316 5048
850 7163
1521 5633
3360 8216
2401 4731
1834 4897
4893 7172
4289 8363
445 7459
4685 8380
2469 5176
5252 5879
2113 2924
1268 1923
2390 2426
417 1514
1953 6488
2077 3331
1463 2186
1125 2082
3947 6565
1667 2565
770 5208
3957 7822
4701 6393
369 6759
2256 6145
2437 4637
1041 2839
4641 8383
3586 6988
286 3599
299 6533
3674 5376
2406 8267
2918 4373
2730 7789
4924 5043
2327 6680
10 1353
4846 7889
4676 6563
1779 6869
3685 7260
1688 7791
5115 6444
5812 7793
1866 6272
2126 8230
3167 5164
237 1979
7753 8256
3139 6873
1875 2832
1538 5604
7554 7938
3701 7870
1719 5823
693 6410
3845 7164
4142 5511
596 2686
1509 5828
3475 7868
1747 4556
7560 7931
4480 6589
4066 4286
727 5549
365 6279
2653 2899
1097 4714
4929 7217
4871 7342
5878 7549
1398 5186
4446 5205
598 2407
2270 4437
5786 7244
3952 6194
2162 6498
358 6546
2415 4277
84 4404
725 7554
1986 4442
578 6911
4928 5826
139 596
6111 7821
563 2596
774 6463
3734 3915
275 2405
4440 7804
351 6963
509 5408
640 2997
101 6699
1230 6548
6211 6309
1007 1466
850 2599
5245 6184
5439 8046
4290 4707
7000 8367
4715 5550
6610 7415
5349 6117
4009 4982
413 1102
3483 3726
1956 3918
6548 6924
826 6086
584 7994
95 1704
6257 8329
5640 7769
2375 3636
2214 2849
2450 3189
237 1138
3419 5336
7816 7961
1642 3406
4826 5185
1908 2704
1010 2169
5141 8197
3058 5003
6252 6633
2652 5800
141 5493
6184 6345
5674 7664
5376 7329
976 7779
5931 7328
2118 5738
957 7624
4753 8202
6095 7138
220 8269
3405 6305
617 7509
4012 5436
7543 7649
5348 5931
2921 6588
2366 2538
7035 7311
1287 6730
2297 3225
230 6400
2239 6339
1583 7973
3272 5461
545 8082
3477 7771
417 6847
2933 5963
1407 3216
1300 4765
4241 6956
526 8372
4362 4873
597 3300
5645 5787
192 2619
1289 5803
5360 7074
3432 7655
1487 5176
4547 6292
130 4140
4878 7158
2121 6909
2973 8021
4873 7526
1981 7503
2620 8051
2045 8062
2248 7295
572 2257
2939 5318
1811 4868
1706 2520
2948 5995
4357 7532
761 8374
3167 5355
1032 3143
5511 6007
1903 5123
3393 8371
1857 2388
231 8225
273 4338
914 7204
181 860
6228 6523
4159 6775
2942 5359
35 4385
35 7512
7469 8210
3263 5537
238 6487
672 6244
1358 2796
6040 8037
5600 5751
2122 6416
3784 8404
4684 5621
3970 8002
5292 8061
1813 7222
2190 4304
5043 7922
3245 4511
4789 5395
3577 7930
1315 5009
248 4561
2802 3226
7343 7386
5447 7765
3654 5574
252 5727
809 1827
4910 7373
1136 5910
401 3470
3419 8325
2477 4661
1738 2815
75 5959
2912 5759
3316 7294
5015 6125
296 672
1082 4451
6979 7849
5281 5589
3068 7740
1404 6703
2154 3949
2629 3624
3979 4238
3286 7867
1421 3575
2112 2504
202 2324
3149 4584
665 2037
2066 3249
838 1932
2019 2117
5499 7416
3369 6290
4050 5540
460 1857
6706 8313
5269 7011
1942 5882
603 4950
4835 8040
5462 5754
254 8080
1057 5306
2486 5761
3052 4638
898 2477
3284 7772
6261 7606
2156 8032
789 6735
2420 3058
839 2766
1587 7209
0 7123
2059 4607
2547 6867
441 1299
1284 7432
5108 8265
201 1844
5372 6874
5269 5331
4779 5495
3362 5502
334 5058
1481 5752
5700 7623
4543 7706
4559 4679
469 6458
28 6455
3919 5136
5117 5334
4373 8072
1769 2026
1174 8149
4051 5290
4210 6252
4056 5204
714 5124
1411 3803
2826 6377
6125 7628
5139 7671
2849 3050
3465 3968
7112 7978
5710 6394
6703 7713
2500 5288
15 2685
1318 4732
751 795
856 4120
1257 1416
1716 3409
4996 8131
1858 7589
2041 7671
6133 7906
3421 8173
7702 7832
2017 2707
1699 6058
332 4045
1565 4050
384 596
2531 6553
988 3273
3076 5341
6837 7746
2139 8049
1744 7745
916 8036
861 8242
3377 8168
3561 8326
2865 3432
462 4528
1217 6895
3142 5688
426 4474
1906 6654
3094 6981
1380 3612
1845 4578
4816 5584
209 2633
392 7114
1464 6185
3994 7837
1341 4469
2358 6555
1289 8378
815 3777
5454 7613
2573 4157
4299 4937
3923 7407
5833 8258
2805 6934
2761 3363
3268 6808
4380 5958
649 2666
2396 2518
712 2904
7360 7495
6791 8208
2291 7872
1911 2146
7738 7962
4037 5647
1617 7394
3538 6575
1856 5602
2543 2620
1392 4179
1408 5512
5533 7396
4293 7395
3617 6299
5823 5979
2685 4494
857 7592
4174 7816
3034 4057
1790 2626
4744 4844
2606 7470
2468 2881
5100 8052
3057 3185
2301 7667
1517 8337
1868 3954
659 5272
3607 8347
2762 5440
7542 8079
3183 7899
4820 6476
1746 6624
1370 6883
1522 5751
3864 5480
2036 4980
7617 7730
331 2563
3904 6849
1600 8134
4239 7384
416 5714
3997 5056
3847 4240
1224 6479
5188 7013
3942 5005
1421 8171
711 5832
2284 3215
123 2491
3536 5258
3671 4136
1224 3070
2260 2873
955 3112
4228 5423
1340 6833
2894 3050
1279 7724
3165 6717
4503 4868
748 2501
1498 4908
7786 7906
6207 6375
7600 7622
5452 5965
4825 7271
3304 6740
1071 4840
3962 7877
6645 7168
2897 7424
1266 2208
4587 6403
1441 4977
1617 2080
6712 8274
3530 4379
6788 6817
1684 5429
3023 5033
1898 6369
1781 5983
1107 1611
968 7068
3558 4782
5927 8172
6726 6924
2154 7548
829 2958
2757 3530
3680 7242
696 1269
843 4608
518 6504
2427 5548
1632 3139
2072 8392
4579 5586
685 5201
2457 3937
1728 5166
1801 3036
83 8082
1885 1912
5552 8122
2417 5444
4353 7758
1256 7198
3100 8054
695 1919
1986 2770
841 3026
25 6722
2204 4739
4356 7377
5721 8012
944 2778
173 1403
993 6302
3520 6915
3483 4936
5013 8179
1057 8065
5976 7775
3897 5860
2970 7850
747 4983
1753 2694
6560 6962
6544 7737
4034 7057
6560 7579
668 7058
4518 6045
6345 6836
33 5923
3295 5411
5431 7028
2172 6196
1903 2494
4993 5940
7084 8190
4477 7491
4558 6568
5716 6193
4309 6773
2003 8268
2262 8135
6210 7929
1773 6810
1272 4777
1597 7248
2724 3009
1419 2584
3241 6807
4574 6823
4263 4700
560 3240
2453 6275
5709 7845
7780 8186
521 5718
3324 6340
3900 7467
1559 3429
1709 3902
3208 3234
3411 4031
3187 4816
546 2888
3005 6825
55 4654
5020 6858
3845 5058
1287 2769
5339 7985
1212 5608
4192 8118
696 5227
1455 8201
282 5651
3667 8247
2033 3240
596 7383
3205 7451
482 6669
1520 5935
1281 6140
2156 7127
5313 7239
2072 4787
6844 7810
557 4301
1002 1321
1349 7334
733 6900
5911 6392
3000 4589
965 2494
1144 7211
1829 3032
2758 6717
533 2072
7030 8151
7031 7868
3960 7768
278 2255
2046 4281
935 3654
3800 5597
5601 6145
48 4402
2657 7519
3794 5155
3783 7180
6215 6954
7454 8038
4762 7262
415 2596
380 6464
7337 8173
1765 7249
4087 4164
1992 3234
5854 6692
1141 4435
1879 3940
1101 7095
3092 7261
1047 2647
5358 7321
682 6149
204 3097
5252 6576
5207 6637
565 772
1031 2339
1674 4724
1996 3799
3739 6808
1152 1964
2713 4777
1435 4660
1365 3656
994 8351
5954 7017
6513 8166
2486 2845
1557 1770
2760 7304
2751 6359
3660 7124
2971 6875
3065 6842
3867 4032
2877 4699
171 2809
5895 7900
3390 6482
1621 5467
4020 8227
21 3437
901 2420
899 2506
1511 7952
371 7183
2241 5764
1742 5120
2618 5855
3072 5625
2758 4182
3222 5962
143 6239
6991 7755
1579 3833
971 6456
1789 1918
92 4780
4076 5016
765 7665
178 5875
1432 5015
1141 6588
5634 7000
3871 5572
1583 5639
3226 4915
4295 7291
5505 6668
465 2992
444 6011
3595 7281
4748 6270
2396 7886
1570 3323
2047 5108
3534 6892
6632 7510
1734 4526
4027 5336
0 1450
615 5773
435 8174
311 5899
1416 8164
6608 7132
1845 5799
2510 6261
2334 7345
8192 8313
789 1828
549 4465
34 164
4386 5814
6747 7655
3105 4805
4643 7606
2843 5141
2722 3613
2562 6441
4980 6338
4756 5837
1729 5250
3775 5419
5160 5839
930 1815
4262 6233
2369 7938
5095 6789
106 8019
1942 6394
3259 6964
298 2340
5614 8034
1234 1426
2458 2568
4848 5487
92 2361
2538 4822
5266 7292
1657 1956
5094 5116
2909 8233
2373 7642
1631 5799
3193 6786
183 7098
1818 7848
7233 7927
3627 7719
1852 2129
3184 7520
2191 6369
8318 8335
353 4515
4866 6864
589 3506
1166 8051
6474 7163
911 4855
1334 5543
577 7166
5159 5725
4917 6089
527 2122
5641 6825
3590 3793
4864 5383
3886 8338
3515 5881
3396 6809
588 5929
640 1361
5357 5766
6057 7076
489 3681
1504 1764
1502 7346
1068 5859
2830 3245
216 8146
3690 6113
4016 7033
1328 1414
4915 6850
3466 6739
2240 5865
245 1787
78 5004
1838 6563
1955 4239
2598 6429
4949 8013
463 4097
1590 7392
3900 7461
4412 6574
513 5238
187 2610
313 4927
5207 7092
2425 4826
2354 6501
3972 4447
1185 3033
5988 7858
2395 6227
1024 1419
800 6300
5886 6648
5249 7856
3873 4105
106 2578
2513 4519
6122 6569
2707 5988
2093 3561
5365 8339
4947 7324
2095 6505
140 2335
6669 7272
4512 5707
339 1292
2207 4331
1411 1888
3042 4451
4249 6517
1765 5554
521 4310
4997 7277
3252 5759
2850 7587
5560 6347
4093 6691
4875 7585
5845 8059
1017 2097
4889 5143
5040 5439
5656 7764
6064 7937
4542 6915
1905 4815
864 5323
1156 4962
1318 4618
3175 6642
3412 8299
4642 6523
3145 4523
301 1728
1749 6692
447 6987
4052 4358
2002 5245
2243 2988
2127 5581
6090 8310
6326 7428
1506 4180
6037 6571
1420 2108
6467 7599
3929 5559
2167 2176
2974 3407
1014 6850
1527 3303
3293 6054
7090 7487
111 3932
1478 7486
1214 7147
4082 7471
5741 8058
3974 6253
1932 6656
5742 6375
309 7981
601 2625
745 6260
2505 3709
6308 6498
1956 6208
1188 8370
2898 6685
5107 6736
1922 4562
1813 5281
5058 7621
3109 3922
1786 3661
2914 6083
1744 6834
402 3585
772 2843
5150 6306
4234 7970
2879 6800
4903 5822
1612 2314
849 4004
2377 7531
380 5636
3055 6435
5628 7075
1931 2483
96 7597
2791 7391
2726 6067
6018 6893
2458 4464
5567 6001
567 3152
3326 3806
365 8030
746 2123
3282 5610
2022 5388
2252 2523
4565 5701
457 2372
3449 3483
910 1173
2612 6888
477 2251
2813 4273
1100 7364
1511 6384
2727 7042
1133 1160
6554 7100
4150 8025
1058 2543
1153 5919
256 8315
1261 2469
4465 4761
3517 6170
1016 5158
3278 4916
600 1435
2805 3481
854 8050
4141 4679
835 3180
766 6817
2987 5872
25 1610
5614 7267
3637 7166
2887 3250
6080 7808
34 1427
1917 5005
3596 7747
4769 7415
586 5165
1135 2960
673 2209
1083 7523
2722 8328
2482 5432
4025 4735
1466 2258
1624 5856
320 3279
5421 7665
322 6587
1232 4711
2111 5829
275 4295
5167 8213
492 5955
6144 6160
5566 7013
3183 8304
3354 7698
5386 6473
172 1973
1342 7936
878 7461
1278 6260
2627 7283
2866 5968
4732 8191
4797 6215
6466 8144
1795 2053
6211 8002
3042 6268
4399 6018
924 5418
5736 6561
782 5991
721 2766
3982 4118
2728 7150
4628 6599
147 7191
1088 4999
204 6029
2548 6346
1150 4912
566 5375
4925 8095
5696 7946
4416 7895
1547 5324
946 5462
2529 6751
3181 5640
5218 5340
2788 3820
2747 3043
3217 3693
1797 2400
4897 5954
3365 7230
1393 5302
1201 1955
1255 1510
2786 5111
2477 4491
183 7302
5175 7488
2279 6462
386 901
7376 7966
378 6281
1069 1851
1123 8325
3926 6349
1961 2752
1703 3267
798 4294
4317 8064
2955 3385
5023 8237
1925 3285
3780 5514
4599 6740
3811 5226
5293 6774
2048 4800
3510 7231
6203 6257
4312 4829
2267 2879
191 436
355 4300
7170 7697
3497 6200
1095 1715
6564 6987
1730 6854
4862 8053
118 6292
1564 2408
1268 7192
737 2676
821 8383
1301 2460
243 3441
7843 7938
1441 1629
1056 5515
273 6081
6893 7988
813 5448
4763 7161
3271 4814
2804 3669
1092 2523
4739 7513
7473 8025
961 3401
2426 5136
447 5281
2650 2710
3369 3755
1028 7504
3237 6522
3500 5816
233 1946
3459 5495
3494 4617
3757 8254
740 5935
1286 4845
4570 6473
537 2543
2536 7772
5966 6263
3675 5842
547 1459
359 7916
5914 7287
2777 3480
3008 6625
1354 5691
4876 5312
3082 4115
5851 7638
190 4918
3325 6796
1229 7523
2326 6380
2058 3209
4673 4892
604 7594
4161 5490
1275 2937
1314 3794
1360 6059
1756 5152
545 3257
4476 8241
1026 5803
2968 7037
3662 6886
1336 4903
3324 7911
213 7780
840 7020
2277 4485
4746 5389
897 6136
4602 8377
4889 5977
4281 6709
1810 2353
2340 7307
204 2007
2424 2572
1680 6805
232 8013
2553 6091
4581 7023
2624 7036
1144 5723
6998 7779
1719 5073
7347 8299
4117 5203
1 6411
814 3521
1302 3156
5910 6894
5898 6860
987 7684
1105 6242
1651 2317
3600 7109
7109 8228
2424 7127
5398 7908
2095 3603
267 5538
1273 4071
2170 4067
2945 4305
1738 7374
1907 2909
1223 1494
4863 7455
6023 7207
327 1027
2045 6270
2850 3745
6359 7263
534 3030
2957 8275
6653 7012
1802 7788
3644 3952
1134 7013
4548 7602
2166 3485
4248 7066
8083 8322
1262 2855
2617 4069
1623 4387
1927 8110
7419 8211
1000 6477
3257 8333
653 3417
2530 2987
731 2911
2231 6141
1910 2934
3471 7079
4749 5669
5032 5046
4935 8152
528 5093
296 7806
1496 6245
5191 7137
2668 7780
4277 7869
4226 4716
1394 5514
684 7072
186 2572
2307 8359
1593 4419
26 305
3713 4581
332 5777
3804 6163
4582 5358
1763 2069
212 1976
6942 7714
4431 7098
4760 5700
5650 7673
2490 6293
888 942
430 4015
2894 5055
4569 5064
1374 7749
851 5788
3443 5089
7934 7941
519 2816
1996 7562
2248 3959
1649 7560
2058 7076
4936 8346
2548 3694
6876 8395
3163 8040
2913 7415
2657 3218
1515 5654
2188 5488
3300 5867
4819 5022
1 4888
1578 1963
4521 7002
5087 6062
2962 6764
4259 5732
79 1320
2109 4276
3963 4223
4631 5009
1767 6068
92 5699
62 8281
740 6431
1158 3725
4671 5326
4397 6783
2185 6406
4138 4861
2585 6053
756 3725
937 8210
985 2079
5957 7704
5099 8056
90 3778
4063 6798
480 2847
3299 8126
1477 3116
627 2037
6458 7353
1439 3950
313 5787
1711 5762
1607 2415
2694 3718
4206 6994
1544 2923
5227 7146
2192 7728
2694 3564
2045 7096
1447 2180
6112 6344
4910 5823
4123 5141
4672 5050
230 4198
3251 3479
807 3638
1667 4148
5643 6623
5455 5557
908 6185
6692 8185
2480 5270
4892 8102
6288 6901
1095 3637
1151 5882
1997 2803
995 4914
875 5111
1738 7202
4360 7184
6498 7235
2786 7131
3731 7781
645 6481
2184 7036
2921 3645
1862 6383
1927 5964
5082 7653
1371 3917
2116 5323
3232 6332
608 6958
2644 7833
3088 5404
6076 6313
699 8205
501 4414
207 4241
846 8370
2925 6701
903 5781
2 481
840 1722
5969 7155
36 6122
3474 7692
2344 5266
30 4169
4129 6481
1853 4267
816 4377
747 4303
1773 3450
1431 4353
3866 7231
1663 7815
5060 7196
2673 5959
997 2628
3558 6199
6842 7468
3738 6696
1182 6189
4923 5278
5620 8212
3008 6391
5178 6138
1153 4307
4879 8235
2831 4415
5451 6354
6051 6064
909 7699
3418 6557
1000 6265
149 2976
4586 6038
5869 7651
4716 8090
501 3130
2322 7662
397 2388
1671 6822
4416 4462
1033 4557
4274 5086
26 5147
6954 8104
3622 8103
6457 6867
4214 5063
5126 8160
2726 7591
3739 8241
4046 5558
739 5128
643 2810
3632 4487
4324 6629
1331 3317
6832 7983
735 2028
5347 7286
6009 7213
5315 8155
5700 6681
1039 3134
5831 7728
5767 6663
1643 5941
1598 2669
2643 8323
5160 8342
1888 6954
3110 5204
3525 8160
3232 8349
2790 3383
3645 7529
5618 6831
5629 7367
758 3643
1555 4723
436 8112
1891 7206
159 4131
583 4710
2585 4221
3123 7824
4335 5404
653 7614
1009 5215
4133 4696
952 8168
1369 3590
4967 5881
1467 7602
4719 6829
1694 7395
2741 8355
668 6301
215 8044
865 6020
1233 4566
1226 6870
1761 4921
2389 5607
1065 2012
2498 6034
2935 3032
1654 4660
778 6062
2734 7483
2589 4997
650 4682
5463 5653
453 6948
2411 2513
2401 7688
437 5800
2683 8299
927 2283
1231 3919
3970 4006
3613 5669
5819 7836
610 3356
4803 7233
4745 5162
2681 4467
287 7736
640 8344
4955 6958
2828 5192
4453 5470
1273 2221
54 692
6784 7912
2008 5085
4594 5775
2598 4512
6792 8369
4112 6786
1217 8078
3153 4701
2558 6455
4290 7136
4013 4770
2023 4442
1324 3612
3250 3907
5733 5791
3828 7821
7436 7969
6970 7445
1395 6153
1668 1694
1060 6600
7253 8301
3888 6270
6175 6407
722 4134
2855 7971
3960 6004
2325 3345
2134 4414
7904 8200
1849 6903
4565 7291
1525 5608
3714 4651
1252 4280
1974 4623
2431 7952
6098 7700
5835 7338
6770 7228
3073 7770
5825 6541
308 1754
5930 7695
4777 6667
238 1689
2177 5490
1690 7087
1425 5828
4304 6015
873 1991
663 1791
123 3704
2802 5853
117 3790
315 4512
5670 6486
203 7449
5776 7565
1034 4285
2054 4912
4307 4953
2906 3832
2016 2171
446 2421
4367 8052
5352 6462
5527 7469
878 4742
1326 1978
3620 5123
4902 7609
3628 7803
1896 3533
6355 7282
1856 5284
5275 5752
6568 8190
798 3704
1601 7175
842 3808
5747 7556
1012 1818
3802 4913
7564 7685
1229 1527
82 2593
5909 7606
2629 5174
1597 4993
5475 6721
1130 1254
2544 4854
2716 6106
3679 3779
2880 5021
2533 5670
1289 7278
3001 6054
7292 8309
880 4107
506 1436
2081 8383
896 3579
253 1770
2205 3963
660 5339
3199 5794
1092 5709
6039 7965
1254 5012
257 3450
832 7585
357 938
4724 5953
1760 6399
764 7365
56 1367
1769 1998
145 400
4659 5179
3670 4830
5185 6075
2401 8227
6229 8289
1975 7814
5101 6143
5147 5455
7012 7590
2406 5277
674 1106
4402 5717
5028 7602
6493 7231
1764 4172
3594 4616
3998 5109
921 4466
180 5492
2048 2982
2329 4405
3908 6574
4863 7495
4988 6542
3461 7747
541 6931
4356 5531
2566 2768
2067 6127
8134 8381
3402 4972
186 7510
1382 1482
862 2516
276 7801
5476 7241
1639 4314
1305 5899
4689 7420
1667 1990
543 4324
167 379
2774 8127
3010 4500
2550 5431
2338 6594
4668 6717
3974 6231
386 5017
669 1742
4495 8391
3259 6938
581 3990
3496 4081
5464 7247
1065 6085
3003 3565
5142 8298
2277 7391
2623 3573
277 1142
7291 8145
3195 4574
7276 7394
5174 7864
3689 6618
1239 5789
4992 6754
1914 4831
226 2820
43 3984
4268 5594
5417 5973
4238 7903
7301 7595
1375 2723
1410 3559
3174 6444
3175 6978
7323 8396
5487 6533
2415 7836
1973 2566
1520 5921
2209 6220
571 4270
5707 7174
797 3817
2306 2775
1638 8114
204 2453
76 8163
7104 8253
6219 8182
3996 7742
1308 4261
2405 2711
5104 5393
97 2593
4715 7994
3188 5320
2018 8398
2402 7563
4893 8193
2345 6634
4303 6620
4936 6904
1317 7675
2838 7953
2855 6023
2533 8003
1087 2219
2235 2517
3274 8088
366 2199
2618 7441
6400 6661
1806 4298
1533 6030
6519 6625
555 4841
4461 5404
4489 4891
4355 7143
138 296
5943 8325
1048 2106
3731 6274
2034 5756
1099 7598
4847 6741
4794 7552
1755 3901
534 6531
2154 8356
1809 5100
77 5477
3597 7416
3028 4085
4047 7703
14 6235
1179 3987
1028 2729
4098 5080
404 777
881 2605
3200 7833
1122 7286
3748 6144
40 5651
2497 3305
3207 6624
1413 3194
2350 8290
1759 8342
7224 8372
5815 6723
6247 6633
2318 5167
190 4367
3263 4072
2018 8278
2152 5065
2938 7935
7726 8060
2408 2747
1585 6646
2139 5399
799 3081
802 2846
4336 7190
3091 7726
7867 8253
4517 6537
841 2636
5644 5855
7445 7516
621 2930
1437 3249
955 4991
4170 6872
2327 7500
385 597
1335 2567
179 6628
540 4743
1161 4736
1120 2119
3971 4658
1217 1979
1602 7363
6378 8405
3434 5914
1372 6665
2773 7019
254 1060
2488 8234
3824 5222
2231 3633
440 3464
2009 5722
2878 5120
1990 3983
7260 7828
1510 8264
3136 4390
2895 5228
2967 6588
3453 3494
5241 7059
3043 3561
7204 8019
3598 7434
1160 5971
702 8186
1270 2241
1729 7655
617 7488
87 3424
320 1518
2455 2824
7116 8250
2580 6219
1342 5904
4288 7519
3157 8389
6734 7563
292 3101
188 4029
3050 4630
2160 3667
2850 5708
5495 8141
977 3265
391 2860
5713 6453
6200 8214
4925 6801
4207 4936
6013 6459
1100 6511
1139 5414
2466 4184
1760 2896
3837 4466
2901 6028
1054 3311
1376 2435
208 3055
1952 3805
5275 5518
3982 5536
1283 7807
1952 7570
1184 6459
6251 6614
2267 7051
422 3315
788 3357
609 3520
6225 8278
5951 6982
6642 7220
1238 3789
6 4118
217 595
540 2942
2929 4575
2433 6032
5975 6639
3406 5569
2844 7245
2754 4532
3113 6800
2134 3309
3255 5545
1331 7565
5667 6786
534 5241
4460 6074
3114 7043
3297 7850
66 2341
3700 3955
872 1041
187 1796
2688 7210
3095 4020
1385 2313
3190 5738
3622 4299
31 3496
1492 5581
1034 4208
1625 6060
2111 7048
3989 8133
130 1195
7195 8254
5707 7853
2346 7047
1467 5730
330 1221
1076 6933
1308 2130
3512 7968
6220 6488
5917 6534
7355 7904
1166 7380
503 7525
1043 4413
1441 6870
1776 6724
609 1250
4486 7645
3310 5862
983 8244
1808 7264
2406 6017
1125 5349
4759 7733
3397 6451
2412 2955
6516 7726
3523 6266
2928 4904
2509 3869
535 6569
3706 7470
675 1005
401 1169
1255 8248
1079 4445
2580 5256
3106 7424
5643 6286
391 3844
2260 4270
2825 8384
1588 3202
3262 7825
6976 7602
2512 5345
2714 7064
4185 7095
1933 5503
247 7679
209 945
1807 5417
157 8339
1493 4138
516 6880
926 3576
2207 4339
70 7451
4388 6350
2335 6148
2123 4732
619 3350
3755 6363
3069 7708
5013 6807
4139 6949
1830 2049
4957 7868
651 5612
1144 6499
2170 6581
5784 8289
859 2150
2825 7576
2588 3184
2085 4688
6685 7449
1641 5595
1240 7489
793 2990
5673 8206
6002 6380
6542 6984
3616 5221
794 3579
827 3370
3122 3848
1241 6955
1580 2864
6906 8310
3045 7476
926 6528
385 4560
718 1989
396 2941
4077 4871
1096 8178
1988 7465
4371 4476
1274 2315
2937 3641
3486 5900
269 3253
3341 4770
5102 6180
6416 6532
3487 8233
3710 8047
6930 7477
6459 7910
2755 7019
1235 6221
1980 7403
5808 5952
93 2554
1676 2964
178 8279
3198 6485
766 3888
3771 5382
848 6552
5046 5553
524 3230
5935 7005
3740 5998
1510 8302
4750 6301
3937 5135
1290 7992
5240 7833
6829 8236
5771 6832
2672 6027
6224 6373
2023 6340
1957 4988
4463 5441
1831 2794
1647 4591
1075 8362
690 3759
1896 6079
3430 6756
999 8049
1038 3843
4972 6663
1455 3630
972 5647
1957 8303
1203 8023
434 3349
582 3246
888 4124
2952 3963
6765 7330
1748 2833
6755 8160
1030 7075
2676 4174
3495 4913
1458 8385
5438 7818
1416 2854
421 7933
893 5870
6333 7318
6310 7194
3037 7024
3527 7827
293 5565
3884 5412
1490 5500
1451 1569
784 5069
5005 7426
5052 6690
4706 5173
2537 7001
5116 6826
478 7878
111 2734
5260 8367
1356 4086
991 4191
275 5145
2739 7199
808 4462
632 4106
2134 7430
1319 5917
886 8142
6853 8260
2011 2477
2525 6928
1852 5582
133 3124
2129 5793
1680 4142
1280 6236
2883 4401
1034 8079
137 7185
3369 4219
481 8249
1807 5294
1139 4233
1901 7446
4395 6868
4049 4525
1252 5862
2143 2175
1864 4577
2946 4649
1449 8397
753 1094
3322 3716
2110 3308
1394 7805
2991 7998
438 1236
2153 5985
1158 7207
89 1129
6256 6408
1825 5302
616 5058
4852 5981
3172 3812
1417 4976
639 6760
245 2728
567 2097
5045 6575
3356 5405
346 3433
2060 3581
5042 6993
62 4726
129 6795
2604 6762
1653 6837
2166 5060
2496 3320
3105 6193
4785 6901
242 3804
6879 7064
989 5442
3029 5801
3265 7142
5590 6704
6671 7874
2376 7009
1263 6552
4230 5990
3022 6368
623 5436
1637 5490
1246 5988
5846 7028
4687 5727
3701 4831
5003 7727
3067 3821
2179 2229
152 5484
3204 6908
222 420
34 1678
474 7820
4102 4924
2776 3045
4642 7533
3638 7824
1480 2363
283 5190
1062 3263
1172 5101
1132 3961
2034 7341
2479 4763
597 6069
4781 5480
1551 6496
80 5826
2578 3057
3948 5486
2536 3578
4651 4912
2590 7210
2632 7324
3075 5573
2486 7280
1491 3658
2829 3798
1283 1792
2460 7332
806 8180
5450 7215
2916 5884
982 3736
1710 7141
1021 6803
990 3572
6520 8026
6185 6593
5062 6541
3594 5788
6036 6156
2932 3118
1146 2409
3529 6403
2000 5770
440 1117
461 1940
547 4072
698 7881
5540 7366
6853 7758
507 5036
2203 2603
3578 4604
7033 7199
1884 5678
2050 5898
7555 7978
406 6237
4698 6812
2462 7544
72 7272
3709 8010
3128 5999
574 3331
1237 5218
2765 8345
2112 3719
268 7954
3753 6503
4686 7722
4839 7178
2173 8283
5281 5582
4227 6920
701 5456
1709 3545
4847 6206
5249 8036
2418 3906
659 7892
2503 5851
2892 5817
2521 4273
1982 6506
1332 3671
273 2390
3776 4998
981 2847
1910 7233
855 5690
745 1832
4856 6985
1567 3997
167 1524
1247 5688
2418 4262
4136 8046
4041 7753
2845 4693
444 1898
705 2898
98 5734
6393 8091
521 1426
4505 4714
489 2287
4376 8380
4382 6254
134 4747
2014 6052
232 5461
3656 5717
150 5259
2964 3194
1846 7638
6749 7012
4978 5484
144 3890
6921 7983
3504 7365
468 5578
363 636
4649 7033
5243 8190
2158 3155
4734 7316
4084 5335
4933 5965
5359 8330
3404 4471
1776 2033
538 657
5749 8353
1504 2282
2398 5058
331 647
2331 2691
361 5361
333 7813
5646 7741
3573 7480
2375 2551
918 1520
6647 7186
760 7552
261 5472
1103 5031
4091 5002
632 4242
4468 4754
3265 7076
23 7540
1084 4509
624 6731
1933 2142
2773 3733
3234 4240
5084 6914
1278 6609
726 3211
4265 6205
5745 5845
2661 6427
458 6647
1572 6975
3570 6809
985 7900
3818 6700
3941 7122
5153 5575
1695 6421
4849 5639
3446 5152
451 2186
570 7713
3191 7748
6496 8261
4818 6467
590 994
1444 7875
4287 7753
2405 8007
6997 7056
3325 7228
5387 6375
934 5231
3342 3709
102 299
412 4375
4336 4545
1096 2936
1960 6418
1325 5987
4657 7364
3851 8020
1499 1571
741 1442
1499 4204
1417 6957
1727 5124
498 2908
4244 6622
890 7940
4790 7646
266 7401
731 4767
2899 5605
5206 5875
183 7344
3905 4075
2286 3306
1875 3472
3524 4658
5104 6346
1483 2398
2349 3957
134 6911
4444 7607
1485 1993
6510 6694
4301 7893
863 7036
1315 4751
2158 6971
3780 8006
1832 5352
844 4427
765 4709
2465 5861
1229 7305
1754 4821
6896 7947
4194 4650
984 6595
4600 5832
118 3009
2783 4135
550 6021
2271 3418
124 7486
4455 7342
5664 6729
4306 4388
58 8070
633 6191
1601 2954
2087 2099
3576 6381
3970 7782
2275 5226
51 2120
993 7835
5812 7102
3883 6133
7431 8115
1880 7717
3264 5118
3716 7663
549 5759
5216 5507
3198 7897
1059 7061
123 4523
2892 2993
7274 8136
450 2690
29 347
5780 7014
5831 7896
5404 6647
2652 5048
5300 7617
418 487
4401 6364
6092 6817
467 7742
5552 7627
89 6262
416 3364
4613 7098
206 2095
89 4330
241 927
4108 7215
2064 3716
971 2087
6577 7169
6131 7641
1562 2007
5837 7543
3534 3946
868 6691
548 7293
1590 2024
4829 6559
1227 3693
1253 7521
3861 5866
4887 6670
6966 7772
1635 5362
781 2824
142 1600
6704 6941
2347 7620
926 1761
5573 8066
310 1535
2209 6331
490 2528
7326 8360
2781 5507
6352 8013
2665 6788
728 5520
3456 7048
433 4154
1336 6345
7535 8051
1083 4209
1385 2524
5496 7214
7059 7610
1943 6528
4000 6401
210 4013
7321 7354
180 8206
1267 5587
5105 8138
6173 7134
580 1814
6436 8106
3930 6480
2102 5708
430 1444
2316 6931
4966 5879
1049 1323
1088 8003
1323 2628
618 5637
284 7757
6751 8060
1252 3188
2386 2899
4954 6943
4 2732
2462 2495
5463 6343
3904 7025
2281 2429
1784 1969
1461 6527
1040 1358
3193 4439
2824 4030
1466 6336
1191 5434
6886 8113
2799 3328
1940 7831
5016 6126
2227 3501
29 8264
338 4765
519 3991
1284 5795
4730 7998
1584 4320
328 828
3647 5945
4806 5541
2416 2531
4141 7849
4596 5868
4919 7922
665 3302
2653 6237
3290 7877
3456 7968
836 1778
2945 4165
586 3159
7518 7539
5188 7232
5623 6457
3276 7014
1672 6385
4816 8273
1159 7733
220 7405
531 1026
318 5677
2243 3827
4581 5542
1129 3615
1852 4675
1568 1584
5872 6114
3386 5759
3251 6056
2409 4023
1627 5980
4798 5010
2903 7563
6382 7533
791 4018
5080 7006
3011 8345
569 857
883 7333
4512 8272
4114 7141
3487 4379
1987 6793
218 235
6286 7674
5613 6947
3395 4498
2077 3350
2763 7145
4939 6902
2840 7467
3738 5911
2745 4739
3285 6766
7072 7456
3686 4126
6284 8034
1819 5902
2057 2751
3055 7358
783 6084
100 2504
613 2421
2995 4636
2108 4120
5161 5809
6998 8174
3081 3711
5361 6255
6373 7382
2577 6324
1721 6491
142 6046
1826 6637
2436 5100
6046 7725
1923 2942
2852 7531
3333 5358
3340 6567
2947 3886
897 5705
5322 5980
3161 4734
2325 2966
38 1384
1774 7975
2109 6075
4354 8189
158 5676
1124 1346
1903 2031
417 4942
723 5246
193 6866
1661 8162
5316 8132
2781 3478
4965 7850
1684 5643
3426 5835
3721 8156
4717 6442
5640 8076
852 4206
366 3275
7371 7751
3377 6866
2082 4978
3044 5442
109 2387
2326 5325
3495 7452
2674 4481
2173 3619
345 6426
1493 2101
1005 3826
2136 8376
2914 4596
4370 6306
3697 7182
4705 5010
6977 7683
897 6008
376 428
4522 4997
3789 5874
1038 1122
4970 6520
2797 3893
133 1895
3653 4950
1026 7422
6539 7964
3030 5097
1487 7458
766 5637
4484 5397
494 6657
1253 2418
3836 6917
617 1135
2126 7874
2984 3678
6620 8034
7640 7641
3415 6167
6266 6409
160 7627
5953 7016
615 4498
4760 5440
2689 3931
578 5561
7275 7838
2309 4827
2802 7189
3655 4670
3320 6937
1070 2493
1321 7719
2496 6747
4529 4859
3887 5528
5167 7512
4350 7009
4743 6452
492 3310
2210 4060
1221 3869
1477 7233
1244 4064
2830 5299
1656 3280
641 1863
6119 7093
176 5687
5826 7349
2111 8196
4420 7934
6857 8287
3322 5913
4310 7482
2456 4316
905 4517
5432 7778
2567 2904
6524 6822
6980 7231
3373 8042
2383 3559
2852 4167
5374 6455
6591 7084
2955 6728
3054 5622
4572 6468
4868 4897
4716 5463
2138 5049
4421 5295
787 8016
1386 4584
4640 6791
4374 5394
6789 7967
3458 4269
24 2010
194 5667
3445 7824
4898 6492
595 4951
936 4200
2756 5676
2308 6042
1598 6475
1455 6463
5999 8346
5711 5832
3913 4721
1873 5985
2842 6853
1935 2978
4372 8229
4309 6175
3553 4818
2594 5821
3477 6887
5137 6351
5264 6826
2778 6030
4047 4582
1778 6402
1884 8312
2321 6150
6036 6746
3200 6439
2600 7733
5056 8369
7386 7742
2515 5697
3663 6110
1258 6290
1797 6329
3770 5316
350 4904
428 2874
3584 7052
4085 6936
598 3084
2924 5664
4723 7492
2943 7203
3649 4751
996 6227
1985 7936
7104 7230
5239 8245
157 1222
1115 7965
199 4400
6443 7159
664 1753
2448 7110
6429 7976
4797 6735
2535 7599
1950 4857
633 3133
3086 4839
3065 5143
2925 8039
2308 5072
410 3260
5201 5597
3353 3371
5755 7566
372 3893
4389 6546
1959 4813
575 2086
1843 6635
4126 5029
1507 1831
522 6161
1461 5146
5215 7393
2305 4018
6129 6388
5624 8356
4821 6738
2959 4498
4603 4941
6992 8102
1566 5474
1870 6753
811 5531
128 6311
3833 6179
235 2684
6775 7419
3541 6550
2626 7642
2923 3771
3949 7091
739 7355
161 243
2858 6564
4913 8267
2735 7579
4187 6963
328 8255
2409 3290
1658 8376
1112 7885
940 2359
2613 3202
146 8276
431 2634
3341 6496
3929 5398
151 4824
4897 4916
813 2823
56 1164
127 7437
672 3964
1965 7936
7425 7597
3601 4593
2270 5677
3731 4396
3409 7962
602 3795
2481 7029
1044 5552
2525 6387
2232 8047
1488 5726
4264 6059
3125 5575
1654 3368
7429 8356
1347 8379
1483 8301
293 6263
3157 5456
2431 8299
1939 4850
177 3373
1291 2955
3144 4714
1600 6512
4791 4988
4611 7810
2867 7449
222 7794
1033 7858
4258 5013
941 4931
352 2782
3005 4200
3518 5526
1760 3812
6074 6146
443 536
544 4952
200 1697
3056 5702
1338 4406
2024 4427
1632 7435
5431 5746
909 1004
7136 7266
2690 6637
3708 7833
4055 4509
2266 2463
3181 3490
2818 8347
6131 6692
4579 7431
1529 2154
4055 7922
1881 4194
4497 6543
3004 8055
2068 4377
7525 8063
755 7228
3944 7458
1129 7517
2859 3162
3685 4080
1160 5400
4183 5032
1230 2731
2613 5159
7611 7815
1927 2507
312 2646
6101 7943
961 3716
399 4981
1229 2900
5848 6057
434 7928
2087 7770
1970 6836
3780 4867
709 6171
532 4007
9 6172
606 8316
328 7054
1045 1973
4847 6034
64 5734
909 3420
4343 7522
3048 6793
1368 6428
2625 3007
5675 8373
1247 5018
2217 5660
3953 4216
3360 4727
3875 4132
1843 3235
1713 7489
170 224
964 1674
2269 7106
1167 5626
1754 6623
3536 4449
4152 5030
596 7669
2090 5351
481 8392
2934 4733
6801 7408
804 6783
5183 8077
2844 3279
251 1697
1322 6365
6406 8266
3494 5538
3400 6484
2268 2628
6212 8308
5343 8240
5587 7812
6326 8046
6169 7267
1810 6001
4858 5527
3295 5693
7625 7843
1022 4732
2862 2891
1783 5088
1021 2743
186 6979
3707 3994
14 3126
3477 5039
4893 7397
97 3788
2655 7454
182 3751
4175 5725
1187 4049
6757 8352
1150 4603
4268 6983
988 5369
543 973
6647 7522
3289 3771
1307 1577
2476 5818
1735 4206
366 7462
637 6107
5806 6959
1282 4551
1757 3644
1589 8309
2146 6481
4255 8290
3329 6840
2696 5353
3877 4178
4520 7237
2098 7933
804 3527
775 6492
6218 6424
6240 7123
1784 6108
2379 5481
2281 3789
1730 6379
3733 4893
1797 1928
4291 5311
658 771
2474 3844
4137 4995
2338 2981
376 3580
2427 8265
4090 6687
1283 5196
5797 7608
2187 2754
1033 3808
1105 4914
3202 6617
6695 7842
2514 6084
5010 8112
3795 5717
462 6629
4595 5371
1997 2996
4370 4380
5014 5145
1102 1988
5317 7538
2575 7181
2321 3370
3192 5687
383 4360
7206 7718
2473 8055
385 3111
1710 7694
707 882
5871 6978
1793 6441
887 5096
3043 4266
5309 6762
6968 7947
1327 5648
2631 7829
5842 6762
1641 4139
668 3911
3011 3179
763 7817
2044 7752
6136 7872
1541 4842
966 1143
953 961
1927 7203
6657 6702
5765 7402
409 8235
1331 1703
517 3762
716 8338
705 6576
4606 8387
2675 5762
1045 4406
1208 3712
4789 7758
475 6040
1852 6598
2211 7873
1171 1242
2508 6074
2124 8068
2272 8288
3178 3328
917 3390
1754 3555
3751 4217
986 3855
2053 5366
1456 7935
2299 6473
3455 4502
1267 2302
716 6648
412 1822
2477 7877
467 573
1798 7824
3584 6761
1203 3537
4619 6746
640 8025
2202 6515
5607 7196
749 5662
4518 8237
1539 1946
451 1304
1987 3532
411 7340
1307 2823
2851 7204
7676 7825
4122 7908
1639 3136
4107 7122
3996 6683
5843 8297
2773 3774
921 1866
4391 6231
5132 7767
565 2975
557 5836
386 3204
3367 7140
1973 5749
3672 5672
2073 4667
1814 2772
1361 4042
198 6239
1960 5142
1390 5513
7254 7384
2623 7073
382 6174
1066 3972
7116 7675
3401 5981
3661 5819
2170 8201
646 6688
868 4545
3981 6123
2898 6949
229 1763
390 738
3471 7208
3579 6016
2249 7956
3357 8329
587 2491
2264 7175
1723 3851
7228 7875
502 3507
2306 7114
6880 7081
5343 7929
7261 7439
1552 5380
1219 3222
5368 7562
5146 7059
1654 6485
2597 3444
2236 2485
6444 8124
83 8037
2824 8094
4402 5285
6534 7982
4724 5510
632 3747
3297 6841
5294 7008
1615 2171
33 2523
52 2463
5378 6445
240 673
1323 5630
1722 7456
2193 7735
2651 2881
4222 5688
4267 4554
1178 5041
7508 7568
5928 8353
4084 4201
4740 7489
6881 7660
4683 8265
2121 7858
3792 6887
3137 5431
1157 4130
452 6740
1112 5976
2641 8076
3103 6035
929 7480
3741 7850
8 30
82 6823
5102 5703
7429 7840
423 6638
4254 6255
2983 6637
1544 6050
2400 6894
1029 5525
915 6012
2567 4706
1607 2380
4114 7613
5620 8258
4161 6121
655 7398
2142 3014
137 751
4635 6186
1735 4456
731 6294
1975 5910
2110 6650
2653 5893
5494 5937
575 3457
1720 5735
3618 7049
1990 5466
1450 4807
387 2089
3348 6462
2353 2581
2748 6277
7141 7564
7342 7597
3904 4954
5710 6606
7 2721
6279 8376
529 2621
1918 7071
5949 7386
372 7919
2980 3796
2718 5485
1659 6197
1410 6087
734 2919
2736 4989
239 7851
798 3358
2042 5445
2399 6374
31 892
112 1397
3583 5981
353 7301
5896 8381
221 8390
198 1450
614 6881
67 140
2139 2564
1071 3824
1743 2322
6717 6820
2182 4361
5271 5849
277 607
1559 7352
3760 5924
185 2245
2792 3560
1778 2391
1183 1607
4128 6889
462 3214
148 7818
959 6370
3542 6286
6509 6820
4784 7176
6734 8289
2787 6008
1201 1747
297 7029
2041 7429
3361 6472
2713 5372
1127 2088
3902 7681
1480 5649
874 2734
3587 4693
749 3651
90 4742
408 4551
3137 7957
3413 5379
691 1032
1875 4084
2621 4068
4956 6670
1446 3051
309 1307
2201 8055
6884 7299
678 4788
759 3990
2229 6684
1489 6464
4647 6802
303 1472
2273 2908
5389 6846
4767 5344
1592 1875
5227 6950
1749 4150
5985 7851
136 470
4236 6181
1783 7826
432 4250
5958 7865
3513 4806
1930 3544
3328 5403
1542 8024
3302 6572
295 6498
764 6268
3697 4092
2298 2326
2601 5124
95 7733
405 7541
3134 6395
7356 7481
1268 5482
4291 5702
4728 8140
324 6601
2348 6533
188 1129
1533 3915
509 4860
2422 6847
3532 6519
4226 6951
665 4776
947 4522
1771 6596
150 2397
553 1493
3538 7923
2761 6630
4091 4683
8057 8377
1931 8207
1057 1674
1665 5920
2537 7324
6295 7315
4005 4753
4121 8041
4071 6897
1008 6412
4494 5577
1927 5807
1607 2076
1129 4135
5497 7535
2726 3246
601 4300
779 5440
4216 4327
2101 5391
3535 5343
5544 6530
7537 7649
6173 7995
5116 6785
1272 4205
6821 7765
3638 5283
479 1439
1560 5005
3670 5409
1300 6737
3933 4857
1689 5305
1353 3086
4793 6658
1189 7942
7227 8213
3989 5547
949 7376
3579 6148
3565 4075
463 5566
2370 7890
2520 6752
2045 5679
3184 7846
2145 5743
1752 8369
2275 3418
3352 8140
626 6675
621 2283
1545 2212
5445 5987
6 5483
184 1283
6216 8014
2259 2920
4573 5816
3917 6484
4879 5482
4629 7120
3206 6808
2676 7800
3035 8024
2414 6508
911 4310
1092 2685
1114 7651
4992 6926
1453 5904
321 2244
1118 4075
3320 7626
7595 8269
4791 7119
66 714
2049 4777
4854 7085
1305 4190
643 6507
156 1296
1085 3036
3626 8277
5016 6509
3486 6608
3784 6816
846 4128
3934 5222
3254 4566
2349 3927
3394 4567
1770 3167
2158 3831
2814 3594
205 6132
2164 5098
4655 6905
1437 8123
6494 7169
3849 6306
2254 4346
733 1539
2020 7609
2074 3230
2237 5905
628 6688
5905 8195
2049 4168
1984 7951
494 7306
3385 4877
2747 5056
1383 4070
2691 7260
154 2383
2709 3428
7223 7524
5716 7859
2301 6116
1587 2448
1350 4191
6988 7901
6270 8044
470 8234
6553 7984
1107 2975
5310 6841
1297 7094
4782 7924
5877 6969
1671 2487
6700 7626
2078 6100
1816 7327
5259 5523
3682 7886
2926 7298
2930 6000
2928 3778
3092 5121
6201 8327
3008 8403
5469 7737
2904 2962
3292 4718
5495 8304
48 2889
1239 6831
3015 4866
5903 8344
1210 7451
2430 4292
4597 7823
2368 2984
2162 4553
1638 3853
1375 4417
5625 7515
4483 6272
8162 8362
4364 5580
49 1439
274 6679
5575 6583
1632 3598
2478 5999
4333 5155
3488 3492
871 3152
3727 5071
818 1570
1626 3436
53 6604
551 1875
3800 6794
1339 5173
5656 7862
3814 6035
3905 5258
1015 4079
635 7653
4655 6181
4546 6491
4044 6153
3017 5635
974 3763
3440 3470
3001 6371
684 7197
2697 7463
3777 5592
3057 5621
455 3006
3906 4337
4513 7279
3864 6191
1223 3133
1021 1588
331 7815
2931 4289
364 757
769 6568
3101 5769
5576 6739
4765 4869
4908 5730
552 6166
1528 6210
476 7713
333 5772
280 6991
1575 4721
2115 6082
2893 4998
1897 6641
491 3922
4032 6985
1290 6233
1198 6231
348 5364
6997 7881
2206 6584
1848 2476
1625 2022
4338 5583
1962 2078
2428 6797
3290 6320
4228 8175
867 6781
788 5122
2976 5515
3948 5227
3352 6085
3634 4809
1805 7346
4354 7854
1434 8388
4396 5110
1533 3975
2907 8389
2092 5519
1229 5922
4814 5066
2124 5191
4800 7126
2400 7882
3378 4318
151 6328
3157 7414
6540 7356
6425 6751
2076 3591
3533 4038
946 4197
5766 7133
420 5918
1105 2622
3672 7744
5265 5605
1899 2139
4449 4568
802 4555
5529 6621
979 4313
3166 6551
2276 3288
5627 7677
2464 4616
518 3375
588 7126
3618 7259
1265 2382
3478 3925
2987 5488
3896 4366
6358 8359
5555 6779
6009 7438
1418 4466
4970 7418
787 2519
7566 7990
1298 2870
4529 8217
2671 6157
4109 8112
2056 5872
3439 5857
1937 6216
7559 8086
1354 6743
114 4123
317 4294
2834 5986
5666 5783
274 3572
732 7533
68 2511
1705 3354
820 4392
371 2410
2050 3099
5189 7569
7180 7749
5612 5815
622 3227
3201 7513
2884 3465
3947 5057
2428 4248
1540 4974
3523 8388
283 7339
2795 4229
633 1157
4884 5758
2312 5101
3427 3746
36 3391
1812 4188
2021 4821
1883 6281
317 3626
323 6587
4516 5056
881 7950
591 6049
4319 5028
6784 7054
159 4895
3499 7786
249 4084
4481 5168
579 2164
6041 6724
5597 8355
1147 1576
169 179
2442 3319
34 950
1745 4363
3355 7853
1652 4569
5155 7830
3269 7062
5356 5630
1666 7258
2090 6537
3 7350
1486 7571
618 7692
21 2310
2769 4968
4022 8063
1907 8209
4726 8368
626 1375
3623 4423
3107 4394
1731 1809
480 6787
4588 6822
4703 5158
1391 2629
2668 4147
185 3488
5011 5459
4536 4778
2489 5088
231 3145
174 2186
3487 5263
1913 6852
3635 4306
7239 7841
6338 7799
1388 8186
2597 2699
948 5114
4112 5602
6963 7954
3761 5937
2543 6689
454 822
3790 7034
1804 3408
3844 7721
1938 3865
464 1131
3444 6536
948 2296
419 2894
1324 6724
2415 8337
4225 5934
462 6356
1774 5297
2365 3471
1596 3245
4438 5073
7932 8264
956 6565
426 4799
1381 1687
1569 7716
1077 3181
5198 5571
1666 8008
5173 6301
4994 6004
181 6408
3621 5786
4014 8130
6144 7273
5538 5657
720 7941
653 1807
2786 5825
3764 4639
2192 8336
269 7972
2765 7814
3769 5605
43 537
3557 4177
1175 1396
1775 5704
692 731
6244 7953
4856 4927
5536 7633
3723 6741
289 8403
1557 3404
4243 4930
6358 8127
2880 5134
4567 7007
845 5685
5632 8222
1751 2945
5652 7005
223 1585
5892 7960
1918 8116
1842 3905
4651 6948
5576 8377
1433 1732
219 2822
2956 3601
5758 6168
558 2462
4421 7887
253 540
961 1266
2784 3410
3493 6535
3692 5075
3313 5594
337 1379
1207 6376
1271 7082
4146 5658
3907 5499
1775 7538
4356 7251
6924 8074
895 7798
1750 3186
2503 2792
603 3945
555 2620
4225 7551
570 7812
4045 6385
3036 5387
831 1364
6571 7008
5329 8167
1543 6627
744 7344
2096 5212
3381 5503
5184 5251
965 5883
1780 4503
3260 6390
661 6249
5119 5843
3177 3528
770 5254
1243 8211
5008 6870
614 2557
2899 4218
1003 2233
5173 6366
232 1679
2176 7444
4535 7197
1409 2423
4688 6432
866 7655
5449 6778
6585 7710
318 6530
1079 3450
2640 6113
1860 4054
4625 4874
4268 8361
108 3631
3562 4110
3731 7093
2219 2821
545 4472
1774 1836
4096 7304
3389 5932
2104 7017
4381 6045
2175 7631
2885 7120
1529 8199
2039 6303
3915 6237
2004 6541
879 3967
670 7941
843 4735
2292 7510
1310 4408
1205 7606
2005 6720
4685 5824
1193 1740
4827 5017
7124 7899
3016 7204
5960 7982
3533 6335
2051 4623
2619 7395
4263 7706
527 1725
3855 3861
2902 7233
6303 6875
2611 3161
564 2767
124 6209
3104 4205
3000 6423
1675 4626
1614 4274
3264 5496
1748 7486
1957 5068
113 4725
130 644
2492 6601
2368 7230
745 1969
1333 3850
434 3068
3474 6255
3311 6366
5437 5837
263 8268
3676 7794
3619 8287
3250 8243
250 6317
8139 8336
765 7966
625 6979
751 2332
5999 8194
5680 8367
4796 7256
2075 6462
3799 4531
3163 7948
4730 5202
44 6395
2975 7193
956 6162
183 8327
6730 7464
120 5230
6143 8219
5620 6858
4752 7367
1241 3497
2826 7318
5076 7922
998 7162
6622 7288
1247 5178
3670 4784
1855 8263
1490 6444
3097 5446
2341 6372
3729 7644
4147 8380
2642 7218
179 3388
5104 6327
4518 5556
626 5456
7480 8012
5782 8205
879 5189
4200 6176
5236 6022
3778 5396
648 2637
954 3034
3397 4776
4007 6362
3588 6650
2397 3388
1194 1387
6010 7228
4311 7836
4094 6104
2080 6247
1653 7534
3165 6815
5007 7680
1577 7106
1109 4761
1605 5654
3745 6910
1747 2314
2679 4580
3126 5041
2257 6411
1847 6356
4503 5237
4779 5504
1185 1900
3066 4808
211 7989
54 7762
3782 4347
958 6048
1757 2687
3247 5719
844 1750
3484 8085
638 7215
3180 7634
1251 5195
3063 8050
2526 3442
861 2648
6033 7744
4698 7479
5972 7260
1372 8244
5680 8284
3187 3509
6010 7964
694 4271
3129 6555
3794 5279
408 1820
5180 6603
4945 6283
3168 8190
3683 7983
2402 3213
6477 7751
1794 7080
3084 4675
3978 4514
104 8231
1091 5174
1344 4707
1004 2301
4081 5624
1720 5380
3998 4140
1027 6597
2725 8234
4623 7469
2415 4194
416 5588
2989 5708
578 5464
2460 8083
4922 8170
228 5427
2677 7404
1389 8392
2277 7543
433 1546
6098 8084
1725 5114
1187 3494
1856 6068
4141 4515
4054 5837
2561 4772
5428 7250
2856 7685
7576 7584
397 6344
4838 7318
1044 8290
287 8332
165 7487
1088 3979
5423 5434
2708 4386
2418 4403
547 7795
1310 6134
2419 3222
1580 2446
5890 8319
210 2661
3418 5859
3448 7498
7 6510
5 6038
1574 6321
121 4028
858 1565
6241 7058
1091 8022
7734 8009
1577 1586
5563 7160
514 2069
5155 6710
1750 6109
3668 6918
63 6824
5432 5857
992 1280
3546 5367
1175 4166
6804 7191
68 1916
1777 6161
519 5663
3471 7572
3730 4056
3809 6397
6789 8146
1639 6877
5826 7902
4608 4805
3102 8006
5090 5885
7917 7978
6770 7200
487 4404
1280 3696
3060 7137
1495 5080
5915 8101
2888 3468
4148 7359
2021 2662
3985 6755
342 7779
3017 7091
3955 7232
258 5820
4368 6324
590 3779
511 5466
3879 7983
3089 5072
707 1424
4834 6477
4549 7265
1076 4352
4721 5925
5671 6618
3013 8273
2070 3887
2384 7883
398 7376
1400 2290
576 938
356 6531
7481 8261
3463 6995
441 1030
1885 5835
1154 7628
2584 6967
6797 7530
1686 5537
3573 5067
6243 6650
3325 4575
5938 7773
482 5876
7980 8048
262 4814
268 3482
4907 7212
4976 7335
390 1463
6711 7874
1924 3365
2852 6946
5908 7604
2647 8148
5069 7942
4709 8224
3640 5316
6814 7889
2987 7484
2416 7952
3130 8301
1074 8095
1740 8334
3766 7732
5377 7130
311 2985
5673 8369
3298 6070
7682 8218
1967 6829
3664 5960
411 3919
2636 7004
60 2576
5966 7788
4402 4537
2641 3221
717 5262
6102 8261
4754 5615
4113 5721
674 2152
4890 7973
2196 6710
4746 7403
5792 6629
3421 6349
381 4088
4490 5852
1909 5324
4201 6827
1971 5642
126 3816
5121 7068
945 3215
2619 4459
4288 4332
2859 4986
7078 8220
1741 3454
3695 7419
7372 7847
6291 6567
1108 8242
505 7388
978 4247
688 5562
4264 4539
4734 6916
4121 5471
1119 6653
4697 6946
967 3677
642 4245
3699 6258
2091 7196
195 2017
1019 2711
5381 7839
4507 7323
1405 1833
581 7002
4917 6237
279 5221
2648 6845
8105 8241
728 4669
1744 4160
524 4390
1534 2000
5160 5225
4246 6264
1872 6747
1206 7015
4872 8071
203 7936
302 6624
5177 7154
126 323
4265 5246
1202 8053
817 7214
2917 7552
3704 7289
65 7787
3747 6423
324 1532
2503 6795
856 5172
4628 5376
888 4035
1451 3797
738 7128
6580 7673
3476 4554
5246 6470
582 2354
3758 3906
6571 6579
2228 6613
3135 7760
6271 6731
3339 5149
3599 6447
1496 2541
5128 8075
2138 4350
3365 7163
1829 6592
874 4103
2229 6772
3281 3957
5410 6879
1199 1920
7470 7574
752 7945
3856 7906
87 2916
111 3820
1087 3964
1107 2743
6593 8364
1699 8266
1433 2956
5921 6916
4111 5307
687 3639
4206 6825
1232 7265
4712 8326
2236 5078
1536 1688
1196 7679
1004 5128
3547 7475
4209 5703
4600 8101
5858 6512
3332 4252
4232 5932
6927 7355
937 3073
1345 8019
4091 8087
5047 6851
686 1609
1083 5699
5534 8399
1906 2706
6995 7567
1354 5088
6111 7396
3358 7647
1823 3665
5181 7332
2545 4942
2360 8176
3474 5244
3098 3422
982 2448
7178 8333
1169 7989
2728 6599
5011 5430
3270 7096
6443 8079
2261 5503
6154 6264
1000 2707
56 1916
290 8266
292 4398
502 4103
3815 4452
1698 8108
156 5570
3135 5375
323 5301
34 393
437 5831
2596 5774
1316 4811
6091 6314
2119 6107
1798 5331
2521 5810
137 8051
2551 5899
1884 2734
3434 4687
3214 5993
6083 7921
7065 7879
1294 6433
7330 7830
382 3454
3336 6811
2979 8026
1495 7381
1884 4298
2805 3239
327 791
8 5368
3678 6871
3928 7348
3598 6689
3010 6760
1470 8220
1029 5952
3336 3597
3704 4891
2725 4026
5878 6008
1294 2823
536 6177
1013 8021
1681 7071
1737 5804
6553 8194
13 4932
6645 6931
5112 7493
5821 8344
1546 3090
149 295
1903 5564
2471 7573
6003 7359
918 3243
7701 8366
242 263
1211 3593
1808 5185
2935 7210
1865 2963
105 6973
121 4987
1768 4702
2337 4308
3458 6174
2728 2772
393 2989
4910 6178
344 2930
2568 5218
1147 6919
3988 7224
1152 4425
265 6044
2825 3277
951 2485
3131 5252
3274 8300
1669 5467
667 2792
7351 7455
3245 4764
5015 6644
817 6529
1594 6652
3011 5368
1783 2343
971 8350
497 3540
728 6044
4788 7738
4110 4160
109 6212
6908 7595
6193 8290
795 2213
4981 5148
675 6443
3893 5970
4272 5105
3463 7007
2125 4813
5402 6592
329 3274
3038 4150
1086 3172
742 7505
3089 5545
852 3875
919 8129
2476 6701
3663 5570
2857 8147
1811 5901
2421 6972
6541 7871
1108 3866
131 1910
1650 2234
6651 6837
5509 6283
3273 5481
2384 4792
3313 4230
5235 8047
2422 6509
5664 6912
1428 1792
215 5033
1080 8091
5535 8026
171 3520
2102 2965
3508 6917
4892 8170
277 1378
1751 8217
2013 6098
1528 7501
411 6719
6149 8103
2263 6195
553 1165
4330 7115
6081 6585
6707 6711
609 2347
5875 7443
3071 4443
1805 3427
4776 5620
2859 4815
388 5816
4787 7571
767 6590
833 1172
4037 4634
6748 7947
432 2381
1304 1695
3823 5416
1525 4547
1230 3836
5905 7769
7809 8222
2110 4708
1242 2038
2355 7545
736 8229
4672 5865
5278 6706
103 7016
4689 4692
3778 3897
5580 8198
6959 7227
1566 8238
183 1606
3504 5609
3151 4674
2428 7055
1034 3631
3604 8165
1465 7797
334 5200
4459 7300
6278 6375
5338 6204
910 2082
435 6436
1270 2144
4163 5004
3132 4407
6842 7776
502 4223
808 2355
656 8014
1787 5005
4041 4771
283 4550
21 5553
1869 3148
135 4841
1409 3176
8015 8276
1090 4290
2151 5976
4476 5753
1112 5984
2311 3754
519 4058
2609 8380
7133 7642
1601 8009
3436 5338
360 2782
2423 3791
2634 6288
1507 7815
2818 3315
1920 3838
3432 6756
4562 4969
166 6917
3083 7764
5983 6152
1427 6315
391 1609
988 6003
586 2044
1556 7625
5969 7312
6470 7279
3684 8194
5083 7105
1578 7440
3749 6248
3387 6770
3399 5261
3823 5091
1442 2519
2258 6190
2444 3930
1779 5636
181 685
1121 2555
806 3716
2702 5617
264 3422
291 6627
1669 3329
327 3899
4894 6351
2656 3705
1311 7312
254 4606
6551 7720
1077 5153
2441 8203
940 5253
794 5019
5862 7247
466 5309
4393 6338
2278 5721
4033 5564
6198 8312
5243 6183
1145 3139
6748 7112
5430 6188
5483 7580
2975 6065
2181 4270
3515 3690
4739 6298
1122 2763
3931 7795
4510 6304
5884 6881
5480 8118
4088 5853
2633 4369
3890 4610
1402 7176
5104 6578
1052 5832
3784 8270
3178 4324
3743 6522
3295 5425
2434 5731
1062 4620
3771 6627
4956 6092
2041 6103
1032 1286
7500 7975
3018 6456
484 3677
490 1466
1041 2759
3404 7144
271 6147
6899 7543
703 3351
3258 3382
7589 7596
3437 4181
2040 4070
6638 7109
3304 5768
5132 5451
3646 4188
1175 4823
2700 6737
3857 7861
2167 8150
4709 7101
3229 5546
167 6171
1035 6404
3586 4145
5705 6525
1708 2417
5182 6196
1661 6575
3327 7905
854 6839
1308 3809
1422 5859
2159 5759
1970 5763
619 2248
73 300
482 3326
2714 3668
642 5434
4172 7313
2205 3878
1948 7687
5218 6870
849 7266
95 3670
4851 6566
1320 3435
1581 4944
4620 4895
2235 3608
1211 6307
4082 6096
482 2466
3766 4623
8167 8398
4549 8155
27 6495
1890 4783
2265 3882
4089 8399
1995 4203
838 4955
4039 5308
1532 1624
1725 6762
762 2234
1258 5220
3781 3956
3099 4923
1394 1996
32 3494
4540 5263
1575 7472
2333 7187
1670 4162
5945 6245
6824 8329
542 2856
8147 8223
2836 5118
5332 7255
3545 5425
7164 7575
5014 6562
2452 4074
6935 8280
2511 6202
4498 6192
1084 4176
5582 7823
3770 7107
362 6260
1873 3341
3074 5420
77 7025
5089 6782
3024 8130
4025 6776
1948 7413
3659 6674
5887 7851
2231 3919
2048 4625
64 2839
613 3107
6234 8146
85 4473
4489 4849
2653 6545
3676 7348
7243 8207
2710 4053
5472 6286
2496 2958
920 7306
8120 8351
532 6454
3414 7014
2384 8142
843 7605
2008 7836
25 3664
1452 6767
1476 6383
3100 5202
3282 3825
2385 5157
2148 5760
3728 7602
5532 6363
2571 6238
2999 4116
2863 5277
4361 7812
3161 3861
1696 5311
869 4248
7033 7496
5081 5334
1782 7309
4323 5671
4940 6574
3268 6698
20 1166
3153 5734
1289 6376
1880 6574
4342 7641
3639 6811
3938 7537
4351 6606
6149 7129
542 7658
1695 3403
657 4624
1046 6881
3352 5373
5980 7802
4247 5421
2357 2788
75 2696
714 4887
3611 7265
6259 7774
3965 4105
588 4216
3046 4429
877 1538
2614 6860
7547 7762
4972 7388
2318 6314
7029 7478
1992 8317
5058 7676
2721 7955
1582 6536
1699 5330
555 4177
2658 6392
782 3702
5507 7136
639 2820
208 7798
734 6249
1811 6782
3157 5698
4058 5878
61 4299
110 3360
304 435
5843 6242
1608 3041
4296 5054
3502 7202
2202 6497
778 4395
7603 8218
5636 6450
4015 5202
3841 6425
475 2847
4322 5122
3040 4665
339 4831
4783 6924
2583 3626
4513 4934
367 3166
2725 6158
1563 4402
7205 7438
3337 8157
970 2498
1380 7707
4013 6490
2996 7925
3292 7824
2296 7863
412 8206
7211 8285
5435 7167
941 1130
5877 8099
2120 4911
1180 2254
470 7887
1239 6929
4576 5485
648 5448
6648 7521
4383 5138
278 2975
539 2436
2387 7588
4384 6709
1849 5906
3406 6523
870 6358
3338 5128
1561 3911
1204 5505
4376 7756
4457 5736
6586 6690
1841 7382
729 6481
706 5598
5931 6871
5257 6403
4159 4162
1158 3724
5047 5293
4610 4776
2907 3413
2613 4467
3687 4137
8177 8373
1913 2853
1701 3065
2222 7509
888 5015
1945 7350
2072 3315
2225 3074
225 6576
1088 1861
5000 7933
2045 3415
3137 7949
2200 2597
1063 1307
2602 6179
918 6222
5376 7873
899 3320
1884 7958
5170 6195
3323 4825
1922 2771
525 3869
1555 7131
6778 7823
2239 2998
3538 6693
3107 6361
1259 2490
680 2114
5230 6282
285 3936
2867 5696
6664 7269
510 8390
3194 5149
691 7060
5251 8157
217 5826
3251 5095
3795 6229
5717 6974
2118 4452
2568 3683
52 4385
2499 5016
1913 6910
3949 6155
267 7472
2092 5131
424 3261
4861 7123
3022 7087
6440 8003
5922 8053
1471 7739
456 7519
4420 7578
3159 5463
470 4077
5999 6986
1863 2869
4116 5418
3014 4880
3460 7873
4579 6549
1352 1364
5231 7219
6685 7305
1857 4707
3843 7346
5491 8164
5739 8091
619 3706
210 3744
1838 2178
2228 2923
4327 4799
225 6195
949 5041
1042 5567
0 6313
601 4418
825 7441
2786 6921
2016 5924
4263 5287
2753 7802
3910 4993
1679 4779
1415 6736
2757 8326
119 7515
3 1591
1972 8268
934 5286
718 6712
5473 7714
4085 6432
7735 7913
3231 5697
281 2525
782 5163
6001 7220
3937 6931
2715 3013
629 6802
7367 7472
5895 7237
652 8189
3164 4085
1479 7832
57 2277
3146 7087
336 2493
1242 8088
334 3392
1363 5420
1761 6483
3656 6602
4429 6925
4010 7592
5836 6606
5302 8092
351 8259
466 4854
2872 5684
259 3788
622 5363
2556 5684
700 8298
213 3838
5578 6140
990 8401
2824 7307
5576 8159
4062 6755
3591 3652
88 6934
2224 2435
3839 7620
2140 7567
4627 5578
2846 4667
548 4407
4795 6727
1941 2483
3885 5232
4533 5904
2282 8111
3807 4633
1028 7032
6905 7485
1478 5371
5557 5999
5521 7401
3228 7286
2744 5415
4537 7944
3380 6745
473 7827
4621 8038
1329 3527
6417 8372
651 2811
3060 6981
2174 6524
6297 6574
1117 3423
736 864
5278 6596
809 2345
1612 4640
236 8100
1456 1910
296 6612
3472 5758
5290 7431
1405 3198
912 5719
2096 7432
191 7582
843 5286
853 2136
242 6599
5439 5907
1264 2840
673 7157
26 1045
834 1648
5516 5779
969 4041
1737 2784
939 8354
3852 7357
488 1953
1018 1524
297 2692
5993 7181
272 4302
2141 7889
367 6084
3316 6618
5592 8291
3609 6497
452 5687
1343 1750
1466 5741
4766 8146
2261 6922
4030 6780
5166 6644
3326 5676
587 1204
457 1771
37 7317
2372 3768
5961 6161
5232 5274
7191 7372
1573 3112
941 2546
309 7583
1482 5154
570 2443
3317 4317
3341 4786
1209 7298
5169 8231
632 831
1322 8355
591 5204
3028 3877
4327 5883
1891 2749
6295 6620
1020 7151
3828 7357
4308 5106
2374 5886
4052 6010
2908 7669
4509 6496
1594 1792
198 4541
3374 7854
2608 7979
4689 4729
4457 6712
5063 5168
1765 4896
1037 7916
4685 7586
817 8045
470 5328
4272 7169
7754 7889
1296 7336
2828 7388
1618 7410
4405 5371
2789 2893
4760 6250
1531 5460
1355 4801
4442 5184
4938 7738
1683 2890
117 2247
871 7912
975 5260
927 2712
345 1068
5748 6867
4169 7885
3305 7685
4001 5875
2303 7044
6555 7285
2071 2371
5283 5353
5626 6567
1712 4969
3467 6081
3928 4408
2660 5243
626 4637
4374 5694
3826 7382
4960 8393
1805 4024
1962 4745
3266 5040
4681 5318
1994 5997
2915 7032
7581 8164
3343 7133
922 1947
396 4006
3473 3609
797 2802
3531 4429
2797 4961
2779 7740
1634 3020
3986 6243
1999 7389
3037 7043
5398 5944
2336 7298
1520 4932
7723 8404
4524 5971
4558 5239
2262 6818
4116 6402
3339 5330
8001 8185
4880 7884
4541 7632
470 6180
202 4169
5018 6063
3834 5199
2393 7230
2449 5478
4971 8043
1025 6364
2375 5599
6893 7476
1481 4957
847 8382
1801 7150
3920 5774
2897 5313
7880 8120
81 1129
265 1187
3652 5949
4902 7987
469 7750
5001 7966
3926 6740
5596 6527
2457 7661
4705 5720
2288 4146
4544 6897
3524 5812
1740 5009
322 4105
594 1036
1160 5797
5751 6253
3691 6712
1030 1973
1277 7075
790 8005
3729 5209
5080 6830
3462 6405
2944 8177
5184 8375
3211 5167
1700 6886
683 7924
7632 7656
3152 3721
4017 4691
2860 4196
2227 4099
4428 7735
40 1192
5900 7490
3642 4946
2105 6575
4495 7370
2704 6243
2504 7888
3532 5397
6621 6771
510 7499
2798 3191
2218 3292
6208 7708
1519 2027
1600 6862
2949 7299
9 6361
3961 7320
1309 3387
2300 2948
892 5238
41 2167
1876 5566
4778 6097
5476 5937
5254 7930
3900 8244
4922 7337
754 4202
787 2658
806 999
3396 6300
4808 5053
2812 4286
2330 7657
2026 4283
905 8284
3615 5799
2744 4563
4160 4282
5894 6617
3128 7477
4036 6385
2181 7234
2574 5483
3321 4053
941 3256
221 4938
2232 2362
1643 7163
1977 5617
4646 6323
1277 3717
5758 8386
5250 7759
2068 7846
1471 7330
2319 5588
5298 6718
5560 7247
4684 6993
2493 8124
1680 1707
1089 6550
250 1194
4040 6495
3893 5864
2224 6186
1196 5048
772 7525
4002 7305
3834 5186
2875 5422
5392 6289
725 3380
2920 6879
5427 6359
4819 6767
5433 6313
2400 5933
3267 6658
885 2437
2636 3495
2308 7186
630 7731
3201 4080
2208 6582
1767 2183
3158 4242
2353 4577
3074 7242
372 5692
6117 7094
3151 7598
1224 5253
1899 2631
4605 4691
6200 8184
1900 5301
2768 2994
1462 6034
1696 6307
1878 2059
4501 5454
3814 5144
2544 5546
2461 5019
1323 5982
227 1713
2682 7497
3096 6766
8100 8269
4091 4955
684 4475
957 2108
681 7988
3541 3896
5064 7092
4554 7100
434 4049
6507 7148
2251 6363
892 3973
3455 5830
1677 6102
4723 6328
5821 7495
3986 4220
2891 3870
635 1307
1144 6763
3092 4155
2351 8119
4061 8097
182 7631
1366 8081
5980 7008
2814 8182
2645 7896
5724 7763
1193 3750
5700 7898
722 2046
3641 4909
1503 6043
1050 6855
1537 1582
1302 6640
1403 4008
4741 5297
353 3278
1119 4939
6423 8010
5374 5799
988 1399
3307 4924
6182 6745
4583 5641
1228 8201
162 3062
2777 6607
2294 8138
3212 3260
2837 7661
4968 5129
1314 5489
5377 6352
7159 7866
2117 5479
3922 5071
234 7811
2800 8005
704 3865
2418 5601
2015 8261
1253 6026
757 7642
1644 7692
3475 4478
520 4440
590 6945
128 4959
3715 4459
3922 3985
690 3764
3275 5307
593 6086
3008 4624
703 4772
4065 6097
1599 6177
2433 4437
431 8207
1500 3941
1246 5603
3120 4467
4565 5422
3595 5993
4410 6208
3875 4064
18 4319
1706 4992
1021 7234
590 1010
3293 5816
1883 3971
1950 7319
4451 5802
6099 7788
737 4505
1376 2540
5212 7547
2328 5286
2790 3237
168 1781
1182 4285
2223 5434
2257 5085
153 3432
4325 6745
2009 5731
939 4415
2184 8324
5209 7773
1878 4880
1078 7663
2740 8083
4767 6405
526 5242
7160 7183
554 3439
900 7355
953 6476
2151 2729
6398 7785
2918 6078
2500 6435
407 4229
4158 4348
1360 3921
1809 4573
524 4432
2527 3813
4398 6421
863 2860
4497 5978
7322 8389
1162 7941
2004 2074
369 7833
1722 7123
1018 8308
1293 3773
5180 7727
3622 7358
4639 5661
1439 4269
4819 7233
4494 8240
561 7159
1597 7787
3608 7290
489 3630
6912 7552
1100 1469
1604 4321
53 3461
4329 6446
243 4063
4316 5732
1164 6208
2221 5458
5960 7246
45 1064
3039 3080
5936 6383
4612 7855
1439 8068
990 8027
4507 5753
1418 4553
886 2799
5950 6233
4374 8294
2006 7977
6267 6645
1274 6177
5942 7689
2221 6461
1202 3836
3173 6748
3548 7130
62 6875
4534 6460
4772 5789
2809 3501
1081 2937
47 2542
5044 5128
3852 7117
5565 6973
5638 7846
5115 6044
2189 8074
522 2432
3863 6807
697 7214
1993 5473
3385 7269
566 5193
4217 6956
2700 8369
2953 4629
6240 8145
1513 1583
1661 4189
5527 7269
7696 8201
403 6695
2475 4256
5666 6732
3119 4450
306 443
257 7442
1937 7402
1844 2972
461 4698
4062 8189
2500 4571
559 7270
2132 2473
679 6871
2540 6865
3536 7147
4162 4387
4080 8147
335 8275
1296 7520
6269 7368
888 7649
5760 7706
1427 2806
5282 7920
3814 4125
174 6246
6633 8234
4720 6337
3521 3723
669 4601
6521 7592
2896 3330
494 4747
5696 5916
3082 3587
5712 7025
1594 7638
4213 5748
6414 7825
841 7757
3360 6758
4346 6389
4366 7741
5778 6585
1555 2279
255 1214
5690 7965
1625 3886
1323 7408
4530 4664
3639 6800
184 7475
4940 7544
1374 2167
3568 5213
3987 4170
484 5833
6413 6632
3887 5676
2962 3170
928 6507
950 5177
486 3177
1724 4126
594 8394
2070 3939
1554 7726
6357 7650
6828 7581
567 6098
970 5740
464 1155
1901 7558
3417 7369
294 8119
2131 8156
1116 8172
4800 7466
848 1904
4146 5442
3052 8257
2667 2877
2078 7615
3298 7420
4645 5978
1101 3345
3306 7262
442 2062
1664 8385
6524 7760
1977 3922
235 2478
1247 7238
6047 7339
2705 4353
2927 7638
3133 5400
3525 6528
864 2826
2250 5044
3957 6778
4257 8093
6276 7222
5838 8337
5909 6159
4341 5796
3988 5551
6210 6517
4434 5307
385 2116
1328 4566
2244 7850
1170 2785
2741 6251
1372 7891
5369 5554
2504 7113
3574 4763
3420 4246
8127 8305
2914 7390
895 7682
5439 7229
2272 5619
2727 6934
1253 8359
2716 3860
2099 3469
955 7173
5681 6905
4051 6946
3939 7149
1868 4486
2784 3742
5805 6291
1089 6856
786 3511
2605 3866
3940 6871
608 6616
4378 7543
986 2793
3605 4715
5607 6940
680 4954
2254 2988
6442 8230
449 2121
646 4655
4261 7879
2060 5964
2293 7328
2653 5457
2720 6867
2480 4598
6323 7514
2591 4320
1501 1929
3246 6864
4364 4846
2805 4172
4508 7486
2710 7499
480 3905
629 4918
514 4632
4642 5493
430 1438
2281 3550
3317 3505
7089 8083
6461 8252
6766 6848
7556 7695
1086 6793
660 2861
3385 5385
73 2584
2152 2607
4773 5763
6124 7055
752 7442
923 1328
1426 1863
2611 6971
951 7485
5104 7639
817 2570
3713 6891
2524 3872
1995 5121
3586 6302
2894 6274
4005 7859
2438 4050
485 6182
727 2095
3314 5101
787 4835
1740 4864
1536 4860
4353 8151
5828 7742
4291 6079
17 4542
2243 5037
399 5526
4982 7600
5234 6460
5728 8068
6135 6747
3516 4871
3027 7191
585 2034
5479 7711
2932 4510
5768 7749
2015 4633
1039 4413
188 4627
1474 4726
197 3044
4450 6440
1330 4658
1083 3287
1297 3405
2165 6385
784 4499
4940 6230
2039 3920
4678 8320
4514 6838
1067 7867
6684 6770
5132 5270
1476 7779
2019 4539
1406 7237
3604 7822
1290 4758
4881 5264
5882 7324
3002 3984
4966 6077
1620 5132
316 7412
4666 6755
81 7046
3857 7508
1310 2576
1881 6254
5599 7652
1457 8096
1186 5405
1672 1713
3569 6200
2061 7812
5578 5674
693 3851
1888 5289
4702 5744
3140 8153
1814 3319
3022 3524
1127 1438
1959 4527
7788 8107
431 7082
179 1051
6013 7536
1866 1893
7541 7559
1625 6666
246 3403
3745 4656
341 4817
3802 7778
105 1608
5186 7229
2701 7943
5834 8251
1077 6742
6492 7496
321 7436
4097 5426
8297 8333
5074 5952
5321 5791
1543 2034
841 3810
2068 4565
3737 6014
2029 7525
1855 4518
5077 6141
6720 8108
978 4479
423 5269
4692 8348
5668 6864
5505 7561
3294 3916
4340 7554
6336 7766
572 3382
3918 4774
3791 4879
5861 6287
1468 7110
397 7003
373 7008
2586 4803
3503 8083
1842 6674
5383 7635
2185 5078
495 6963
1421 1972
1236 4677
4248 4664
927 3786
1837 4622
2114 6238
5322 5943
2403 4651
2890 4173
3772 6298
1233 7916
6703 7133
3205 4778
552 7961
3868 5539
3140 4686
3577 7122
5468 7505
371 787
2177 6907
2927 7327
1104 6240
1581 5543
122 1055
234 4614
186 911
2330 6977
137 483
2461 2798
3458 4256
3025 7096
2617 5362
2269 3138
1137 6362
1447 3954
4506 5552
3821 4562
115 7925
1249 6998
960 3618
5107 6584
2216 3221
5119 6799
3149 4169
3497 6872
2402 2670
1564 1775
429 3543
1762 6536
1035 8262
7398 8203
1291 5835
6747 7099
2238 6246
6745 8316
2980 5935
3360 7502
69 2259
558 1934
4132 7027
6282 7473
40 4928
3154 3473
2100 7545
823 1483
1362 2405
2979 7577
3213 4521
634 3486
3846 5054
323 1023
4017 4125
393 4984
93 5459
3398 5757
3680 8129
1395 7182
4034 5156
714 5955
1020 8387
1148 1602
3215 7229
74 6622
4059 8045
214 7718
4590 5066
1276 6237
2940 3263
4222 8136
5034 7004
3430 4221
486 605
891 1782
2459 2503
2343 5648
5060 7546
163 4293
4195 4999
4679 7736
1648 4156
187 8025
1446 5233
3629 6197
5905 6073
3574 7666
296 7399
1604 5994
435 6031
6309 6922
209 7819
1563 8033
1611 6982
110 8292
266 6319
86 8383
3110 7412
3767 6931
7999 8198
4317 7712
415 440
3537 5804
4502 7240
963 7344
2655 7165
0 7752
3842 5057
2141 5477
1382 4146
1995 3566
1812 7987
3724 4930
448 5223
4727 6342
870 5880
2185 5444
4039 7882
3571 3828
3266 5424
4651 5617
259 6292
6094 6823
2311 5536
6886 7693
1470 2045
3197 6177
5142 5244
3051 7577
2052 5629
3539 4501
1991 4079
2365 3176
1952 2028
7689 8115
4150 4862
1740 7297
1966 6123
608 7439
38 3922
353 2733
6763 7568
2250 5695
2802 4043
124 279
6299 7589
868 2280
2501 7829
2242 6119
885 4895
104 5125
3010 7636
2467 5410
148 772
902 8281
1466 4802
3127 6727
770 2659
3423 6809
2702 7368
1003 6898
5801 8030
5280 7902
2388 4002
810 7601
2436 7996
2508 3717
1377 3450
607 2668
2905 3304
1763 6396
5834 5911
5558 8204
1006 8383
471 2641
5212 7934
4205 6445
2128 7296
1197 4716
1636 5876
2559 5920
3896 8365
5125 5365
4027 4476
6 5269
7013 7299
4198 4199
5499 6559
4050 4945
3130 6843
2125 6277
720 6531
1333 8321
2035 3360
2685 6588
2445 3830
2316 5611
1423 7723
4150 8130
4948 7514
2178 2364
3300 4234
1302 3026
5750 7935
6908 7646
7305 8405
6570 8230
512 3854
634 1615
769 8293
1639 5885
2835 6690
5291 5293
3021 7647
1004 5113
705 7715
6595 8254
8270 8290
7053 7203
612 913
4341 7252
1031 2831
7258 7506
1448 4983
2983 8169
4886 7957
1942 4844
496 7188
1595 7633
5053 6478
2771 3104
455 459
811 1531
391 6829
4003 5294
4324 6310
1370 5035
270 2936
340 5322
2055 6178
3015 6285
4434 6158
628 7553
4411 6280
659 4223
2869 6005
2829 6775
4333 7690
2646 2701
736 8121
1160 8333
727 3748
2035 5242
1541 2413
3059 4775
557 6018
1113 4425
5585 5813
6953 8184
333 1194
2102 7550
1486 6611
3307 6223
2510 7144
7442 7890
4670 7070
7420 7421
4466 5234
2246 4240
6340 7832
1733 4614
2664 6643
3272 5969
1351 3797
5577 6325
5659 7997
439 1320
1136 3823
2388 6888
5372 6274
4419 7268
3568 4892
613 2194
1954 7776
2356 4551
3995 7792
754 6489
6262 7959
3722 6289
332 1505
4996 5765
5052 7273
6273 8398
284 7044
5537 6399
4178 7043
1901 5683
1258 4363
1759 2071
1155 6824
6139 6371
3473 3683
3650 6085
845 2560
1026 3431
3734 5680
3093 4379
4224 7441
633 2289
1819 6367
1886 2208
3048 7057
3154 3892
5889 7460
460 4789
3803 6458
3619 8340
2134 3425
1454 4616
3730 4069
1353 6677
1430 2675
4215 5992
4676 5054
1072 1603
2084 6965
2018 8096
5151 7679
822 4844
578 3431
3466 5897
5362 7673
5289 6944
7268 8009
3867 4646
716 2265
459 6095
4053 8221
6232 8287
6468 7980
3119 5568
573 6613
2431 5282
3554 7809
1254 7493
186 4755
1010 4172
823 4198
2728 4920
4468 7407
6721 7424
2427 6132
5849 7148
3387 4383
226 7524
832 3103
377 6130
1647 1862
3846 3851
4742 8252
3350 6805
1634 2995
3752 6562
6397 8080
321 4095
2194 8193
2820 5323
768 2968
1025 3527
4120 5579
870 3254
2772 6259
3158 5902
7218 7609
2435 7380
4651 5501
2072 3665
2038 4680
889 7160
7024 8227
2785 2949
