7355
5346 1023
42 0
4218 6688
3319 6393
1629 3946
3374 5815
1035 5028
1249 5529
6886 7029
2586 6456
2289 3725
3568 6361
642 3570
1747 2295
2240 4996
1734 7195
877 4604
805 3880
2261 4429
2850 4495
4309 6904
329 5149
5315 5975
2847 3049
2685 5929
455 7188
4824 6637
3764 6013
6776 7056
2771 4381
2820 6855
985 2873
2082 7187
1436 1830
1170 6074
1263 3800
733 4293
1942 7201
743 3887
2189 3903
1446 4140
2419 5666
2467 4853
203 7334
4962 7166
3597 5280
37 801
5723 6197
2089 5319
280 5788
328 1785
4798 5092
2614 3847
1043 1308
909 4048
3024 3631
862 2556
2141 7316
2376 4037
434 2087
3093 3473
775 6819
2130 5699
824 5389
1398 4123
5504 6154
2261 5403
5491 5737
1516 3336
1096 3175
2460 6955
3255 3601
2873 4392
4753 6771
111 2912
866 2856
735 7242
4546 7088
2135 3546
896 6300
3268 5171
1659 3475
2139 5246
4353 5973
2232 4935
4303 4963
395 2672
1616 2108
1077 1916
4374 4455
4549 6446
1119 5160
2551 5131
2029 4581
2472 4067
283 1200
360 2864
1367 5593
1872 2019
5122 5299
4360 6063
309 838
3110 5418
3277 3707
3291 3504
1525 5635
1062 6142
3160 7002
1853 3446
1145 6605
1148 1821
2915 3817
4777 5505
1603 3012
5211 5455
2277 2467
2195 5846
448 7116
1182 2039
632 5282
3986 6839
704 1247
1880 2501
2586 4489
2888 3497
3387 6534
4018 6771
3044 3160
2695 4971
647 1225
120 6607
3414 5162
463 3578
1353 6589
231 1212
1492 4993
5794 6767
985 6764
213 2746
534 1275
1639 3516
5101 5731
860 1617
1135 3892
1436 3488
200 5480
2750 2912
4985 6784
421 3429
6063 6641
785 6045
2625 4733
170 6703
3641 5899
2500 6018
2492 6646
2688 3742
1619 3997
3388 6476
5052 5618
3574 4815
2048 3006
1800 2602
329 5537
3609 7086
844 3299
2536 4477
167 5036
2119 7088
2648 6961
4123 7015
2245 5155
4580 5553
4002 5855
3741 7354
2585 6062
3806 5995
6410 6763
2784 3029
4333 7245
2579 4512
4222 5175
864 6793
3454 3964
3860 5417
64 2842
3098 5878
3742 6339
6897 7117
4617 6200
2806 3808
2638 5794
4777 6329
4859 5656
4933 6132
847 2047
2425 2957
3999 6161
1019 4897
1435 2099
2921 5670
3581 4227
119 5771
894 3147
2750 4575
5619 5949
466 4496
664 4473
308 3607
1969 5993
4046 4432
2354 2655
6593 6956
711 7320
820 1812
3175 6716
875 7108
681 1785
2929 5804
1961 6541
630 1020
3916 5089
1468 5795
2766 5700
3592 7252
6310 6429
4786 6370
738 1121
3951 4208
3233 6162
17 4719
1546 2135
1812 6569
2475 4462
1904 4892
5705 7274
1220 4999
3499 6295
3941 5097
1575 3007
5373 6150
3102 3293
560 6167
1040 5818
257 4571
1774 5120
1956 4706
2598 2754
1827 6965
3615 4464
342 3211
1842 6957
4207 5164
1835 4905
88 7006
274 6384
1730 3531
979 2474
1635 1648
4886 5610
8 1373
3840 6045
5648 6544
1376 7301
740 1856
4316 4923
4310 5994
1053 6089
1735 3081
4759 5124
2189 6040
6133 6520
5351 6710
2693 5371
1577 4792
6320 6894
3783 6128
257 5924
6840 7035
1091 6125
1099 1106
3320 4849
4664 6420
940 6701
1547 3866
3223 6514
251 620
3705 6457
409 2156
4548 5950
1185 1404
136 2005
1552 2005
552 5148
5712 6356
1651 6236
3556 6769
5032 6843
1776 1965
3798 5204
514 1421
2698 2821
2600 4907
2064 7040
3631 5257
5699 6690
1265 6868
1359 3463
5347 6075
2909 4922
3906 4620
2291 6375
107 5623
4752 6014
5017 7275
1941 5250
152 3260
3545 5567
201 444
3441 5730
3764 5059
3240 7211
396 4157
885 4618
625 1166
1433 4863
3642 4854
5948 6882
2725 3024
6616 7175
1916 5604
5445 6114
1972 6949
1881 5078
2074 3078
3997 5605
3519 6477
710 7270
2434 6432
3756 5362
3401 4757
3355 5433
2097 2790
4908 5472
1320 5027
5042 7319
1573 3691
3072 6285
1671 3215
5183 5603
6972 7351
2162 5465
558 2829
5309 7001
2683 2686
2694 3989
1455 5700
657 3947
2764 4010
3201 4595
3632 5940
3658 6724
1119 5731
552 4007
890 4969
3119 6484
3804 4216
2473 3542
2214 5509
3764 4675
4737 5397
1014 5066
4672 7024
515 6846
5064 5430
202 1009
5966 5999
357 4733
1353 6029
7007 7208
520 4041
124 4875
2645 6681
2616 3671
3336 4198
6722 7268
3518 7216
1082 6202
3051 6341
4780 7276
1239 2937
2535 7182
712 5084
3395 3854
2149 5654
1410 6307
1164 5766
354 5455
736 1913
1651 3651
1519 2922
859 2702
476 6041
2108 3583
2270 3062
4082 6438
1930 6128
2392 6801
1222 2104
4720 5570
3342 6238
1423 2607
3958 4384
1251 6137
954 6673
115 624
5126 5859
2759 3688
1658 3205
2951 7028
1911 6003
3028 5480
2686 4927
3313 4062
837 3864
4994 6899
3758 5949
3596 7096
1766 4697
1304 6073
627 3222
623 3961
1884 5580
2195 4808
4895 6409
3476 6602
3929 5420
2941 6312
1081 1807
3611 6829
3772 7213
139 7064
6295 7022
680 3260
5344 6398
2501 6148
1936 3492
1624 3670
3201 3236
2843 3284
5824 6850
2718 6065
2289 2681
3416 5301
1902 2601
693 5877
3972 5497
6586 7165
4278 6998
150 6971
1693 3571
4256 6866
844 1895
933 6696
4504 6034
670 3240
3305 3906
2170 3045
4178 5677
4660 5282
3517 6214
1599 5105
1922 3136
4007 6224
3904 6193
4911 6491
64 2636
5544 6550
4061 4293
892 1499
5100 6109
429 2976
6368 6705
206 2073
2124 4845
3431 6287
3752 3918
2487 6720
1291 5173
2773 6192
3145 6179
59 5427
3426 3947
460 1462
723 6790
1633 5310
1982 6578
1385 2093
1964 5968
3208 7186
243 3257
2232 5705
4335 5988
6145 6655
1752 6175
3103 5237
2258 3656
1115 1343
1121 1989
944 3929
2642 3980
2362 3826
617 2113
1468 5094
2744 5642
5342 7148
6524 6902
3138 3938
2683 7027
5535 6077
3341 4819
1508 3950
1302 3165
661 979
311 2299
6632 6938
1440 4682
1478 7085
5879 6248
659 2663
2283 4246
1067 7322
1299 4437
390 6479
3804 4465
3557 6486
2112 2148
3377 7235
3556 6936
1819 4452
5129 5727
3945 7033
1642 4618
106 1462
1010 4178
1150 5156
5317 6442
76 683
5343 6118
1107 1523
3559 4456
4778 6477
2996 7319
1371 6535
2569 6672
748 2748
2018 6449
2476 3177
4047 7146
1015 3651
610 4248
519 684
2735 5306
4858 6908
6352 6704
122 6619
795 2770
462 4786
1974 4312
599 4451
1027 2241
1603 4832
737 6250
1259 1429
975 6323
2977 3466
1594 5674
3148 5647
4896 5739
2748 3625
5248 5373
3589 6723
1445 4911
3397 3645
777 5337
3416 4949
786 4003
3682 5781
1873 3999
5880 6525
2354 2956
705 6343
709 5831
144 2459
1113 4207
3035 5285
1477 4487
2246 6643
2657 3622
3684 5142
2662 6500
3465 7193
984 1250
4402 4984
546 4091
2230 3683
2584 5358
5492 5694
741 5052
1539 4786
7168 7291
4373 6359
1158 2999
2285 3397
818 1194
6085 6453
3936 6082
6193 7248
821 4713
3482 6584
3863 6266
1244 5544
2220 5770
1585 2329
3294 4409
519 4700
4972 6411
40 2825
1688 2953
987 5023
3413 3781
1726 7259
7068 7163
1246 5724
377 2936
1652 4602
2486 7240
2388 5999
336 4760
1500 6933
854 1379
2678 3494
862 2167
2553 6786
5095 5667
454 4317
2920 6597
2813 5028
3262 6590
402 4536
4928 7310
2083 3495
5123 6926
3183 3692
4287 6043
4878 6219
3189 6698
4229 6611
2869 4118
1553 4573
1049 6911
2267 6861
1712 6954
451 975
106 5715
6265 7043
1016 3742
2864 5212
3896 7346
4452 4964
3803 7027
2653 6303
2658 4312
7042 7059
2092 2852
5104 6746
3520 3967
2410 6212
3271 7198
6361 7062
3532 6338
310 3501
2265 3814
2271 5899
1286 3813
2495 7122
2306 3279
929 4909
4550 6016
507 846
1430 1439
279 7150
3909 4552
3537 5413
640 5474
845 1662
302 7115
4302 4430
1653 1868
2997 4290
737 5976
2807 4905
3027 3710
340 4943
2070 4638
495 6640
3681 5533
350 3734
314 5689
1904 4604
1143 6662
2792 3546
1615 5382
332 3689
667 2265
1982 4423
4869 6473
3883 6472
4901 5163
5123 5767
2251 4474
4995 5964
362 2950
1836 3802
799 6765
611 4347
287 2040
3650 6274
4135 5860
2127 3761
2898 3827
1863 4380
1171 5817
1262 5206
2324 6214
4128 5270
5735 6357
3461 6688
3461 6460
2474 4166
1572 6144
2205 3255
2173 5888
4155 5939
1743 2955
654 3541
3623 5600
5791 6058
1465 6362
2100 3408
1907 5602
2580 6867
2550 3896
2899 5780
1290 4710
4817 4858
1366 5068
2089 6684
912 6685
753 6814
1758 3326
1828 6933
2369 3500
1647 4798
1318 3437
3463 6481
608 5776
1684 3485
4749 4888
3544 6046
1394 5968
3006 3536
5984 6295
3267 6678
4486 5503
5285 5635
555 3023
4354 6001
3299 6744
2180 5128
3967 4812
753 906
1208 3394
1937 7167
2982 6952
2562 3619
1101 4704
5327 5364
1723 2068
3963 7029
2012 7162
1610 6888
729 5489
3565 3992
412 660
483 6268
861 6425
2322 7132
5929 6741
2763 3962
1567 5968
4439 6277
585 2142
1243 4124
2731 5160
727 955
5564 7218
3069 7266
955 6817
2040 5035
75 436
579 3045
1239 2037
4735 5398
2107 3014
1705 4599
2220 4858
532 806
4075 6161
286 6588
1436 5198
719 1603
242 6336
2573 5935
1919 2558
4547 6017
397 907
4508 6795
1052 1354
2833 4035
2958 3960
6232 7195
1032 3780
4148 7278
1180 5039
5819 7009
240 2287
2292 2684
1207 2672
2263 5838
4352 6721
1793 3072
1781 5251
1456 6453
5386 6691
1188 6680
4961 6251
879 3032
565 1909
4576 5892
385 7181
1769 6084
506 4886
156 3085
2147 7024
4709 5376
1667 3842
5865 6928
4654 7180
151 6376
3948 4410
4407 4457
411 3187
3242 6162
3768 5332
4392 4697
5041 7107
1752 4918
5396 6166
75 6671
1857 6397
443 6479
1656 2309
1226 3900
1185 5013
2353 3505
3068 5880
511 1781
3002 4347
916 6398
2036 3528
6639 6784
3655 7080
3107 4950
4483 5225
2337 5572
1294 3545
2320 4172
1718 2034
4720 5974
3873 5376
5668 6691
686 2270
5370 6201
3038 5488
4981 5033
4282 6992
4044 6403
346 5885
276 6844
2602 4159
868 3772
4301 6702
1222 1405
4689 5936
1799 6950
877 2204
7164 7349
1068 5565
5475 5654
1684 4069
1434 3892
9 3934
1537 6742
494 766
2264 2559
1886 3278
2438 5316
1953 5662
338 1351
2496 2761
1704 4000
292 1092
4914 6095
667 4158
3558 5775
869 4582
269 4649
4319 6745
4772 6717
2699 5905
429 6948
2141 3985
3011 5174
43 6532
3517 6138
32 780
4745 6010
1672 2801
1329 1550
2593 7026
3396 5571
5484 5991
4826 5896
5051 7086
1534 3914
1017 2004
45 4110
3213 5509
1370 6053
882 5441
5354 6160
564 3402
1915 3192
2484 3655
848 6009
5650 6105
1212 6402
2862 5753
357 2872
373 4937
3047 7042
3789 6978
1460 5660
1170 1393
1014 6504
1195 2353
104 6619
4021 6796
127 3062
2870 5856
1587 4502
5143 7155
2 5858
3362 4731
2473 4568
6218 6432
5160 5468
2332 4815
39 2983
3837 7111
4552 5764
1995 4850
1428 4258
1582 6515
1465 3898
1386 1843
3212 3974
1090 2696
2900 7181
979 5513
5342 5915
342 5859
135 1845
3580 6051
3802 6105
1848 5075
2899 4904
1177 1917
162 5060
2802 7208
3464 5879
5832 5945
6572 7095
644 5340
1358 1362
152 3930
596 4642
754 1964
1416 4621
3368 3752
4468 4813
1491 2816
1881 5425
3396 5873
322 1539
3889 6424
5063 5677
5078 6941
2892 5351
262 6005
218 523
1323 4326
6566 6654
648 5729
3751 6834
2090 6666
2579 6956
3232 4673
3427 6365
3341 5664
2417 6752
14 1060
2976 6886
201 657
608 4417
2741 5794
2752 2988
2776 4636
2449 6520
4521 5323
5681 6521
1796 4922
472 7220
3301 4819
661 6615
5155 7052
3639 5007
2212 2498
2792 4308
1755 2869
5953 6657
2873 6679
5746 5877
3195 4033
1002 2792
4777 6994
2666 4847
4632 6256
2905 6397
4354 5917
3689 5183
1829 5471
3522 5234
185 3971
2262 4234
626 1199
4004 7161
1652 5625
415 939
1568 3326
1730 6130
2606 5695
768 6696
1510 5927
5438 5586
981 6467
5312 5923
5928 6506
3066 5709
4903 6099
3244 4418
3874 5159
1165 4551
5998 7179
1580 1666
2251 4973
190 6132
148 3308
75 5510
724 2900
2724 4344
915 6739
4870 6003
2929 6406
5167 6560
765 1769
4275 5988
3482 5274
830 1368
1526 4933
1013 5613
2914 5517
1369 5213
6160 7341
6107 6279
1277 5651
4893 6389
384 3280
2159 7176
3691 6085
810 4191
2465 4822
2788 4602
1423 4998
2916 4039
1458 5655
2814 4113
1312 5808
2942 5275
550 4498
950 6681
2568 6314
112 6383
638 5377
2503 6019
3415 4468
4443 6526
676 990
1847 4651
5012 5507
2792 3043
969 3000
2806 3428
4889 6645
236 2160
1505 3936
2146 2946
1259 2875
474 5790
2444 6937
1035 2323
1033 3216
835 1344
817 7052
3676 4322
2607 5956
2451 6953
1139 7125
2912 6340
5120 7324
2304 6544
4055 6782
1935 2686
738 3373
556 1372
43 1923
2797 6792
702 4428
2392 3172
5116 5161
4633 5196
1064 6620
318 6897
717 2424
4255 6955
445 3858
1329 4396
304 7241
5975 7066
3598 4267
3003 4389
1110 4691
3907 5800
255 5366
696 6984
2359 4747
3759 6581
1024 2750
921 3586
2588 3403
1494 5295
1219 3760
624 4408
91 1224
3173 3510
171 2189
2616 3604
2763 5355
1567 6633
3105 4279
2831 6387
6527 7099
3657 7311
822 4944
296 7003
721 4058
4230 6756
92 2257
2856 5675
996 5745
2733 4539
3386 5830
2442 4979
4450 6606
1803 7338
1589 3262
1420 5550
2922 5074
5429 5531
4895 6939
1799 3215
1518 3411
4237 4415
3132 4835
4208 4864
3644 4410
3629 5890
2985 5088
2591 4801
4203 6381
4196 5230
14 4467
164 5636
4156 6358
4945 6733
2184 3726
3522 5498
516 4139
182 2642
5255 7250
3256 6751
131 5663
1850 6293
1548 2495
4022 6934
236 4045
416 6813
4238 6190
1430 6975
3214 6155
579 4082
399 842
678 3714
1339 7156
1598 6728
2257 6784
4844 5435
726 4045
755 6431
5243 5424
5740 5914
293 4308
1700 2196
5215 6052
2642 6863
5869 6148
2575 6022
5316 6637
1115 3507
614 728
3181 7090
5113 5946
1756 4593
4888 5125
4210 4695
1607 4282
4459 6555
4385 5195
1360 5753
6646 7006
4951 5147
2489 5739
3497 3553
1532 6389
1589 3845
2263 6241
1409 6767
2544 2756
1151 3242
1122 3790
2791 3442
2609 6095
521 679
3152 6357
917 5575
1688 4156
1392 6331
3359 6585
3512 5385
422 6172
517 2588
211 7171
1154 3560
3535 6249
4220 7314
718 6170
2534 7269
2746 5130
4110 6480
1184 4045
677 953
3322 4235
2462 3330
235 6595
2140 4800
472 5095
5124 6623
4958 6547
972 5079
685 5691
1410 4779
996 3799
3205 7017
2943 6173
709 4866
2167 2701
2746 4682
2785 3330
4907 6191
2691 6763
734 4318
1055 2619
1109 2943
1147 5566
684 3010
4168 4184
184 5484
1861 2109
1326 2812
2100 6480
1574 2877
3878 6131
2224 3991
2589 7018
2861 3983
502 4520
514 6548
4084 6878
1361 6365
2028 6821
815 871
1927 6363
1611 2098
2041 5677
1578 2542
5287 6989
3995 4799
997 2651
2987 3548
799 3675
6516 6670
495 2692
639 1063
2659 5694
2478 3237
1047 1528
5020 6648
2813 5513
5671 6860
2622 4472
4171 6293
25 2737
2347 6491
3115 6461
513 6338
3866 7135
3874 4719
2577 3603
2183 4215
6297 7063
3070 4688
5414 6494
4664 6264
5596 5921
95 3875
102 762
1894 2704
2126 4375
5783 6472
3074 4645
808 4014
1609 3630
3601 5952
5381 6703
3107 3731
4354 6106
2096 6783
1789 6998
3139 5981
3329 4278
2006 5382
5417 5669
450 5455
813 7114
2518 3076
3956 7124
1029 6928
1204 6985
1666 5886
1071 5772
241 868
313 3472
3117 3944
829 2673
1332 3600
726 7020
454 7273
806 6783
1910 4584
25 3893
6286 7302
1357 5252
254 3490
3797 5321
1229 6185
2993 4176
3034 6619
860 3664
285 4726
413 1916
1269 7262
522 4177
3249 5607
4806 6673
3219 3578
2307 4067
5164 5434
3090 4522
2970 5748
4027 4725
3723 5620
6497 6997
692 6126
4840 6602
1492 1968
518 6557
479 3618
4075 6241
2268 6407
4502 6390
3850 7012
1713 5628
1259 1664
2929 6643
953 2080
4787 7267
3713 3926
2796 3932
2713 5673
5826 6299
5198 5520
1558 5960
596 4500
781 3911
549 1442
1343 2326
2886 6656
1159 5393
4356 5374
5732 5940
3945 4087
3485 4146
1682 4049
881 5001
3263 6091
6353 7266
6764 6887
598 1819
665 707
2639 2753
789 2277
1125 2415
2891 6918
3379 5459
2555 5382
588 7190
1826 4676
1764 2110
3994 6368
2162 2252
1815 4637
4140 5856
3480 5127
823 7353
3640 6830
4164 5762
41 5960
1254 5725
3679 3841
2209 4997
4538 5598
1667 4709
4439 4667
4217 7197
513 6153
510 6581
635 6091
5053 5426
97 3283
2030 3166
1455 7326
6409 6738
2743 6390
4294 6448
4698 6234
3457 5657
700 1638
3982 7157
5020 5751
2605 4147
1465 3143
3060 5099
2347 4666
2274 4023
6865 7007
1468 3558
2331 3824
344 1283
667 1795
1178 2233
755 4970
4590 5593
4152 7098
3453 7209
4441 5779
5612 6701
3715 4514
48 1862
2779 4505
2207 6958
999 1350
1368 7289
1352 7178
2833 4671
2865 6988
3769 7073
3275 6440
365 2085
1310 2723
5641 6198
1580 6149
2543 3913
6465 6741
6503 6616
4534 4809
3414 5808
4030 7152
1349 3225
923 2581
2429 3433
759 5782
2800 3858
3639 3765
4547 7028
1432 2703
3188 4624
2123 4609
2553 7000
1791 2687
1656 3009
586 4187
2011 3407
3493 4812
1654 1947
1066 2890
6678 7295
4032 5817
3276 6112
3330 5761
2499 4736
2734 3987
5359 5617
3336 4856
5101 5510
2655 3746
479 1287
5750 6117
1271 4363
2628 3431
249 4919
5702 5760
3265 5449
5288 5533
1144 5530
3200 5729
799 4883
4208 6811
258 1746
47 4078
2531 5686
2278 2471
3655 3967
1217 6322
4484 5852
1015 2640
941 2377
312 841
2238 5444
1182 3453
5306 5327
4365 4565
3808 6713
2221 3932
2064 5333
1592 2306
2596 3161
4473 6399
3785 6986
4938 6012
626 2538
2191 6994
320 4305
3075 3415
2835 5394
673 6122
1899 4643
839 5499
4561 7079
2977 3366
479 5313
3340 5943
714 2146
3087 7272
797 4487
5268 6993
1157 5833
618 3583
2316 2975
3970 5861
3820 4150
2333 4843
1312 4306
4887 6120
5926 6156
5850 6123
2797 6971
647 5098
4013 6193
1874 2145
5540 5621
97 2666
4904 6677
3673 3813
3040 5876
3950 5564
1953 5026
527 5237
1612 4635
903 6779
2116 6317
4722 5227
2038 2620
5973 6286
4166 6404
2094 6618
25 2927
1840 4867
309 5203
2829 5761
317 3908
1515 2691
1821 3634
6225 6510
2598 3835
2455 6845
4281 7005
5797 6513
4967 6602
771 1133
723 5816
5298 6717
2955 4559
4834 6266
266 3270
1269 2414
3138 6395
16 2529
506 4323
1787 6563
56 827
36 7196
6485 6616
3311 3766
1463 4168
1508 5883
4179 4306
1677 4977
4981 7047
223 2355
451 6556
4040 6968
316 1413
3443 4622
6050 7227
2626 6804
587 4393
1380 2786
1821 2567
2457 6373
5757 6263
1295 4284
2863 3086
2834 4214
3174 3809
2376 6743
1487 5226
1370 5292
971 4940
5086 6809
4172 5593
164 6870
3762 3854
1885 2402
3669 6453
2270 5011
69 4607
456 2686
2266 5260
1332 1871
162 6747
4072 4542
1892 3709
2874 3970
228 1339
5426 6719
2282 5232
3015 4785
4920 5049
268 6119
4901 5977
3241 7288
1750 2633
1003 6253
4069 6447
3918 4019
3487 5080
4951 5846
6369 6546
2030 2908
2824 5466
4527 4724
4330 7242
2904 6711
4695 5005
2707 6111
832 2533
231 977
4818 5471
1695 6635
4198 4631
808 3336
2795 7162
4362 5047
624 4520
4481 5202
5349 5960
5228 5467
3161 7342
6385 7199
1379 1453
1741 6163
4848 5338
4542 6927
253 901
112 4648
3172 4245
2213 5985
4012 4455
1804 4875
366 661
4129 6351
3269 6761
5558 7179
4990 5888
4670 4738
130 4712
1229 1283
1115 2162
1188 3359
1402 5435
1658 7093
368 1008
3454 3478
6240 6422
810 6247
374 3127
2664 3809
1830 2399
921 5555
4457 7013
601 6696
2114 3231
637 2015
1353 4903
4311 5755
2175 3450
2259 5326
1324 5354
1308 5411
4731 5106
1346 3809
2314 3129
224 3108
872 3814
5991 6721
3396 6412
1592 3841
900 3596
3210 4873
54 7201
4574 6754
2435 5841
3998 4889
4055 5885
540 6094
1056 6626
4272 4667
78 5796
69 1428
3170 3882
564 2463
3940 5993
6810 7020
1061 7208
2647 4323
3304 5877
4558 5574
791 1100
3646 3657
4270 6494
810 4833
3158 4843
1065 3436
1620 5720
2998 4241
1555 3564
787 6405
4118 4285
2244 5415
1262 2286
15 6958
3556 4966
5725 7109
2392 3196
2780 4960
1517 2896
652 6509
238 2172
319 7259
3952 4761
2204 6152
4678 5023
379 1880
6211 7283
2822 3600
2487 5942
1062 2325
261 2676
220 5875
2073 6037
4454 7254
2817 6143
3551 3842
1476 6660
4274 6017
6310 7108
119 5382
904 2735
2397 3667
775 2177
598 6939
5688 5694
980 5811
1308 2152
1001 3791
1554 4301
2333 5832
4192 5893
4188 4449
20 2378
377 6896
3764 4986
5223 5523
4250 5285
692 3184
2691 5758
2858 6742
589 5799
5003 5179
956 2269
2986 4085
3946 5253
2120 6115
5785 5965
3264 3550
3287 3856
3167 6465
249 3921
1228 4054
2639 6302
3438 5398
2811 4419
1487 4131
919 2298
2485 5388
3528 5150
3118 3798
1253 5121
1110 4418
6359 7236
382 3325
6190 6687
771 3653
2187 5279
6911 7134
2537 5744
2647 3336
1221 2543
2328 3395
2234 5990
1094 1532
3209 5572
1023 5539
760 4000
5150 5920
310 6667
2091 2978
921 4219
1232 6918
2343 5555
977 4257
1203 6215
134 2610
1637 3439
5246 5915
5256 7259
1319 6216
1593 6640
5241 5717
793 2448
180 1512
2056 6014
704 3199
4511 5049
4630 7061
487 6401
5307 6554
80 2667
519 5329
2488 3793
2079 4167
4855 6896
60 3274
3915 6344
1467 6006
657 2254
4151 5730
1316 5139
5653 7085
1935 5510
992 2642
3391 4908
3972 4057
3042 7144
623 1949
2297 3145
1835 2316
3670 6943
1241 4128
348 3598
4717 5168
952 6353
2013 6036
1143 4744
6478 6689
1732 4403
2235 5818
5549 6421
550 5606
1295 3424
4660 6537
1786 6862
65 6439
2512 6567
3154 3221
4350 5291
1075 4568
196 2765
1104 5581
1174 4467
3384 6942
780 4868
699 5739
2364 6249
1993 4491
2357 3572
1381 4019
1330 4592
2310 2900
1783 2478
2240 5663
3570 3812
4891 6130
6543 7309
1757 6980
1009 5823
319 6335
778 973
1621 4240
4736 7124
2849 5054
3832 6259
2491 7190
52 6473
2842 4136
2046 5069
3904 6311
93 3068
6261 7030
4712 5894
5911 6076
2114 5825
1977 5645
1376 1794
2530 3071
22 4245
4555 5777
1383 2553
2590 6490
507 1490
6098 6805
1309 5328
1339 3890
5457 5914
321 3715
625 2786
150 1698
6293 7334
1411 5042
2117 4319
1658 3938
1084 3210
2428 5145
4335 6287
2537 3608
933 5950
7111 7137
33 1616
2168 6076
3191 7292
2367 2897
2973 6816
3931 5703
1881 5016
435 1709
2042 3223
1849 4534
4446 5591
978 4891
4813 6194
1650 6847
6892 7112
5102 6113
5139 5843
4692 5293
1228 1953
1589 2199
2575 2991
1683 5525
1083 6107
3638 4538
477 3613
4509 6842
2106 2151
2238 6616
5726 6697
982 1327
278 6035
3316 3368
279 6342
4690 5154
2948 6714
4415 4447
3878 5798
1991 3647
4310 4841
475 1561
3416 6566
1155 4316
1069 5700
1697 3400
5522 6962
4530 6013
179 1485
69 5531
2266 6070
1395 3134
3360 5629
1774 3920
4485 5533
1213 7159
2778 5985
1431 3523
11 1240
2037 2483
2200 6448
1097 2288
1045 1088
3718 5873
195 5136
718 6822
870 5436
1292 4183
653 3013
2098 2222
2402 5128
414 5123
1056 5853
5366 5884
1971 5621
4730 7040
1062 6124
2351 6968
2401 6244
786 5077
330 1727
2804 7173
4551 6056
4012 6725
941 2172
4261 4814
325 1048
226 6809
1793 5633
1177 4363
4662 6621
2305 7121
3177 3382
2150 5324
429 4492
3117 6206
2389 5992
1987 7107
3228 4030
993 4031
3352 5861
948 7141
1513 7200
2091 4156
6717 6958
2968 7280
1281 5004
5905 6456
7006 7183
840 5426
995 5071
2541 4449
2648 6380
1746 6304
5132 5616
1931 7287
2446 3129
1731 3972
4415 6504
2167 3927
858 1672
994 6507
3258 3916
4067 6589
1400 7158
6613 6614
173 4264
3464 4692
2894 6932
4397 5541
772 3827
3099 3929
1169 2247
1302 4890
3400 3430
2712 4776
565 2896
2747 2835
3678 6642
1570 2695
3466 4277
3292 6101
3272 7036
5153 5361
3544 3748
3314 4823
39 5546
260 2768
4829 5058
596 3390
2782 5922
304 4337
1238 2575
1900 2027
3071 5210
1391 6181
5969 6414
70 1429
1818 6507
559 941
5569 6795
5472 5813
2939 3677
474 2669
187 2787
77 7087
836 3836
4690 5794
3756 4925
2331 3108
1 4339
2220 5974
5881 6833
1667 3254
1250 5123
3861 5167
1407 2070
2160 4289
2451 6479
59 4017
2045 2803
675 6029
2302 3399
459 7352
1986 3436
4089 7305
2998 6776
1123 3139
141 4926
3017 4002
4158 5201
1288 5491
1438 2409
764 4522
1100 5819
3053 6950
143 7016
2221 4324
2839 7344
3342 3872
1207 6806
170 1689
3775 4699
432 6300
2044 6478
4300 4316
2532 5489
1955 2852
2348 5189
1655 5236
835 6070
577 4621
3030 5745
1274 1627
1812 4602
722 5065
1636 6473
3949 7030
928 5683
755 6200
92 1276
27 1109
811 6296
2074 3557
221 2123
4922 5059
280 496
2709 6411
4874 7069
639 4979
2144 7131
3077 7091
4792 6343
1302 2937
3572 3596
1936 6489
2881 3620
7055 7083
3019 5813
1236 6205
1834 3119
2567 6854
831 1061
1628 5307
384 7345
1675 2617
1305 2129
3753 6493
3009 5845
4481 7346
1674 3785
313 3939
5287 6382
6708 6773
1760 4663
1095 3126
1813 2450
2914 3659
995 4174
110 4763
2776 5134
5090 7305
263 834
6161 6570
4902 6078
63 4646
1387 5789
3108 7092
3729 4715
997 2301
5766 6275
5339 5972
4781 6371
545 1572
3813 5264
3727 4605
4159 5887
1878 2561
2614 4292
6820 7242
1767 5244
2906 3654
177 2911
4344 6434
786 2867
4957 5286
1437 6952
606 2966
2273 3033
1002 6898
4414 4564
2710 6065
1118 4412
5080 5511
1316 4005
4699 5008
1646 3306
1774 2035
573 3507
4175 5909
212 6439
1384 3180
376 1700
1941 2507
4047 7143
646 5023
739 1717
1266 3231
4684 5930
1023 3634
1518 3694
1831 5394
541 5708
2924 6469
296 1189
4309 4314
2330 3794
3782 7116
2055 5401
779 2423
2554 6955
859 5784
5899 6815
2259 3890
3270 6271
360 7344
3524 5050
1920 3156
1936 7019
5584 7258
3092 6034
728 1757
1042 4801
928 6072
5548 6907
1626 4223
2665 7240
4854 6687
485 2681
691 1217
2563 5029
2512 4455
3617 5278
5518 5752
1645 7022
1889 3593
3860 6911
1873 3845
4108 6771
2043 7003
90 5590
4224 4606
696 5563
3561 6639
1668 3857
66 6785
3247 6368
4077 7327
3068 6628
3080 6166
4101 5962
1630 3871
2149 7295
409 4474
899 5878
2730 6761
160 966
1356 2961
3094 3181
3988 7270
2480 5320
1501 1513
4254 6510
1114 2196
420 4596
5804 7330
1210 5727
4942 5041
2193 5933
160 2027
5001 5945
33 5557
669 913
1004 7320
569 1433
297 5621
1738 3771
1231 6879
2184 2313
5190 6825
3099 6007
6527 7341
4924 5701
5727 6671
483 4194
4856 6512
3266 6981
770 5526
1899 3595
1997 5182
2380 6698
832 1486
4681 4865
2511 5236
957 6525
1649 5130
4132 5624
2049 6787
402 1260
973 2721
1712 5480
489 3017
698 4391
4036 6233
339 2585
4938 6278
2047 4443
2383 6181
7097 7179
2725 3636
5721 5821
4351 4797
2016 2834
1629 4977
729 6551
2416 5352
739 2478
2971 6433
616 3137
1798 7244
2292 3296
1722 2731
1620 6724
3036 3562
3856 5793
1073 5410
1751 4602
235 802
802 3630
3289 4747
3820 5261
281 2109
750 4091
320 5288
1473 2017
987 5840
1964 4395
1565 4383
5611 6737
4951 5951
3195 3937
5729 6691
133 2033
2106 4251
655 4193
2416 4342
1379 5306
936 2882
108 4449
4135 4705
1096 2396
109 7082
4086 4719
895 3783
233 6022
3606 5658
6675 6790
2054 4256
1957 4293
550 1797
1761 5434
1000 3512
2866 6057
4867 5777
3023 4917
3991 6153
6279 6577
2565 3030
2364 4993
2715 3898
6581 6905
209 3492
4313 6473
1562 2278
2711 7259
3038 4371
4060 4369
2178 6798
5877 5885
4 6768
1348 5797
4141 6302
3821 5501
3696 3809
863 4975
1565 5979
2544 4902
3146 3852
5500 5577
1103 1682
2932 6998
3395 6659
2709 3439
1552 4820
1758 7102
7133 7229
1118 4835
4138 5841
2021 2479
2597 3404
28 7330
7205 7343
2422 2674
784 5964
2555 5510
3206 6372
5987 6591
460 1924
5193 6729
1770 6186
4366 5081
708 2498
653 4081
2633 3502
281 1618
2736 3585
2403 4320
381 1369
3787 7129
1102 2837
4559 4786
79 826
3996 5670
6269 7276
1143 2278
244 5995
1086 5810
6377 6507
2163 4567
3525 5429
2366 6196
3793 5910
174 665
1238 6412
2781 4483
1680 4112
3047 3460
526 4557
3261 4947
1270 3529
4263 4509
5825 6872
4232 5450
2509 5350
956 3519
4656 6630
656 2037
4163 6364
3642 5896
1733 4433
843 3732
1137 3997
2693 4225
668 5692
3870 5935
5543 6778
3398 7071
3647 4323
2502 3305
2708 3039
429 3052
1297 3318
1186 1841
4846 6148
3661 3797
3665 5575
1568 7015
5473 6607
187 7122
2180 7269
352 5728
2941 6228
2683 4144
2171 7334
1448 4405
1112 3124
1443 1943
1696 5684
1607 2160
1700 2676
1628 6869
2752 3112
219 7222
5525 5882
801 1864
4956 5599
2671 7175
1193 7020
1889 3620
2610 4298
101 2964
6974 7035
29 547
6445 6662
633 3616
1934 2611
1974 3828
1249 1452
671 1825
2530 6955
1739 3202
1702 7217
6174 7031
3807 4490
876 6241
4288 4338
2053 3992
5770 6636
1845 6205
954 4476
4821 7229
5914 6767
367 831
2918 3471
3560 6922
2576 4701
142 4674
1220 1753
3851 7081
4721 4989
6338 6405
194 5119
529 1816
3521 6664
1870 6557
5507 7256
3576 4984
5271 6686
5481 5502
5174 5610
2228 2616
592 4575
6284 6530
2647 5407
3722 5674
1209 3074
5315 6832
1011 5379
1144 5839
415 1929
1986 2855
3196 7008
852 5020
343 5972
1677 2444
1396 5534
4665 7115
3956 5463
1500 2165
7210 7269
3096 6163
3738 4076
2612 5984
1788 2075
418 4489
3888 6678
1682 6371
1571 5170
2222 6851
3548 6461
1079 4249
1176 6669
6310 6819
3524 6413
3460 4463
1600 3032
2997 6850
4420 5677
2631 5235
1174 3652
4544 6241
2833 5752
7145 7232
4683 5537
4994 6787
1320 5885
4762 6859
1755 3437
1732 4416
1686 2655
1882 5760
3968 5179
1701 4098
1007 5521
2539 7034
147 4748
2949 7058
517 6214
6306 7084
2536 2916
6575 7306
4937 6027
1859 2860
1021 1496
705 7193
2780 3125
2287 3578
998 2321
2102 3056
2368 5303
499 6178
419 2428
5385 6994
863 1720
764 7225
869 5774
720 2769
100 6599
183 2315
2717 3104
3370 4136
1670 2683
3933 4404
3744 4182
3245 5788
410 7199
189 5557
4333 5127
884 6357
2757 4815
3553 6498
4746 5689
5175 5544
6755 7146
926 6452
1889 7050
284 4263
5203 6218
576 1513
1813 3994
1869 6054
1821 6388
2341 2675
2293 3187
604 4537
522 4483
2203 5675
475 5267
3337 4594
4760 5906
2811 5144
3056 4442
3790 6394
2512 6426
4032 5057
946 4658
3519 4397
1806 5473
5162 6418
1144 4570
1050 3088
4506 5161
4249 5154
613 4823
910 6367
287 6880
1629 5196
1472 4533
1498 2081
290 5111
2367 6097
4064 4766
2794 3270
4180 5970
1540 5947
3706 3723
5336 6375
352 2585
2499 3714
2620 5231
1679 3554
918 7117
1322 2680
1129 6905
4375 6061
2003 4369
3178 5723
1984 4009
1327 5536
3 307
543 6439
4033 4803
592 2906
1230 4580
3285 7103
1047 2876
1177 6628
1590 5648
2175 5425
3140 6095
1470 7126
1640 5832
1738 7247
3093 6434
1777 6552
4393 5173
567 6221
1091 1314
130 1989
5135 6997
2952 5804
346 914
1702 3810
2847 4575
1074 2402
214 6163
1276 3566
4283 6926
4535 6464
4057 5402
691 7057
3321 3734
3470 3529
1213 7063
2404 3440
1877 4596
248 6617
633 2979
1481 3501
2662 3073
1265 2925
2412 5508
2046 6483
525 7040
1261 1945
1976 3882
1959 6035
2242 2547
825 5416
2444 4394
976 2916
2051 6505
1309 4954
2910 6383
1115 3596
2955 3708
2276 4305
4638 4788
5176 5787
242 5180
895 2894
3573 4611
2058 2360
4708 4893
417 4486
4912 5024
2421 4464
938 953
586 2562
2002 4717
3442 5569
1722 7303
2392 5743
683 6367
3526 4079
2930 4965
853 2340
3599 5801
1988 4503
1724 5640
3380 4140
167 3226
2026 7305
2485 2800
192 3320
2508 3951
5109 5609
5827 6727
6672 6709
1300 6444
2991 4260
1710 5564
1548 1613
1902 2858
3040 6345
2749 6692
2509 4905
2642 3678
4249 5251
898 3835
1066 4042
883 5395
1520 1885
1156 2400
4320 6363
5943 6693
5912 6557
2304 3085
427 4547
58 1721
999 2284
1302 1408
320 4326
370 1143
792 3199
5212 6881
1051 5582
586 4739
3201 4306
2313 3694
4343 6876
650 1644
6733 6900
1961 3440
6626 7286
451 4379
1295 4753
1192 1943
3736 6871
70 5762
3027 5859
924 3657
2024 6867
278 6699
575 3543
665 4897
5219 6517
5509 5948
5142 7202
1233 6828
4365 7223
3288 4364
1900 6901
3162 6843
2178 6920
1143 2970
1728 5203
1470 4831
2947 6912
4763 6454
911 5882
433 680
8 5309
112 730
3758 4696
374 5413
648 5085
1545 1793
4821 6485
5387 5904
307 1449
827 5495
1161 6532
458 2944
1422 2972
5125 6094
550 6823
1851 5205
1043 5067
1866 5569
3712 7213
4922 6360
567 1505
3743 4450
94 6674
4546 4839
2846 6227
5451 6596
1508 6619
3690 6479
973 3212
1997 2894
2966 5361
4242 6290
889 4620
2706 3568
1705 5034
392 7204
3849 6257
4910 7275
153 569
3877 4762
3039 3797
1362 6916
2923 5571
742 4512
1507 1938
38 6486
719 4937
2077 4245
4377 4807
1347 1527
3635 4880
3764 5585
4667 4714
996 5982
2568 4445
2543 5778
2654 6156
5314 5336
4064 6187
4973 5742
5348 6515
586 3779
1540 4990
567 6556
4433 6584
1058 1150
4206 4822
3013 7025
6438 6631
1660 6960
2133 3158
5064 5995
681 1263
2766 3221
5842 6238
4140 5173
1027 5422
1982 3359
83 4728
939 6824
1653 2925
851 3542
4762 6821
5959 6268
3157 4664
4421 7140
572 6111
3564 4172
4734 5678
970 5228
1392 3180
3942 6826
2843 7266
5868 6919
6915 7228
4276 7321
2438 5646
395 1488
4448 6852
2952 6707
3835 6342
1644 3800
3411 6355
5157 5826
1575 1907
3837 6782
13 6671
6365 7279
1624 5332
2035 6064
2516 5370
3624 6103
6147 6416
4137 4319
1944 2652
2045 5227
2381 4272
871 1410
2792 5798
367 1718
1313 5680
1070 2928
345 6924
5573 6510
1984 4495
779 4991
1544 2696
2527 5184
977 2025
1558 1972
3879 5298
2917 3773
2786 5007
913 4460
6544 7277
5263 7333
416 4521
286 3859
2894 6350
2346 6030
934 4802
2618 5651
5951 7174
1178 1806
1412 2385
2767 4230
3868 6191
62 6046
407 6293
2098 2122
199 4047
5827 6565
356 7269
2560 3761
2057 3870
2411 6825
1979 5741
196 3901
174 1737
1323 4787
2371 5662
1711 3587
990 5793
4080 6624
4471 6072
3157 4169
2118 3325
1670 4168
2213 4672
5414 7346
4164 5805
4318 6549
1577 5540
89 5693
846 1925
481 1446
6424 6690
3675 4668
1172 1809
1191 1557
2331 2907
1498 2436
5778 7041
3487 7237
3651 4955
4097 6952
274 3303
1874 6586
4598 5635
1331 4413
2949 3417
1000 4221
216 644
3369 5590
3410 4192
502 1065
1303 1662
1927 5649
4466 7353
181 7280
205 2037
5566 6991
2413 5117
1723 2578
5152 7335
3597 6342
3679 7243
860 5192
168 6944
2379 2493
4144 4645
3051 5663
3829 7166
1258 1775
583 5695
5890 6501
1744 3477
3456 4241
1514 5251
1300 3862
2137 3905
252 2585
4285 6883
1713 5089
2495 5021
2758 4286
3773 4635
2630 4451
2113 7230
2303 2722
985 4436
4706 7257
4707 5499
848 2486
3838 5606
3908 4805
4484 4801
333 3431
761 6561
2636 6308
4383 6349
3909 4622
804 5078
1266 2928
4570 4788
4378 4525
3704 6092
2213 3302
1391 5076
2592 5470
1298 7339
2121 3094
3655 4382
334 2255
5775 6567
2163 3184
4197 6309
1947 4909
2342 3298
6276 6532
389 3466
319 527
2404 5294
251 1782
323 5455
3341 5476
832 1790
2420 6287
3040 5356
137 5419
715 4188
1272 1595
2969 5605
2344 4678
2210 5183
1045 3765
2226 4156
4103 6625
311 1675
4876 6754
4246 4530
3344 3914
713 2007
1853 5366
2982 3876
1585 5451
4611 5413
1657 3665
2117 4529
132 891
4267 5121
4809 6657
589 2764
5300 6000
629 2387
395 5377
1963 3047
863 4938
580 3406
220 1631
2552 4114
1613 6713
1401 5317
733 5086
2398 3498
2622 5088
3143 6183
6386 7112
3453 7249
2763 4266
5048 5315
1225 6114
2382 5545
1371 2182
3197 5214
1125 6149
1138 1476
1093 3770
3358 4101
4046 4906
5514 5908
647 1932
5259 5685
1334 3731
3050 6441
23 3601
4740 7197
474 4321
843 7060
275 1388
4884 5885
4941 6762
314 4653
2206 6559
5367 6661
1008 3887
3622 6891
942 1182
1208 6897
3141 4626
72 4063
2458 6437
983 3627
2290 5123
2435 4898
3372 7109
0 6102
2012 3119
355 1198
2352 6840
383 963
424 7037
1874 6095
3603 7272
906 6060
2615 6497
4800 6136
6324 6521
887 6492
4376 5383
3818 5991
2727 5006
4620 4799
934 6746
3593 3730
6006 6536
114 1538
1843 2347
794 1053
844 3823
1112 6315
2401 4233
1143 3238
4511 4761
2477 6720
3024 5302
2138 3338
3190 5512
2456 3956
1849 2145
3768 3887
1824 7144
2288 2525
3124 6598
1096 5672
2031 2451
198 1753
1727 3250
1882 6123
4860 5153
1738 4041
83 4941
490 3251
3272 6982
3146 5322
2957 4134
118 4242
3048 6960
4718 6434
2804 3297
828 1450
317 6609
308 6528
303 5053
188 7043
545 2583
2304 5345
3210 6291
5108 7291
3116 4956
5194 5889
2455 3094
5597 6765
6321 6704
4208 5115
1310 1709
2273 7147
4951 5523
1480 1602
2697 3123
2000 4923
2158 5704
1010 5757
3116 5663
1246 3660
4046 4260
3998 5348
572 1643
5226 7257
2522 4411
4612 6532
345 6608
1785 7224
1806 4549
790 2924
1656 7203
709 4846
2187 6893
679 2107
1389 1931
5871 6281
700 2463
1790 6235
412 3089
173 6719
2850 3622
4060 5932
3465 3799
4480 5439
4380 4426
4627 5212
1383 2163
1405 2186
5971 6321
2187 2494
1805 2823
2057 5756
2690 3677
2351 4357
2743 6721
3788 6748
1499 5687
1530 2732
5370 5721
4732 6792
1572 3979
3660 3985
2461 6592
1541 7233
5658 7163
3196 5576
1357 2033
1597 4981
5509 6386
4100 5657
1658 4400
2874 5550
5756 6397
745 4959
2623 4262
4296 4461
827 6641
3220 6681
298 3434
1423 1830
563 5605
1851 6786
4563 5801
3956 7336
737 2063
5529 5705
2085 3016
4453 4944
4138 4218
2174 4036
1268 6891
1569 6858
4236 5495
696 3261
6897 7312
3950 4765
3484 5549
867 7238
1520 2260
5332 7161
2143 5451
568 4841
66 2312
2161 7110
2915 4744
2762 6406
2223 4654
44 3252
2995 4054
965 2321
4195 4315
6634 6889
4857 5531
966 5897
688 5743
6325 7094
5045 5059
2528 5273
5321 5368
438 5755
2749 5552
1485 6675
2199 4536
693 1183
4375 7101
3147 4016
1473 6861
1676 3626
883 7155
3037 5736
3028 7297
414 1095
2105 2496
1250 5496
4161 5079
1812 1838
5630 7156
2635 5145
158 5815
1390 6079
330 6476
3101 6915
6209 7271
1660 2359
4649 7320
1003 6288
861 1423
1666 2974
1143 5164
3326 7264
2459 7297
3797 7185
2099 6199
948 1773
3451 4163
185 3075
520 2349
1130 6519
3079 5702
4413 5983
3423 6008
4160 5602
1236 2235
1916 3527
3844 3870
3842 4162
6041 6832
3694 3943
584 4855
1348 4269
396 5637
2660 3114
3169 3348
516 5221
445 1993
4468 5452
2448 4507
155 3375
1325 4493
3130 4558
5766 7094
3812 5759
177 3650
3451 5166
3925 6844
825 4632
847 2963
331 797
851 2833
1257 4751
10 2308
2729 3867
6316 6802
1796 7039
2094 2594
3110 3311
2224 2299
593 2836
1830 5410
2116 3700
918 6039
1452 5421
1792 1933
5197 6269
1542 2412
2413 4822
2142 2730
1255 2437
4643 6197
1770 3555
6395 7205
2016 4855
1474 4319
1980 2240
870 4816
2897 5781
3811 7234
1499 4975
1467 3311
658 1524
2035 6069
4757 5727
1504 4025
24 5810
2433 3489
2018 2871
4243 4646
3223 3516
1043 6808
191 2456
491 4359
127 6302
141 5814
4331 6384
2831 6726
2832 6452
3587 6184
1754 7146
2762 5247
309 6452
466 5488
2613 4514
747 6416
1702 4032
1377 6260
2687 3682
3874 5224
996 3204
3886 4467
6171 7221
4996 6580
941 5659
5349 6411
1887 2135
1112 5934
1018 5614
1406 1813
2164 2358
6490 6740
132 5461
2463 6587
1955 5404
2924 6658
2393 3133
3628 3967
494 5488
29 7001
3003 6774
2134 4002
1623 6691
2717 4501
3598 7078
652 2012
5931 7020
3468 4755
4313 4432
5070 5386
531 4039
5250 6178
1385 6516
5461 6286
763 2137
2798 3796
1851 3153
2127 2236
584 756
4554 5547
1287 1397
2360 3984
2619 5326
805 819
1122 1448
2283 5453
3026 5305
3301 7214
4044 4082
5088 6721
6342 7123
677 1625
4988 6934
970 4546
1541 3843
146 6702
4053 5506
3054 5750
874 3892
1945 4527
663 1288
865 6159
5149 5683
251 928
5793 6967
226 4794
3230 3528
30 796
266 4193
172 378
3058 4268
3249 4225
1065 6760
2866 6399
3164 3386
1201 6197
2418 6795
7 4885
5804 6703
488 7183
4828 7309
3160 6911
2160 3185
3424 4901
3655 6653
59 5213
340 3738
308 3080
2966 7086
4825 5571
4346 6551
4353 5636
3435 3774
1852 7256
3857 4685
3265 3674
2177 6032
879 5788
3674 6913
6592 6772
1247 3917
4389 5499
1906 5497
4385 6585
1408 7284
1239 3610
4499 5575
2631 6755
2726 2848
5788 6862
5255 5732
6033 6357
2901 4640
1120 4169
3367 6828
887 6090
644 3001
5629 7167
1657 4639
1079 4644
1581 1784
4564 5937
423 6946
2389 5858
4641 5750
3265 4896
595 2238
716 1083
4340 6773
253 5964
363 2760
167 257
1616 4952
4835 6531
851 6734
4916 5316
5055 6929
793 5782
302 2740
2602 3595
84 2930
40 2781
2704 4261
2719 6608
3873 6090
884 5467
166 6563
14 4930
6069 6934
2446 6436
3010 6122
4099 4851
1460 3777
1653 5090
2022 7204
3540 5329
538 4566
4339 5171
208 2709
4803 6267
6672 7141
361 7203
2829 5136
2173 3421
436 2814
3882 7239
2335 5259
726 3511
2986 3963
1531 5185
649 3095
409 3009
771 5334
59 2429
2678 4162
3462 6043
3318 3971
5969 6700
3371 6874
2361 3377
0 3692
3993 6937
2610 5233
1797 6638
428 3148
1859 2405
1767 5110
2302 2677
2377 3566
838 6268
4001 4469
767 3314
430 5397
3749 6625
3736 4216
2243 3127
206 1688
3322 7004
786 3601
2288 6923
1240 6269
2342 6993
198 7212
632 2560
2812 6906
4149 5201
4701 7098
1844 6758
1900 6933
6369 6855
308 3100
1574 4151
1914 5480
3000 3608
3474 6523
1938 5093
736 5037
1487 3659
2147 4117
1854 7115
250 4862
946 6651
3231 6914
4134 4611
2023 6721
2369 5427
3496 5104
294 2497
1708 3922
5266 7034
3835 6805
1583 5450
394 5432
806 6510
5227 6553
3343 5879
1907 6798
4982 6304
3763 6334
3267 4720
3800 4062
446 3177
1965 6224
1741 5750
6381 7144
3975 5428
4440 6989
1309 6050
5839 6289
1123 4953
270 6741
2464 6316
2940 4395
714 4373
380 4573
3477 6348
1685 6137
2394 5006
2211 6864
157 4479
3474 4741
2814 4556
6252 7128
3223 4539
1378 6201
4794 6182
750 5628
4117 6234
1576 3470
1877 3510
1314 4781
3612 5337
341 2782
3652 7011
3841 4848
126 734
1609 5617
525 7130
2227 2777
5003 5296
6291 7285
1521 4322
3774 4351
1404 1608
3335 4696
3806 5812
2948 3987
532 2629
68 6049
1463 5393
3312 3477
5958 7276
5842 6430
716 3151
4436 6257
2190 5824
1076 5933
1193 7147
175 1077
5866 6817
3831 6818
2221 3554
680 2869
800 4926
4133 5569
274 4997
1818 6912
1139 5804
57 3131
291 3216
4962 6684
469 1096
3970 7335
1190 1649
3058 7351
2231 4787
2880 3479
5335 6065
1181 3943
1721 6807
3657 5246
2808 5960
4747 4806
2077 5158
2672 2764
5180 5758
247 943
4678 4912
3220 4646
2764 6331
3882 5557
4076 6961
4421 7189
2445 6415
3180 4482
2613 3486
2289 4637
508 5601
4073 4801
2488 4104
3921 7193
2622 7178
222 5972
6751 7126
3765 6210
1984 6823
5222 7092
1206 2279
2019 2513
1595 3023
2549 4580
638 3450
4079 6361
2363 6664
2020 2222
606 1694
56 5181
487 5940
5680 6614
3876 6626
1967 3591
592 6603
4585 6880
4376 6790
163 6417
72 6788
355 6280
570 5190
3154 3793
2421 3934
2198 5400
2556 5902
4588 5587
2616 4774
3793 5638
1900 6718
3324 6835
5710 5799
299 2669
3352 5622
999 1794
2566 5600
5639 7197
384 864
6552 6628
4000 4004
399 3983
3776 4275
3363 4877
6227 7189
902 4057
3545 6762
1780 4608
57 3195
2432 4973
4693 5762
2481 6866
752 6087
2443 2476
822 3392
1696 5565
4655 6945
2983 5874
1921 2708
842 5857
369 2284
129 345
1179 1320
2268 2742
3179 7200
2774 5729
1825 1862
3134 3606
1385 2784
2783 5452
1223 4770
1943 2202
643 773
1608 4881
18 6544
943 6501
3924 6311
1090 5470
2394 5618
739 4132
3294 4654
2721 3702
1581 2590
45 3611
1195 2130
5082 5897
6113 6998
5396 5769
2079 2229
559 2431
3260 7170
3928 4151
927 3247
1188 5046
2996 6650
1745 4700
1622 4811
2373 4010
4280 5651
281 1164
522 2356
4716 7139
1362 5767
2930 4750
514 6408
269 1663
194 5391
1804 2266
4287 5420
2074 5266
6028 6829
3460 5321
6627 6681
3421 6643
4734 5445
2186 5079
2192 5396
853 4835
2469 5425
4425 6319
1283 3060
2935 3282
93 1008
700 986
1995 2517
236 7260
3819 7255
2136 4637
48 1839
501 1817
79 5176
591 2413
50 97
2980 5446
109 1192
3756 4001
2570 2685
2387 6894
3800 6938
2075 3239
2968 6329
4486 5442
2906 3677
487 4143
731 4547
881 2465
5227 6488
20 3589
1748 4466
2789 4051
607 833
1329 3588
1354 7246
3728 4248
1346 6990
510 1979
511 4008
2608 3180
780 6120
1659 4999
5259 5451
211 4691
2045 4451
1951 6427
1169 4559
4264 4467
3362 4989
282 6707
116 468
3863 6164
4057 6597
281 6251
4566 6778
2809 6763
1256 6565
2398 6056
1303 4574
613 4518
4659 5152
3664 6875
2130 4332
4098 6311
43 343
962 4990
5990 6193
664 1132
6282 7136
1006 4676
4213 6698
3176 5729
1808 3590
2467 4980
4153 7336
2051 2585
447 6080
1762 3979
4666 5536
5332 5482
2849 6756
232 2212
5110 5716
1019 2681
2434 6698
225 234
2504 7053
364 996
839 3310
3142 7331
776 6597
2737 6476
3072 6730
453 2799
752 6270
2088 3182
5883 7354
6660 6808
2602 5262
3225 7043
1262 5802
1146 5346
1846 3352
3872 4701
991 3833
4579 7089
2284 5192
190 345
6304 6904
3669 6408
3723 7325
62 73
4324 4561
2826 4215
4487 6940
326 6920
4544 4813
166 1912
2012 5014
2189 6474
2296 4632
1541 4704
1836 1940
156 5822
3757 5422
2426 4410
3602 6160
1674 6818
96 6123
3313 6206
1863 6529
3904 4359
731 1360
3525 6130
5701 6480
4285 6440
907 4795
139 3332
968 2154
1148 2902
2945 3377
1328 4110
2307 5810
3169 6165
896 4953
1321 3025
1191 5256
5110 7242
4935 6159
1510 6511
5540 6155
6969 7348
3902 5470
1944 2376
3981 5343
2046 3231
1345 7150
3942 4816
7238 7242
1895 1905
376 2994
2615 5936
1844 3356
6110 7202
1333 2479
5054 6385
1731 4948
1553 1985
4577 6994
1090 3982
3522 7299
1898 3076
4639 4983
908 1041
4077 4933
4908 6716
969 5837
603 5249
1512 2140
388 6096
974 4413
535 2561
2903 3965
2107 4288
140 7035
565 6455
3875 3955
6305 6330
1196 1582
3586 3899
2541 4830
1169 7244
4026 5172
1516 2072
5643 6624
3646 4957
1358 4764
533 560
1415 5397
1323 5934
789 3711
2838 7176
2059 7240
2159 6571
4610 6858
2167 4307
4622 7045
249 4679
2569 6828
1 533
1435 3379
631 5410
454 1024
90 3871
160 800
5299 7064
5089 6973
2600 4766
1088 3489
1598 1974
2100 5112
1890 4465
1820 5394
3606 6454
749 6479
5749 6973
1705 3476
5453 6451
875 2068
2367 7256
4924 6639
2 197
473 1336
1306 7021
628 7294
119 2605
2050 4722
752 3508
494 6645
762 3725
5679 6852
1424 5361
6226 6915
3263 4171
3713 6054
453 3561
480 6495
4261 5245
1268 5579
3530 5235
3865 5030
2178 5713
2083 4794
4978 7103
1279 2439
1459 3125
3139 4666
2423 4546
1864 5184
3953 5604
4072 5440
2465 6584
4089 5891
2944 6722
2429 5671
1308 4525
100 5642
1285 5391
528 1490
568 5803
1867 6622
4630 6865
1811 5119
5337 6316
2850 5809
1382 4375
1037 6756
4065 6178
1281 6679
6011 7337
4236 6139
4417 5784
1444 7217
1365 5692
600 3780
1095 3937
5392 6465
3197 5287
1464 1469
4877 5172
2731 5394
3762 7048
3081 5874
2545 6731
2666 6879
4088 4211
2972 5437
4760 5918
878 5103
3217 5415
2718 5356
3604 7048
2043 4774
1090 5491
6442 6853
2210 4778
6954 7240
766 4969
772 1000
1019 4080
1593 2940
830 2002
688 4439
2712 4756
3358 6070
2449 6768
3809 4899
2272 6019
4 4364
4285 6874
4729 6899
4023 7012
1715 4871
3544 6032
3976 6372
482 2362
1450 5151
1461 5532
485 3053
2524 6262
6708 6902
4088 5305
3375 4882
2967 5657
1299 4411
988 2280
1692 2200
923 6957
2893 4699
5236 5663
4005 4507
654 4802
1294 7272
2336 3540
283 3462
2851 4645
3717 6755
694 7100
1495 5305
1425 6270
1559 4029
106 2447
2440 3285
806 955
6414 6802
5867 6794
981 1949
4893 5611
66 2513
2116 5273
5 1361
3884 5888
380 4325
6250 6907
2568 3912
767 932
1703 7292
931 5880
1105 5074
3815 4963
2114 3331
338 5087
1515 4974
1785 7198
670 3338
739 7332
1367 3367
2830 6422
4701 5218
1768 2444
1477 6071
6693 7305
2320 4508
78 3403
2569 5178
2249 2453
2398 5629
5319 6327
2332 5596
3816 6983
316 4992
1596 4442
2696 4803
1647 4195
496 2031
5618 5825
2176 5063
204 6966
130 1030
2999 5873
1466 2539
1008 6073
4130 5116
49 5949
1555 2630
2799 3872
2312 6431
640 887
756 5390
3932 4850
3135 5357
597 6967
1157 5983
1839 2332
1584 4240
4266 5433
5361 7145
5904 6525
3230 3645
5232 6007
968 3537
232 3488
4605 5009
6860 6929
1591 1673
324 1539
2085 6865
3383 6631
2840 5829
1344 1419
1706 3289
1124 5203
2196 6642
4934 6220
672 6533
113 857
3507 3926
1366 5269
4094 7351
1054 3218
4348 6319
1191 6094
5380 6842
65 2099
2458 4775
2364 2557
1109 4103
2641 5197
3398 6141
770 4261
1117 3785
2197 5450
2898 6462
408 3740
2951 4137
327 3539
1675 5774
5324 6428
1479 6884
683 708
291 5930
876 3445
4510 6450
2470 3947
744 2052
4478 5424
4370 6068
826 6848
140 3307
5432 5835
2551 2765
2062 6522
1340 5597
1268 3239
1619 4626
2234 6985
4529 5502
2533 5373
4079 6838
3103 6965
2393 5647
1962 3155
91 6571
1364 2538
3669 4252
4422 5342
1080 2800
4038 5773
1315 5022
3742 4838
1855 3258
2314 2599
1748 5325
375 4009
1941 2985
2596 3164
4706 7074
3419 6416
2939 6192
2759 6609
1383 6189
3211 7154
1926 2521
4639 7233
3716 4509
591 3429
3063 6912
2134 4682
1211 7087
2702 6629
795 5644
162 4928
1842 2468
3339 3440
3081 3941
2901 5037
728 5084
915 1960
5029 7268
5707 5966
3150 6356
1978 7051
4275 4401
834 4173
4514 5013
3852 7022
3855 7188
661 3739
2506 4154
858 4133
1392 5490
6837 7037
1306 5107
1389 4874
413 3763
2174 3480
68 2846
4525 7271
4105 4537
2023 2097
1366 6864
325 5106
6399 6757
3317 5496
2582 3685
1915 6233
2793 4937
1028 1042
683 1169
1943 2695
3625 5984
3575 4106
991 6262
1399 2119
809 7321
5955 6437
358 7183
692 5199
138 1109
636 4508
5157 7291
6649 6909
4436 6383
6087 6328
2013 5531
5260 6223
1026 6045
4422 6231
2542 3720
2515 6808
922 1066
407 1496
4710 7208
279 6567
4136 7044
2128 6302
56 5961
2001 4480
1502 6607
247 3471
3778 4052
4456 6983
3190 4600
3019 5508
2841 6561
522 4186
749 2937
3680 6337
2962 6169
1400 5144
2217 2507
246 830
511 2194
1797 4165
7 3043
4578 5991
2070 2951
1319 2556
4698 6778
3437 4650
4220 6240
488 965
6067 6112
843 6255
487 5140
1897 5707
340 2682
632 7023
3674 6250
3564 7281
17 7194
420 824
3685 4342
3697 7022
247 5978
1647 5963
4033 7200
1603 5679
2520 5624
141 2935
1501 6333
2466 6030
812 6168
1734 4506
2663 3705
864 1167
158 4803
6328 6772
2222 3451
493 4020
3230 5651
2414 7020
1609 7322
2566 6151
2361 3036
5837 6089
1105 2140
5177 6170
3551 6025
2895 4625
2068 3399
1150 1765
349 2239
2370 4070
1804 4149
5989 6906
5916 7138
2490 3951
1687 2282
53 6805
4827 5638
4479 5450
4996 6281
2543 6521
1044 5423
82 882
2018 3491
4123 7288
1272 2239
1883 5268
92 6766
1411 6151
646 6600
4687 6713
1692 5275
2090 6687
264 801
1275 4406
3387 4011
4228 6571
693 785
4526 5700
187 3970
211 6906
4991 6634
1214 2110
562 6154
2395 6661
5676 7112
1576 2475
2078 5221
1756 4409
2257 3404
701 2741
922 6008
1569 2826
3563 5841
5040 7068
522 2884
4845 6258
454 5889
892 3155
5152 6140
752 5608
5761 6800
1605 6109
1289 7180
129 3020
4176 4315
3465 5095
3666 6329
3767 5306
4608 6830
182 335
3010 6059
619 5139
1115 6559
412 5301
3901 7323
1960 6636
1881 4653
2786 5559
2809 6373
4285 7219
227 1073
4572 4777
4359 7206
5895 6213
404 3829
3084 6889
1198 5598
924 7213
3300 6648
3021 6963
6317 6774
4021 5946
6361 6570
5673 6249
5003 6985
2543 7077
855 5748
2564 6125
2148 6722
1780 6609
929 1563
298 2810
2185 6523
1297 2122
4734 7101
907 3734
1057 4139
783 1802
1283 5934
1635 5896
4726 7329
1766 4652
1708 7309
399 4161
4317 6593
674 2705
1810 6556
1723 6990
1936 5798
2728 4274
3008 3032
1695 5612
4291 6551
4 2632
818 7013
372 5641
1341 3122
46 1020
2269 5870
1877 4786
1140 2130
893 6682
105 344
1994 3206
4297 6044
4948 5083
5811 5979
912 5414
4733 5021
3701 7167
467 3149
4264 4674
117 173
1757 2086
4135 5128
3737 4396
1823 2340
1267 6980
634 7181
1772 4773
4872 6468
5056 7301
3529 7070
564 6710
4097 5384
3405 6783
565 4721
2007 2938
1161 6023
6674 6819
1412 3345
5065 6459
1621 3171
1550 5485
2076 2252
5463 7237
1998 2067
2347 5365
323 1641
702 3679
2061 4873
2720 6644
886 1739
3580 4346
1610 6052
649 6750
3402 4804
978 7300
2400 6434
612 6132
4856 6987
4716 5300
1236 6007
982 2218
641 7132
2797 3531
1824 3839
980 2434
1740 3221
359 2991
1729 6305
1292 4107
2245 6053
1891 6172
1310 4531
5044 5264
4713 5945
4919 7191
145 5984
2330 6797
230 2517
3848 5591
3105 5652
4911 5405
2288 6900
5528 5690
4302 5934
2827 5465
1233 3037
6444 6718
1942 5310
1054 5299
2179 3358
3601 3721
2077 4537
622 6338
3646 4491
159 323
127 1248
1625 6951
830 2327
2208 3686
1398 2535
852 5669
3978 5436
3497 4182
697 6827
5574 6162
1188 6517
2623 3368
1777 4873
2713 7279
2576 6740
4464 6847
607 2653
2391 5917
1594 4351
4751 5442
1901 2263
5015 5573
3455 4802
4032 6594
1489 4200
5252 7054
3553 3643
2263 4259
4102 6576
3413 5957
783 4813
113 4343
3323 4520
3186 4289
558 606
261 2702
4163 5114
1604 5689
757 4344
695 2566
529 6443
3811 4587
746 4872
304 6889
1032 5382
85 106
3466 5446
1461 7066
5600 6839
2547 2735
4188 5273
2030 6966
3195 5864
190 2267
905 1665
660 5363
5254 5599
4202 6047
3880 4793
3514 5745
6419 6554
2042 5513
3302 3796
4333 6157
1763 6010
4488 6586
3805 4096
2578 2689
1522 3430
4784 6414
1882 2256
3592 6090
2636 3915
2166 5208
2627 4736
6641 6740
3449 4411
4762 6272
3969 7278
1321 2162
3546 5289
1393 4426
1072 4789
5211 6789
5584 6828
1096 3420
6241 6499
6254 6416
155 4404
1771 4992
873 1577
1189 2563
849 5320
154 3830
95 3695
857 6648
3036 5527
2838 3448
1191 3386
1275 3731
1661 3113
2938 6991
960 2871
2643 6756
5277 6887
3643 5621
347 3521
3382 3534
2182 4263
5337 5907
4702 5624
5698 6328
1437 7046
3419 5201
3805 5300
4015 4754
2926 2961
2345 2971
2448 2779
336 1799
6 3016
4589 6354
3151 3910
4102 6273
264 3996
3075 5438
6356 7132
1453 2191
2417 2436
2132 2585
583 3812
1172 3639
3209 5173
5544 7152
1536 4320
1177 5919
6836 7055
1154 7283
226 5312
4095 5628
2553 6080
2779 7238
2909 3616
5000 5486
5263 7044
2254 6467
727 4185
3267 6325
1781 5750
1168 2640
2382 4979
105 3508
1126 6757
4728 6313
5538 6654
937 1380
5695 6458
1560 2059
3781 5406
4372 5358
4121 4712
1160 1252
3206 4085
1954 5043
1031 4554
4703 7304
1699 2137
2061 4586
3617 4628
806 6917
3752 4909
2118 6944
4270 7329
179 6454
2803 5613
2650 3159
452 1013
719 4099
4156 5970
3778 6753
4811 5965
3999 4552
1335 5200
2823 6200
3160 6780
225 1069
4878 5487
2307 4028
1451 6158
4199 7121
3881 4821
1162 6514
1778 4738
5697 6701
1242 2422
3177 6829
961 2010
6595 7255
785 5209
2776 3376
1643 2981
1614 5186
2546 6683
3869 4252
816 6618
81 2845
2672 6002
98 4076
6084 7315
1674 1678
2501 5072
4329 6121
3321 4767
2935 7092
866 5828
6398 6803
2604 2740
4126 6736
3466 5331
5465 7231
7244 7245
5558 5987
719 5095
4349 6451
5094 5501
2216 4322
3608 6175
3865 7172
71 7148
3001 3250
3735 5986
653 3144
538 6436
3853 6394
3525 4814
3024 6772
815 5898
4441 6195
1882 1996
1926 6021
4127 7113
545 2836
645 5110
728 1326
772 5696
12 5389
351 5528
6188 6771
1826 6519
324 4170
510 3905
391 3517
4365 7086
1891 4712
4343 4634
2288 4776
5494 6058
1475 5315
2695 6097
2168 7009
1572 2755
163 2840
2115 4027
2010 4538
676 7125
7239 7308
2180 2824
5237 7293
504 3785
4140 5944
6750 7049
1566 6130
284 2165
292 5228
3339 6812
3347 6507
501 1999
7110 7126
2317 5019
2125 6630
126 3747
2602 3784
2338 6116
289 6368
1347 2574
1881 3274
635 1632
5062 7147
4798 6437
4489 6558
3954 4474
3719 5899
651 3991
803 5733
5037 6247
300 2294
373 3988
1388 3748
1279 5641
1228 3966
1940 5002
634 3082
4493 4647
4695 5875
3885 4253
1143 1905
4970 5755
1237 6982
2398 2670
2562 4444
4607 4677
4229 6026
2342 6697
1719 7150
400 4847
4638 6692
4354 4736
814 6894
2679 7018
2048 4483
2342 7038
4690 5448
611 1601
5284 5480
3092 5901
261 5068
1484 2523
1059 4479
4968 5196
1950 7014
4727 4785
112 509
690 7278
1111 4900
1604 4060
4452 6996
4418 5038
6391 6460
1218 3776
940 1969
492 1984
5481 5982
464 5917
4757 4768
1956 6417
7 5728
1256 2992
4071 6973
2262 7289
340 3990
6507 7081
3121 4653
2413 4038
5303 6037
222 6930
125 2161
2768 5403
3277 4170
1020 6925
3393 6261
2398 6706
2132 2892
248 4599
3588 7290
3580 5474
427 3624
1931 3418
178 451
769 2722
1603 6884
1383 3775
2032 6101
502 4265
1548 3065
564 3286
31 6582
4036 6083
3836 7174
3248 6472
3559 4475
4058 7184
5888 7106
3413 5916
1077 3459
256 5708
3605 6548
4119 6363
1660 7038
1441 1700
3226 4106
2775 5840
2430 6223
1256 4145
5989 7052
367 7076
1154 3454
291 2248
2705 3207
911 4543
121 1265
2139 6014
316 1568
1278 3003
4535 6488
3384 6709
1060 4558
1930 4201
239 1259
335 3458
1202 7248
5217 7117
4584 4871
3786 5339
6241 6496
656 5938
1698 3789
1299 4569
881 3968
364 1952
1865 5714
1884 1888
4 3198
1691 2374
808 5516
4710 7275
1099 3630
4133 7118
406 5516
449 2204
953 3691
875 3142
255 4771
3199 3261
1365 4305
5504 5662
1223 2519
2573 4083
1981 6455
2350 2417
1591 4811
1093 6113
1579 1599
930 6821
2573 4488
96 2771
2935 4921
1182 3111
1484 7140
3996 4553
1333 6158
480 4403
2463 6541
403 5588
2540 6540
5138 5572
882 3067
6042 6619
5330 6715
465 5687
3387 5073
2426 2753
761 5510
947 3136
4226 6903
587 3059
3545 4879
2441 6930
706 6448
4719 6482
4292 5193
1686 2685
2554 3362
3125 5640
215 5291
2156 3951
3637 4108
1023 5686
439 5156
3942 4472
34 5232
191 1634
349 1593
3708 6121
2960 3277
2883 6964
542 5532
1958 2832
189 5431
1342 1996
4301 5031
1770 6977
5343 7287
207 6491
603 6283
246 4615
5691 7249
20 396
1152 3203
1456 4918
154 475
2419 6591
5318 6585
4331 6378
2998 3412
1923 2695
2739 6516
1525 3281
850 4135
375 6246
989 2300
2926 3661
295 3259
337 2487
1255 7120
6075 6877
3330 3630
1389 5742
1921 6301
3234 4131
3494 4350
1138 5020
1952 2913
1754 6480
1377 4228
3938 5133
1944 2519
911 3470
5487 5760
1893 5800
486 6994
490 3424
4515 4532
107 292
393 4501
1515 2146
1062 4996
6271 6621
804 1057
411 3013
664 2153
561 6906
2858 5437
570 1267
2416 7110
65 6407
1533 3910
3792 7194
7173 7193
3241 7208
2483 3115
5456 6450
3855 4635
2181 4995
1579 6713
1708 1766
4367 5775
2745 6409
414 5270
4359 7005
2239 5594
126 671
6273 6663
4154 4266
356 3469
4501 5283
3866 5449
1736 4898
1948 5391
2125 3857
4892 4982
4565 4773
508 2579
5132 6265
2153 2629
3646 4657
3731 6618
5028 6995
1256 2069
1516 1926
504 1243
3345 5153
1152 5514
725 1379
1545 2844
1039 5893
262 1415
2438 5353
4043 6762
1216 5395
2516 3755
3608 5609
2585 6900
4668 5482
6024 6987
2558 4721
780 1284
601 3044
1315 5383
5916 6108
1818 4833
1842 4068
149 6382
2959 4329
957 1732
277 5960
4736 5765
471 1054
2421 6663
4913 5460
568 2595
3311 6292
1438 6502
1059 6072
1744 4189
5138 6106
1721 4759
3559 6991
237 3868
1182 2208
1431 5595
1564 2395
988 6088
3596 6748
616 982
275 5230
4463 7093
1821 2087
1716 3091
3 4056
2318 5383
2288 6066
5093 6371
2950 4923
1537 6993
2808 3935
1311 2756
5282 6987
966 2030
3171 6733
4193 5561
3795 6345
2882 6930
3513 3817
1475 3377
1896 3181
2487 6979
5232 7325
3948 4366
2637 6836
1307 4092
2418 6814
4792 6353
3079 6470
3308 4398
679 3695
1987 5982
478 4641
3246 5409
9 3351
4918 5788
4533 6305
3106 4964
1014 3736
3744 4435
3010 3984
619 6396
1866 3582
697 6345
3961 6957
6022 7298
5689 7175
1066 5752
3448 4035
4497 5871
1080 3097
643 5750
4399 4731
474 6699
5300 6194
1940 3378
10 4839
6177 6471
446 5047
2627 6542
1022 6406
1278 5278
1970 2836
4601 4653
4267 6976
2287 2778
4574 5005
2878 3292
74 5249
2522 2628
3498 5025
2659 3440
3132 5524
2405 3914
813 1693
2484 4090
2644 4217
1973 4452
2812 6282
173 4592
3685 4810
1027 3311
1874 3663
457 4892
1528 5327
4835 6220
306 5661
2963 6202
3011 3782
3190 4889
1246 3587
2004 4548
532 6856
4741 6668
2311 4254
440 7059
206 6910
5879 7181
594 3704
5000 5241
4440 4725
5019 6028
582 3898
5848 5904
672 2106
5556 7044
4050 5632
3653 3848
4341 7014
3139 5523
873 5418
564 4790
1509 3697
4441 6777
497 3767
3434 5800
1920 4366
1153 7094
2953 5046
843 5843
2073 4427
803 1047
1271 6298
3413 5304
442 2430
197 5582
724 5630
2842 5900
5578 7065
5680 6924
378 1549
1749 3147
3497 6047
51 52
1753 2984
423 3552
867 5239
771 5240
1063 3350
3882 6336
398 5225
722 7275
2081 6878
1449 6387
1037 7263
438 3594
3163 3344
1614 3304
2773 4011
4388 5847
4296 7141
4542 4940
3404 4679
540 3422
544 1528
4 148
6093 6641
5879 6955
1104 7247
1462 3987
5822 7016
1215 1686
3794 5646
239 7149
1131 1626
3243 3503
4711 5515
1137 5251
2817 5908
146 3737
798 4880
3547 7010
1689 2910
1639 3328
2916 2957
1604 1712
999 5234
6742 7339
382 2587
5118 6329
5252 6414
2190 2823
2934 6564
2526 3005
512 2682
6694 7010
2782 3078
4459 7187
1226 2179
134 1444
690 6568
4390 4866
535 4913
5341 6169
4372 6571
4944 7154
3846 4173
5615 6163
3672 5898
1277 6320
698 3805
4885 6974
621 812
2545 4161
2754 6841
2885 3650
4265 5137
745 4794
637 2517
81 2825
2758 6368
37 7245
2088 5405
941 5199
250 3922
6834 7216
2075 6379
313 1494
3759 7070
4034 5233
2158 5642
2025 6542
3827 4669
4171 6230
4278 4576
2340 2671
2039 2933
2824 2919
477 1245
2931 5849
5383 6996
1414 5596
5951 6817
2166 5372
153 1715
2949 3649
1384 5712
3242 6400
2167 4619
672 2071
2356 2754
2372 5044
3055 3999
19 1529
2708 7049
3142 7247
6249 7095
4955 6111
4488 7189
3096 5616
2770 6804
2750 5792
3750 4758
1772 5299
2628 4946
1341 3261
1094 6174
1274 1400
3231 4936
3385 6651
1612 6591
2112 3321
2455 5595
1860 3113
991 1058
1351 6392
3064 4176
4733 6261
1357 5480
1454 6393
2013 2821
2250 5930
3509 3912
2662 4190
28 5521
4414 5504
1543 4903
4172 6403
1396 5527
1588 5044
3200 6972
1729 2857
946 2315
2868 7013
858 2765
6013 6428
5179 6395
108 5050
4013 4647
860 1858
336 4504
2102 6848
6407 6652
885 2725
1888 2757
3091 5191
1825 4098
6791 7191
2342 4078
3168 6611
1477 1760
3957 5480
1314 4673
2740 5971
2348 2681
2661 4603
560 2659
408 5533
3456 5903
3584 4440
515 3022
3244 5281
3340 5336
1553 2215
1257 5533
2155 2444
1020 7035
1203 2855
2848 3407
44 6187
524 951
1197 1547
5238 6649
2346 2866
3057 6087
1403 2588
85 901
227 3344
2729 6321
5834 6944
913 4130
2948 6370
484 7079
2652 6312
127 6487
3688 6760
1047 3794
2367 3309
539 7331
1480 2964
1506 1908
2740 4618
6067 7348
137 5949
1707 4814
2317 2682
1450 1951
4010 5443
19 4839
4536 6176
2593 3714
4146 4895
3729 4640
271 5342
3979 7164
160 1307
431 4173
5718 6861
2186 6649
3569 4747
3639 6680
2805 6987
5458 5834
1924 4438
5187 6107
4597 6887
2482 2651
2066 5993
1322 4098
3468 5425
367 4976
3032 4844
209 5532
4130 5148
1088 7063
686 2212
3157 3370
4524 6885
682 1658
1639 5661
3531 3844
723 6524
5056 6332
4310 7240
371 7306
431 1188
1657 4332
983 5126
6554 6716
26 1300
1852 1948
1400 2849
1012 2599
3561 5801
6275 6958
1811 6935
2345 6227
1992 5638
229 3173
3720 6115
523 3992
574 6035
204 7251
1317 5353
807 1433
4328 6916
4517 5653
3633 3982
1620 3703
733 3432
5406 5440
4211 4753
964 1261
1955 3495
1621 2714
6505 7104
1397 5719
1434 5542
4783 7341
1089 2363
3004 6113
1551 3745
2223 4059
3041 6457
3357 5054
189 4127
1252 1355
3290 4727
509 5141
5075 6716
3479 5768
3142 4503
996 7265
4513 5805
2453 4813
4920 4939
1052 6957
1739 2131
1106 4397
1925 2097
549 931
758 3549
328 5647
145 2751
3227 4414
4217 6635
1326 6023
439 6237
4156 4842
2486 5479
612 5042
6332 7117
2414 6463
6294 6912
3751 6081
1104 2493
1518 6588
1116 5774
949 3227
1485 4553
2965 3024
47 1170
4404 5933
5640 6770
4024 6320
2738 3457
517 2245
392 1231
3474 5519
1193 6519
1582 7340
4015 4401
4351 6545
2853 4136
5398 5576
231 6493
591 1656
508 1025
5312 5868
2103 6517
2634 4209
3193 6460
1515 2110
5701 7313
4233 7021
1347 4352
3176 3709
5913 7259
5564 5656
74 3605
3086 6472
4006 5885
1497 6112
5510 5568
5229 7104
2795 5598
20 5738
1880 5236
2527 5851
3921 5297
504 1882
3943 6213
351 2090
1601 5290
3490 6332
689 5375
3885 4680
5868 7226
2497 3851
976 5399
3239 6857
2040 4282
3868 6736
1430 2281
681 2064
3532 3598
2749 5645
5028 6242
1728 3028
4519 5988
2338 4842
2736 2898
272 2198
1142 6659
1566 4454
3864 4299
1380 6013
3521 4478
219 4244
5087 6489
2921 6546
1206 3657
473 7328
2298 5701
976 3109
201 6413
1420 6263
167 1175
2722 3956
242 7083
2067 5730
578 2841
4273 5871
862 2297
2976 6222
2364 7212
2698 5641
1337 3310
4952 6901
3871 6584
1531 5040
16 7142
1336 7263
1968 3322
2485 3120
2408 5693
3246 3490
2258 6903
505 2922
6269 6781
2736 6285
1792 6541
3035 5534
1800 3936
2900 6040
4653 6959
5127 6422
1681 7146
2132 4387
3788 6573
4324 5545
1678 2358
5151 5267
4486 6894
3044 5462
1131 1535
3432 6867
3181 6457
1002 7119
1338 3459
2356 2662
666 818
800 2777
1442 4125
1574 6254
1673 5977
123 5167
6442 6731
2274 2462
2514 2928
563 5264
1779 1858
1438 4633
1233 2997
4131 5260
3885 7063
820 6203
1523 2075
1518 3005
2300 4485
3157 7091
4987 6583
1235 1496
2686 6809
288 6147
3817 6675
169 6417
67 807
2635 7078
899 3320
3407 6351
523 6620
4739 5356
1391 4544
1814 6997
5554 6383
3760 4053
2695 6735
788 3855
3627 7051
1089 1930
5949 6252
1102 5997
1922 2499
401 2062
2783 3959
5361 6501
1430 4019
334 1230
3253 5659
4334 4682
4997 7296
6844 7340
5167 6999
1293 7316
6628 6890
2815 4681
4955 5096
1078 3202
2075 7185
1273 6450
2916 5884
2341 3721
2051 3688
2711 4090
3539 3696
3440 3699
1590 6646
6641 7306
5003 5169
5172 6263
2410 4484
10 2280
1483 4766
2237 5553
1167 4688
576 4681
897 6979
4505 6770
1217 2498
5066 6579
1833 2201
5289 7230
2568 6366
6286 6475
380 4247
1059 2764
6432 7304
998 6448
5476 6004
960 5990
4171 6948
573 4193
186 6347
2673 5173
1832 6144
2301 4992
4087 7237
18 5400
1618 5477
4507 7177
256 1102
3889 4470
0 3719
2769 6119
3955 7127
116 4965
3643 5111
1234 2661
270 3050
3263 6775
6411 6819
749 6604
1782 6177
5048 7087
1638 3704
243 670
5650 5821
589 5191
1016 6269
717 3276
3863 7349
1487 3447
4488 5396
5424 6834
3235 3444
1111 5805
5175 7065
931 6931
1485 5872
4035 6389
6466 6685
1766 4192
5739 6895
270 7089
6262 6584
4120 6260
988 2068
172 1445
2737 5721
1457 2109
908 3722
1229 2867
176 2868
530 5954
3898 4583
833 7100
165 4030
2350 5849
5087 5589
4425 4702
566 3720
1085 1341
193 3242
5235 6127
2899 4031
4953 5207
537 2572
331 7114
1227 7282
1493 3992
4445 5946
4748 5218
4502 5159
1589 6630
1977 6964
1557 3463
3349 4035
2207 3668
1691 4641
1869 6694
2441 5098
15 1669
5471 5586
3088 4537
295 1548
6207 6951
4216 5793
606 2453
3194 3986
557 1333
1471 4222
3642 6518
3491 6844
3895 6288
3326 5690
1435 2169
829 4480
4111 5628
1186 6806
2351 5822
315 5330
2101 4413
1326 3626
4861 5241
2795 5241
2872 6970
1584 6384
296 5121
4601 5346
3379 6229
1215 1567
1256 3061
3295 5493
717 3177
6598 7007
5986 6523
4528 4613
4867 6779
911 6988
3147 5143
1663 6295
500 2880
6276 7228
6537 7041
320 1134
3015 3883
2981 7270
1332 5797
2497 6946
605 3806
389 2649
609 6507
3138 5941
1187 4713
4616 5103
4589 4806
3966 6351
3281 6781
1118 5083
1313 1533
1875 2928
6621 7112
1018 2431
1254 6112
921 2644
3296 3839
5844 6182
1801 5618
441 6693
4115 7096
5212 5416
459 7026
5116 5507
2514 2538
580 2045
1390 6591
944 2694
2789 6522
1680 2141
3654 4846
1822 2115
4673 4711
3729 4126
424 1910
1967 7207
1775 7148
6518 6596
2268 2489
815 3891
480 6509
6629 7206
42 3456
461 1056
687 1054
3621 5069
4580 6969
2988 3548
2949 5064
837 6326
2771 6539
3724 6796
895 1928
109 6573
3162 3796
2518 2667
976 4599
4663 6522
1035 5423
744 4119
1790 2032
2443 5165
4479 4905
3680 5861
916 2500
4588 7274
5522 6351
875 3504
4318 6981
1135 2552
1843 5925
2797 6684
3687 6313
1036 6718
2532 6141
86 4426
1511 7210
256 5070
130 7134
314 5747
1610 4403
1556 3854
2898 3969
221 602
4377 6478
411 7190
1178 4880
815 2674
5242 5836
2760 3828
4718 5950
4991 5806
2450 3381
1934 4534
3577 5237
5265 5447
5403 6196
1264 5552
4157 6466
3327 4270
3018 6693
2119 3353
3817 4545
4062 6746
450 6375
796 6847
4431 6921
3365 4935
2563 4122
1272 6492
526 5890
900 2355
2029 2687
1409 5271
4980 5854
1480 4915
1728 3113
3946 5665
4495 4651
1417 5077
627 5170
273 6556
2155 6594
1859 3648
973 3285
2572 3310
2033 4088
1265 6239
1862 2014
3855 4205
2661 6855
2279 5193
89 5700
1648 3348
422 2278
1029 6676
4339 4528
1071 3356
2645 4086
3409 6525
2925 2989
442 3376
4629 5579
5789 6624
838 4150
3467 7187
3954 6146
4224 5861
4419 5587
1312 4642
1033 2904
6075 6463
5431 6096
1652 3483
5109 6038
175 893
2654 3222
4799 6802
3366 6388
852 2319
2216 6508
1458 2935
951 1056
5505 6135
1315 5379
3082 3571
4649 5412
6006 6934
21 6288
2039 6873
3538 6330
2295 5774
2439 6058
2109 4351
2337 4881
527 5986
1990 5219
755 4434
538 5113
1309 4917
2229 6782
1544 5401
1630 6547
4189 7215
571 4074
678 4336
2375 2605
6057 7186
1633 5878
1009 7105
4504 7350
3273 3799
161 2258
1170 5962
4837 6612
1672 2141
4248 5305
4071 6469
7036 7153
3730 4931
692 7261
606 6296
48 1394
920 4641
35 7227
1119 7168
1714 7154
1350 3689
2415 5592
1038 5089
568 5142
1495 6991
984 1100
5121 6705
1523 7234
4631 5395
3025 4516
701 3515
3076 5840
2289 4913
4675 5939
2110 6399
2476 5652
1769 1822
875 1098
990 1447
3828 6637
3613 4022
244 3506
2132 5963
389 5849
2510 2907
3365 6435
882 4836
2708 4800
946 4524
2705 5887
3071 7067
589 1426
1168 6318
2646 6022
670 4590
6309 7181
5311 6708
2127 2406
4789 6468
5058 6134
3304 7338
3260 3591
2628 3923
2406 7299
2403 4591
5176 7137
677 6833
3430 6110
1606 2822
1966 5701
3917 4504
3123 7305
2399 6982
1145 3117
3087 3826
536 4803
5408 6770
2620 5544
3322 5551
846 6601
4694 6036
5781 6016
2504 4874
2095 6162
1173 4872
5170 6135
2842 5942
2201 5536
55 467
3481 4396
2541 6890
1592 4204
709 3989
3925 7272
569 5097
5641 6606
3550 5573
1598 3437
703 7321
2943 6560
4991 5862
1301 5768
353 6827
2016 4388
2064 4541
5431 6562
6326 6540
3248 5162
4431 6824
3053 4554
4181 7084
3128 3721
3708 6373
3396 4583
3937 5100
1464 5259
636 5650
4523 6525
1251 1721
6993 7075
1359 6561
888 2117
2542 4185
3698 4703
2768 6612
2782 6035
162 4760
387 6763
767 2887
2503 6885
4028 4036
3029 4777
3074 3590
199 4059
155 158
1950 5256
4623 6407
1535 1903
2670 3624
4540 5334
7165 7318
3227 3946
802 2660
3278 4452
3304 5966
4456 5341
61 4245
3927 5295
164 3011
1128 1682
1093 4917
1108 1402
405 7146
3334 5129
6015 7289
2904 4167
4364 5372
1478 3388
615 5172
323 3778
2319 3135
1625 6055
2344 5241
2339 3927
5711 6643
2658 6211
4348 6134
2821 3565
1918 7344
1087 6131
678 4093
1530 2514
411 2427
1044 6655
301 5144
1268 5709
5236 5418
5010 5801
3652 4029
4661 4932
2716 3452
3683 4326
4116 5269
2390 5655
5349 6347
4560 6287
2130 3472
1558 1695
1876 4334
658 4826
5308 5823
4987 6548
2275 6968
16 106
3501 5748
2135 5344
426 1973
2395 3544
4431 5426
5487 5604
4490 6991
5538 7160
1796 4402
2084 2452
3972 5124
3323 6788
1790 3713
4071 5657
3549 3713
1748 1762
2628 5146
2720 5045
1257 1750
548 3702
1531 5754
493 3556
1078 5454
1662 2505
888 1149
544 3031
4643 6682
1685 6145
1212 5283
437 6595
2955 5943
4440 6614
5229 6732
1432 3084
383 602
140 168
4452 5899
3653 6072
2008 3276
418 4869
3293 6348
4807 6794
609 2528
1759 2566
2816 4749
3224 3308
3002 6839
550 7294
3456 4905
537 6203
1296 6850
3190 3832
4770 7070
1335 5477
4562 5116
1653 2253
2452 6589
3160 3693
270 4271
4906 7289
2958 6126
2571 5864
6491 7048
4161 4358
90 6376
3444 5918
5669 6656
1510 4727
4239 4488
2386 2561
995 4712
1136 5602
2479 5502
2098 7142
1786 2365
1743 6100
903 1793
3787 6614
2358 4900
3157 6304
1099 4594
1205 5102
3605 7307
1287 5820
307 1132
1005 2004
5706 7287
202 3117
3102 6102
812 5019
4227 4456
945 2851
4459 4625
1227 6268
3822 5689
1482 7338
2449 5107
1922 2819
2772 3588
3401 4200
1012 6835
1867 2271
3594 4361
362 4624
1690 1839
1742 2932
226 2454
2889 6150
3500 4729
5973 6129
2859 4709
251 6695
1990 6021
5967 6825
2774 6457
3838 5627
1280 6061
3754 4261
1056 6423
1438 2214
5880 6831
3005 6204
861 5291
2094 6576
2223 3266
2407 4795
3413 6487
1735 2647
958 7065
4948 6759
1837 2674
886 2073
1068 4941
1693 5734
1046 6271
3082 5360
2374 2480
2621 4556
3101 4167
864 5254
4304 5283
613 4168
1030 5251
3988 6243
5695 6302
3894 7270
2075 5432
2350 4526
751 5278
99 6585
4941 7032
3270 6346
1460 2002
112 2371
782 3309
2823 3730
3121 4295
1291 4070
4294 4894
6617 7317
967 1407
2603 2841
2382 3611
285 300
794 7290
1112 1261
2854 5277
689 7322
1535 5810
6467 6506
1158 2548
3258 4549
110 1416
2844 4210
1348 6436
1668 5091
2247 6160
4686 6916
5129 5763
1429 6928
4403 7151
1290 3306
3710 7049
3191 5833
1487 1939
1372 2713
773 5043
4199 5288
1410 5018
217 6530
528 1249
3394 3897
2373 4386
3033 5227
1390 3364
2044 6355
3346 5634
4370 6298
1547 6421
4303 6615
3021 6314
4260 7172
864 5378
217 3756
5245 6749
2865 4212
863 3958
4711 5786
1448 3730
625 4225
3973 5285
461 6740
4494 5030
3725 3801
6191 6730
103 2303
1081 3105
874 2065
3667 4429
1199 2508
2818 3536
3060 4214
2010 4929
905 1586
1373 2532
3727 5157
4014 6104
6758 7236
470 847
1626 2244
2286 6782
2334 6107
94 1943
1816 2914
3801 6665
5168 6610
1998 3544
210 4166
5220 6556
451 7087
1856 5775
2408 4109
5331 5807
3424 5272
1865 4533
3579 7310
1171 6563
4758 6928
4083 6610
4832 4852
930 3992
425 3279
1089 5376
3356 4300
1676 3175
69 2828
4868 6842
2264 4388
1575 4209
5448 5542
1128 3046
1273 2069
4745 7205
498 2474
146 2275
3337 5980
2111 4522
3911 5330
3389 5955
4103 4183
3243 6816
3067 5831
1271 7169
1232 6265
265 2829
2963 6458
2286 6217
269 4073
1283 5909
901 5719
3202 6613
116 4614
3977 5008
5493 6443
503 5726
1301 3362
91 3101
5896 6565
2849 2919
5662 5996
3627 5908
6603 6647
3425 6010
5863 5957
3825 5360
4880 5061
554 7111
2054 7191
1586 2184
1870 5762
5025 6011
2585 5151
3543 3646
5736 6502
36 3610
1091 2611
4368 4799
128 4741
4025 5623
4655 5546
138 2956
2467 6004
1725 2050
1714 4769
6712 7213
2428 2990
1010 4761
2126 5369
245 1779
3022 6479
334 974
681 3083
122 2144
5560 5598
1503 3406
4142 6942
2896 6826
5103 6479
1339 1472
2274 2934
6380 6669
1178 3567
735 2161
371 5216
4345 7074
1021 1337
7119 7353
1374 7134
3507 4614
1597 3030
1946 7148
87 6984
2470 6031
2152 6195
2111 3343
795 5323
645 5644
904 1375
400 5478
4661 6643
1399 4327
2052 6319
3601 4743
830 6288
5775 6486
3965 6429
2709 4742
411 5096
547 2626
2967 6245
2071 5754
2297 5197
3134 5687
2496 4894
1551 5609
1379 7344
3896 6203
314 1282
3267 4998
5134 7073
4738 5765
1049 6026
6610 6849
4458 4860
2533 4981
3470 3808
6003 6795
2650 7266
3041 6442
4053 4172
151 3984
358 5447
1981 7221
607 4128
2303 2624
6318 7317
2386 6274
6799 7016
1354 2219
6042 6413
2679 4094
1046 6208
267 3375
1159 3911
454 880
793 2540
3348 6530
1104 2060
2157 4042
1280 5780
61 2954
1665 4236
1310 2980
3649 6435
1427 6391
590 3947
3024 7352
736 3919
788 3361
551 4477
298 2345
4355 4505
3729 5583
3623 6683
4181 4906
1712 7253
1837 3707
386 6540
3346 6213
3324 6403
173 6098
5535 6293
1892 5642
31 6421
1999 5682
6692 7326
3455 4233
281 2668
1311 4309
846 3229
1717 6150
5428 6449
3674 6614
4177 6886
1464 5469
819 3614
5828 6361
581 5285
3614 3939
870 6724
1049 2656
4616 5836
5374 5672
2098 3533
3467 7160
1418 2516
1034 6110
776 6977
865 3226
809 1282
102 2730
2097 5483
6306 7043
5192 5258
262 2142
1172 6170
553 1101
3834 5039
1194 3572
4153 6944
50 4263
1141 5188
1840 2123
3333 6043
2384 3321
958 5992
1355 4912
1811 4782
1249 1983
2769 3407
4066 7119
54 1729
1427 2511
5591 6128
5928 7347
5049 6538
6248 6947
5246 6243
80 312
3676 5144
858 1001
5588 5913
958 2131
1643 3711
1957 5403
3562 5276
5646 6572
3662 7292
83 2187
1993 6180
959 3296
4791 6551
2383 3503
938 4424
3315 5477
2343 4091
946 4137
638 1163
2933 3892
1940 2879
2619 5626
332 4723
571 7295
1311 1975
935 3532
3271 3465
3679 5671
1586 4073
846 7072
6032 6867
966 1573
5079 6393
3490 3931
1847 2437
6048 6173
1190 2291
1472 5019
5952 7144
1504 1553
1127 4340
3014 6008
530 7314
937 4532
1552 4985
2511 5632
2297 4796
1602 6715
1363 4084
3354 6633
5940 7125
662 6249
1058 1569
4074 4947
4226 6492
50 909
1305 7118
1072 5631
6379 7188
856 4003
366 1908
259 1283
118 5740
4739 6708
213 1065
925 2052
816 6256
1006 1141
3702 4077
6381 7222
2225 5562
1538 6748
774 1528
305 5274
840 5562
269 2009
2700 7238
3508 4848
5464 7185
1890 7192
1631 6374
589 4231
1870 4268
2112 2763
1960 3918
137 2049
1180 5734
1392 4058
1274 6086
2188 3295
4143 6566
1817 2445
3624 5577
1646 2124
2634 3693
1015 6904
732 2074
1508 1995
128 6263
4249 6574
1879 3899
2495 3733
4179 5773
2384 2716
2195 3149
5743 6408
3556 5583
2974 5013
3118 4374
1817 2866
4470 6020
1362 4985
3622 5936
1222 5722
4872 5831
4428 6044
3594 3923
