85
45 46
100000000 99999999
45 60
1 12
71 79
1 13
5 72
37 48
59 62
20 48
27 41
2 10
42 79
36 83
8 32
3 22
11 66
36 41
4 16
35 60
2 79
64 76
33 57
26 54
8 70
51 56
26 40
4 22
15 82
43 53
33 38
18 21
13 80
37 83
39 46
65 74
37 77
29 30
1 62
51 55
31 84
7 24
30 75
17 82
19 78
2 18
11 38
25 28
18 48
40 57
2 46
62 68
4 56
26 81
5 37
18 28
22 60
38 74
5 15
23 43
27 64
50 61
6 40
31 40
14 29
27 58
4 69
60 72
9 32
62 75
22 78
55 67
73 74
5 47
26 70
7 20
27 63
0 52
1 74
34 45
48 52
49 61
39 54
44 45
11 53
61 79
