88
41 8
7 0
47 86
2 69
2 71
14 53
54 58
28 74
0 42
45 46
4 38
18 40
8 84
27 28
7 41
21 34
35 76
46 77
63 82
12 16
15 40
59 80
74 75
40 83
41 78
1 28
17 75
5 63
5 6
33 59
20 31
6 87
8 23
48 62
8 25
34 85
76 81
19 64
11 44
48 68
51 66
3 81
45 73
6 20
30 37
35 45
67 84
55 73
60 70
3 72
47 54
50 70
9 79
56 82
28 49
39 58
81 82
15 43
61 81
10 35
9 71
47 72
39 80
12 53
0 52
14 72
28 32
52 65
46 70
32 72
42 50
40 67
4 16
0 13
42 57
24 68
26 69
36 81
19 22
21 53
8 74
29 76
7 53
2 21
66 69
37 62
22 72
7 11
17 30
