3164
2216 737
35 5
1700 2974
2428 2552
581 1638
1175 2209
578 1170
1700 2908
353 2783
1522 2623
1340 1456
2392 2954
1599 1733
1107 1331
1261 2146
57 1966
1636 1637
835 1595
820 1452
743 1981
2403 2884
88 1275
540 2236
1448 1919
592 769
1193 1821
1109 2501
92 432
153 2352
1904 2265
1608 2495
723 1270
1790 1813
1391 2148
2363 3155
2368 3060
2172 3142
705 1923
1264 2848
1281 1617
198 426
859 1138
25 146
650 2433
1948 2710
1600 2555
1246 2963
131 907
1563 2525
2501 2763
1104 1295
271 2171
1928 2536
74 2526
1392 1500
1835 2905
472 655
1130 3122
942 2302
591 1616
283 1126
664 2898
1326 2932
694 1643
1963 2728
1423 2732
656 1624
588 2611
780 1957
1255 1533
1228 1421
27 2113
272 1544
1527 1987
1013 1432
1981 2397
1538 2322
815 1966
1525 2189
1095 2856
1674 3064
1447 2067
1207 2645
2524 2562
1596 1685
1732 2458
950 968
600 747
706 2141
1238 2547
348 612
932 2208
1283 2573
1418 1919
1669 2830
1071 1640
306 1708
1080 1633
182 2621
1948 2444
1657 2570
1321 3054
865 2012
560 2732
2216 2345
1714 2550
122 915
1536 2771
1810 2042
624 1412
2496 3059
113 2840
405 2223
548 2862
0 220
1487 2212
434 543
425 3004
1046 2132
552 1303
1039 1525
860 2200
52 1793
1509 2800
1756 2739
2308 3080
1110 1927
793 1235
267 1202
1081 2526
576 1583
1738 2852
329 1446
1118 2605
953 1670
563 2603
2275 2384
1024 2346
844 978
1349 2716
1885 2230
1211 1956
377 385
334 2445
1364 1804
405 1333
1413 2820
1612 2945
1597 2825
258 1454
1831 2248
327 1255
2513 3096
807 1249
880 1077
1293 2677
665 2242
2202 2247
376 615
890 1247
868 1663
451 801
422 630
1065 2594
272 1585
2530 2815
485 1738
269 1034
16 1909
652 1028
586 659
166 3109
443 1067
155 2338
384 1780
1147 3044
2140 2374
303 2424
1245 1973
82 459
890 1177
236 1281
1055 2363
2378 2759
1739 2771
863 1991
1347 1804
17 2199
1284 2340
693 1255
25 1387
139 709
1609 2967
350 587
331 2865
597 1881
2776 2898
381 588
134 1163
1781 2093
1527 2200
2194 2201
43 2745
1321 2319
405 3132
159 1136
581 642
126 2454
673 1461
1003 2387
88 754
95 666
297 2928
1759 2385
655 3023
1190 2308
2757 2901
273 3131
118 2283
229 1454
90 234
732 2241
1495 1632
2656 2682
814 1333
486 2887
2680 2749
103 2579
912 1144
1476 2429
2006 3052
1955 1995
1286 2390
624 2924
3029 3063
2641 3035
1308 3092
1098 1874
797 1378
1269 2412
1779 2240
1913 2146
549 1804
1121 1809
2387 3148
117 1453
2026 2613
114 1061
1922 3157
178 2982
857 1780
266 551
537 1128
109 1502
1313 2292
1077 2831
364 2593
1823 2765
42 93
1493 2259
813 1091
790 2421
426 2385
379 507
1222 2027
2307 2991
1894 3085
1532 3133
2287 3020
1252 3016
1607 2556
1044 2084
829 3084
2367 2857
1235 3033
1619 2467
660 1557
467 1944
95 847
1073 1743
1036 3026
722 3093
916 1020
1187 1626
1600 2408
885 2864
891 2670
453 854
1458 1501
2646 3056
34 849
1892 2575
2315 2938
1137 2523
1131 1794
1659 2532
1700 2934
163 1520
350 1989
1296 1563
838 1095
677 757
885 2678
751 2622
293 1870
347 3043
1673 2264
1014 1053
287 732
1610 2506
80 1737
647 844
1322 2288
1757 2427
2927 3149
1272 1718
862 2895
189 1969
781 1890
831 1101
771 2528
1726 2670
2330 2531
267 2786
476 1635
1032 1627
1160 1875
1844 2050
781 1675
611 1980
1210 1471
609 1434
985 1777
1615 3067
272 760
925 2419
423 2657
999 2533
215 740
2160 3091
2007 2734
641 780
296 1784
1065 1473
1979 2596
786 1501
701 1222
2188 2844
1702 2429
1644 2029
1441 1726
1831 2650
1169 2610
1894 2866
2804 3139
468 1531
878 2444
1135 1589
1132 2891
1912 2042
2825 2905
191 1049
1458 3018
2102 2383
2750 3074
17 1755
2076 2783
1635 2361
1234 1337
68 2668
1357 1725
874 2873
1096 2234
2297 2672
621 1794
1153 2262
450 2408
1919 2674
367 1974
190 1253
456 495
48 1947
399 2800
1726 2024
319 813
21 1229
1981 2793
1842 2128
757 1480
1060 2410
74 1242
416 1765
2471 2569
469 885
1428 2896
256 1326
808 2475
249 1589
1840 2447
211 3061
2291 2926
1156 1188
504 2371
1797 3102
260 1027
293 1992
1245 2957
280 574
2387 3039
605 1499
1829 2052
139 2522
1272 2699
1762 2843
623 1263
1217 1707
602 2789
401 1685
853 1719
511 755
18 600
484 2062
1552 1794
2497 3024
1214 2443
782 1058
292 2924
100 2597
492 2309
386 517
1091 2941
1859 3011
1470 3142
1666 1798
2888 2980
620 887
1505 2541
430 2456
843 2482
2416 2605
2377 3001
263 1869
515 1202
1918 2696
1129 3084
762 2336
26 2736
1244 3069
500 1008
249 2044
1151 2781
580 2820
1886 2597
2225 2934
414 1957
429 2299
41 1478
1286 2652
569 2013
938 3078
805 2530
156 962
1276 1647
2239 2623
261 1691
546 2493
53 58
487 685
1188 2820
248 2633
704 3081
346 2138
295 1195
739 1564
815 1542
286 829
1703 2130
2548 2900
216 392
1172 1829
772 2357
2037 2745
2392 2500
857 1759
900 2853
947 3008
1841 2102
1782 2966
2679 2728
22 980
2590 2916
648 2421
1658 2321
851 2219
316 503
1176 1720
2617 2637
583 1361
224 1868
1822 2241
359 2470
742 2382
255 1080
631 871
529 914
338 1712
601 1648
491 1562
2010 2824
2069 2266
2053 2391
376 2187
205 2968
812 2839
542 1779
1706 2704
1117 1383
787 2868
1313 1967
1078 3028
1007 2647
366 2233
172 2089
1855 2697
5 1505
442 1600
211 2595
988 2482
1341 2517
1940 3018
1519 2165
1009 3041
326 2350
1523 2964
1400 2360
224 1497
454 1898
1973 2987
698 2273
1847 2250
937 2372
690 1504
1082 3073
345 1999
1534 2087
1843 3151
1570 2862
1223 1388
468 1446
1877 2237
665 3018
1207 1582
2539 2735
81 1845
154 1416
1127 2925
1198 1853
677 1176
790 2311
346 683
640 2981
864 2151
1904 2164
1806 1853
361 2662
1965 2775
572 2469
1299 2874
969 2662
856 2515
1211 2760
1559 1704
325 1799
798 2927
201 1335
457 2764
601 1372
565 1125
549 1223
1342 1499
1882 2908
2046 2448
1996 2844
1601 2036
143 3013
573 2351
1385 2450
465 564
1184 2613
815 1699
553 1485
1060 2380
699 2457
1739 2740
913 2664
7 838
1087 2255
719 2261
367 2429
1351 1617
1097 1502
996 1151
1068 3108
625 2152
51 256
1924 2098
1567 3034
2390 2985
1148 1553
2519 2694
1917 2338
199 748
1106 2831
976 2954
479 3147
954 1165
1492 2173
1836 2197
1796 3110
1048 1224
535 2946
644 2783
1509 2675
84 2038
1667 2447
1195 2650
1102 3139
2070 2657
1269 1393
89 2200
161 469
244 1359
49 1021
1298 1303
414 1694
1481 1852
144 2469
956 2437
1195 2754
47 184
712 921
1527 2108
470 2374
111 1553
200 3060
280 446
682 1391
2402 2614
1250 1696
544 2183
461 2859
1976 2308
917 2627
67 2588
1305 2029
493 3136
2540 2896
1512 2627
118 581
1398 1714
509 2861
1431 1475
2848 2990
1273 2472
871 1632
1193 2145
923 2030
400 1238
541 1758
265 1145
1225 2907
156 1770
1076 2916
2576 3038
692 2032
183 906
850 2057
1736 2657
357 602
2063 2660
1976 2187
720 2876
1986 3070
253 2974
445 981
903 2613
1170 2144
2633 2896
519 2275
1041 2031
1640 2847
2229 2635
689 2761
2327 3023
2233 2984
1007 1654
1124 2092
970 1787
1825 2536
370 2279
1613 2060
864 2968
1660 2817
393 2133
2418 3000
1487 2886
1114 1178
2441 2573
2308 2984
1904 2940
2047 2870
1629 2498
1041 2071
735 2930
1276 2912
256 1565
150 1879
2337 2787
1084 1649
484 2650
1818 1837
1301 2035
2626 2648
1359 1960
1421 1572
431 2093
1405 3137
137 2510
314 1369
557 2739
129 1932
1680 2516
1734 2373
907 1089
1999 2471
1074 2575
8 2797
70 1950
1676 2330
2330 2642
1331 2432
527 2966
170 1056
1009 3053
169 2186
1549 3124
2046 2192
425 1728
1513 1753
371 2829
90 2214
1316 2502
690 1920
477 754
822 2921
1348 1433
1258 1873
501 1450
589 2099
107 1626
448 1778
1845 3045
1412 2019
167 240
495 2770
676 2956
250 290
160 1070
1546 2816
354 1817
19 1549
218 1064
1422 2082
437 1740
1896 2185
1296 1328
1350 1683
214 915
360 1362
684 2890
326 3046
383 1122
1112 2686
572 2186
736 3142
1350 2568
180 1333
1053 2436
1520 1558
1512 1691
2231 2267
541 2130
457 1249
1057 2026
1202 3037
2157 2419
791 1637
2626 2826
1216 2859
1491 2179
2071 2253
946 2118
528 2307
1668 3025
156 546
495 1865
343 1894
890 1745
1608 2521
1506 2845
884 1561
883 2352
1459 3002
2484 2930
301 2985
2066 2708
715 1952
138 304
287 1467
1542 2144
1447 1990
1110 1866
1660 1740
1066 1839
154 644
334 2982
713 2872
639 3095
103 2464
2564 2587
317 2454
1550 3048
2182 2718
1705 2806
2303 2572
1245 2591
1155 2519
225 2854
2840 2906
1742 2288
735 1797
1165 2972
630 1723
279 3084
1328 2480
289 1545
1050 2956
1701 1943
449 1118
1365 2434
269 2510
152 413
2251 2593
2168 2921
44 1587
725 2290
451 461
409 1069
198 1214
1650 1988
49 1457
1508 1762
101 1785
402 3081
438 2041
392 2469
2224 2946
665 1606
192 1716
95 3039
562 2558
1897 2475
975 1038
1338 2232
1108 1922
734 2178
1971 2575
182 2697
714 3112
2618 2837
119 686
2179 2821
2216 2577
351 919
502 750
1518 2849
47 346
8 1813
2393 2834
1258 2807
2100 2682
522 1113
232 1256
1919 2355
1687 2239
2292 2629
1516 1655
839 1292
1166 1201
824 2309
481 2568
897 1285
545 2807
272 768
189 1566
1616 2659
488 3075
370 1934
2243 2547
1505 2007
162 2652
604 1852
1267 1620
779 2689
909 3015
572 895
710 1768
31 1975
148 1898
558 1489
168 2566
2114 2128
140 2200
2438 2683
1252 3006
452 2541
88 239
382 1985
1283 3028
2285 3004
816 1318
41 2300
1883 2627
512 682
2029 2326
2606 2648
599 1610
1321 1435
1951 2920
847 2707
985 2552
626 1269
439 2081
1149 1205
1478 2302
62 1612
587 2275
786 2714
2203 2312
1882 2823
1381 1573
196 2095
2527 2918
929 1515
2385 2500
458 2012
320 834
513 794
1289 2159
2048 2737
1254 1731
444 2067
866 1214
1496 1766
1672 3050
1049 2598
451 679
162 765
1045 1704
1088 3149
541 2990
611 2297
371 2039
174 2156
2316 3098
775 2210
490 2174
1396 1497
2485 2904
17 1662
731 1860
980 1935
954 2401
603 1392
2490 2540
590 1609
1080 1439
664 2070
358 2056
1133 1830
2359 2587
2386 2507
369 2984
2170 2304
291 1644
2387 2640
1381 1860
2031 2487
225 2725
1099 1361
900 1481
13 3115
1159 2356
480 1356
1512 3138
833 1071
380 2465
1017 2595
471 1162
172 1019
1378 1531
48 311
926 2342
195 408
1302 3076
1158 1905
59 1976
1667 2146
1186 1574
1510 3137
2462 2885
26 145
1098 1550
1138 3027
1111 1653
696 2074
1906 3074
217 2923
2274 3083
1736 2020
2085 2243
1275 1394
949 2477
1840 2045
789 1902
882 2801
667 2336
492 998
559 1754
855 1881
2419 2632
1401 2074
347 1559
609 1842
1123 2189
1067 1306
1494 2196
478 2463
2752 3160
1448 1605
1463 2431
359 1443
1439 2324
1321 1737
1465 2140
24 2206
1730 3113
1109 2547
1075 1470
2433 2943
357 2898
997 1560
2050 3090
318 1294
338 1336
1113 3131
1693 2227
947 2590
96 1756
890 2651
1546 2989
159 1872
2956 2978
833 1751
496 2451
1006 1857
1181 1936
433 2810
1207 2430
2695 3019
360 1997
920 2196
1354 1562
458 3116
1450 1573
2052 2644
617 952
766 2172
2150 2914
1724 1940
1210 2725
1709 2433
1026 2765
339 1493
918 922
1821 2567
987 2028
650 1567
44 2556
1352 2305
1661 1715
201 2445
128 194
299 1339
56 1927
950 2034
1403 1795
329 3113
2703 3014
1784 2004
879 2078
1673 2479
1143 1167
728 2038
2139 2554
783 1825
707 1779
291 1764
1820 2484
363 2164
54 960
73 2525
924 2442
327 2872
1326 1390
98 502
2749 3004
567 1208
231 2504
382 2935
100 2354
2014 2737
576 2883
1472 1770
1974 2077
147 1515
1947 2720
1795 2785
1004 1371
837 3058
1682 2868
375 425
368 1167
86 2814
1430 1802
337 3077
338 786
1745 2284
1123 1938
2457 2806
602 1018
1243 1984
2832 3075
1865 2878
1077 2215
1052 1976
2278 3126
1417 2337
2647 2720
1539 2426
1553 2600
526 1765
1005 1438
1681 1903
1453 2364
2707 2949
2604 2685
1860 2081
1127 2175
45 1838
678 2168
99 1877
502 1878
2334 2399
1157 1366
640 934
995 2032
977 3156
1120 1320
1482 2213
148 1767
2445 2920
774 1203
174 2170
2386 2415
1996 2115
1759 2919
1971 2078
555 2395
1387 3031
1903 1971
467 3084
2463 2765
2124 2828
1201 2051
2087 2457
947 2546
344 1464
1468 1727
1699 2923
2055 2610
2155 2413
994 2077
530 2471
317 506
1599 2774
1562 2502
11 2880
800 2023
1688 2793
2040 2740
2103 3086
1389 2424
1622 3078
610 860
668 1426
1875 2781
1134 2371
912 1203
446 861
2243 3141
180 3140
445 2126
1650 2196
1370 1618
1486 2283
1287 2090
647 1648
1653 2302
739 2101
573 745
94 2086
558 2099
1465 2095
2692 3037
320 2210
1373 1913
1625 3053
1041 2112
951 1280
1608 2141
2325 2436
1353 2903
2484 2772
617 2398
925 1430
1921 2054
875 2465
233 280
103 483
343 2720
60 1077
1080 2095
123 955
64 2427
1089 2846
251 3143
1867 2035
1079 2167
1569 2806
1679 3111
826 2642
418 2538
285 2195
553 958
526 873
1154 3001
767 2177
730 1016
1444 2245
65 2998
448 3145
687 2533
1956 2773
2559 2739
1849 2501
659 1752
701 2606
1643 1937
1214 1562
507 2041
2716 3127
2249 2727
710 1241
872 946
1346 1423
942 1455
171 1542
2199 3146
777 2022
1653 2929
126 3083
321 2904
761 2150
904 1754
1536 2784
688 846
1475 2047
2571 2911
2280 2452
246 1815
1580 2423
328 902
1406 2922
1769 2816
264 2154
2281 2871
1582 2563
667 674
1484 2448
175 2777
1119 2060
1851 2445
525 2652
1918 2435
138 323
839 2885
568 2836
917 2032
2496 3038
1793 2041
852 1911
1001 2724
314 1273
873 2629
2063 2904
399 1386
1181 2809
45 3154
136 1490
1175 2305
1307 2051
1 1820
407 840
1103 1878
826 1015
1711 1804
1511 3006
472 2270
1477 1717
275 344
1188 2503
1189 2370
872 3147
52 1460
4 200
430 556
1456 2616
3102 3134
447 2510
1317 1491
890 2857
262 906
1488 2991
527 1555
942 1911
1085 1193
953 1515
2405 3051
489 1899
1811 2810
2389 2896
1071 3048
429 1244
2283 2971
766 2074
1084 2361
1240 1332
497 1861
23 2913
1590 2040
1054 1731
226 252
188 2252
877 3154
546 2550
377 2292
364 2075
1581 2667
808 1469
1883 2859
721 2169
1179 2965
2040 2891
1506 3091
14 2503
2142 2925
692 1483
1013 1245
2241 2901
40 2689
1524 2796
526 827
127 244
636 984
124 1440
210 2073
715 1718
1163 2498
10 3017
1277 2742
181 2871
2025 2589
434 1766
2523 2991
219 697
1560 1571
1389 1797
1167 1833
923 2548
2032 2871
295 2314
982 1396
619 907
2009 2877
525 2130
388 533
480 869
858 1423
108 2866
2091 2649
2235 3118
562 2504
784 2979
763 1914
35 2791
418 3056
1775 2433
753 2294
467 1824
20 164
1871 1941
549 2942
287 1199
32 1549
202 1469
365 2866
2005 2671
2190 2881
333 1678
238 1547
994 2655
1935 2753
1604 2519
1327 2855
1121 2404
341 1596
394 2986
1274 1315
39 1814
816 1133
1572 2461
1516 2927
613 1564
1078 2893
259 2143
1010 1248
1326 2364
970 2125
415 3003
1835 2491
865 1332
661 2165
432 2478
971 1891
1743 2767
194 2304
702 2378
1524 1649
1109 2488
978 2715
448 1327
1788 2372
251 2733
55 1285
1292 2362
1354 2350
334 2643
1482 3002
2592 2899
1795 2492
1994 2494
8 2257
627 2533
1695 2151
2250 2417
577 1905
463 466
585 2811
517 556
1468 1497
34 532
1667 2842
1987 2167
863 2138
2 960
671 2008
374 2337
1481 1498
634 1283
362 1254
180 656
1436 1763
785 1550
571 929
2400 2685
1898 2313
31 282
1484 1510
424 1594
981 2953
1378 1517
637 2969
546 1717
1161 2565
684 3132
115 2007
1006 2278
616 1842
1507 1918
800 1639
868 2436
389 390
1652 1857
1997 3059
845 1496
1843 2155
902 2508
204 2856
606 1133
727 1138
2178 3040
390 2545
756 2542
2396 2639
1398 2669
254 531
1030 1846
1137 1398
2340 2736
2770 2830
14 1043
214 1642
1897 2746
192 1811
266 316
2439 2981
1891 2434
511 1096
1773 2632
1425 3145
583 2889
246 2986
308 507
557 1577
860 1752
1305 1575
2937 3114
811 3119
822 1965
1646 2177
2288 2657
725 1299
805 2994
135 805
2726 2935
820 961
1502 2220
2145 3087
2053 2578
730 2050
1656 2794
536 619
1152 2988
870 2938
1223 1367
571 2631
2513 2856
245 352
818 2714
36 2066
763 2499
886 1059
2147 2959
1785 3126
433 2318
360 2624
283 1057
462 2384
2931 3089
1750 1881
870 1760
235 1947
990 2540
1723 2950
1426 2953
1107 1975
1838 2598
1426 2119
756 2780
2050 3021
134 2760
10 2981
273 1151
131 561
840 3149
910 2790
710 1251
695 2952
1633 2047
1605 2059
870 2106
302 1164
1832 2696
906 2914
1539 1735
585 2861
54 2101
943 1694
2317 2457
521 787
1345 2144
527 1880
1223 1916
1817 2691
1497 1499
979 2029
226 755
484 1983
714 1491
61 2826
850 2191
774 1551
237 3036
2052 3107
1142 1429
1999 2026
1686 2486
777 1655
499 2098
148 2758
1226 2675
1029 2283
1093 1490
2344 2814
1054 1278
176 1221
2221 2426
102 2468
1747 2850
638 1005
2266 2512
2452 2729
460 3156
661 2834
1982 2612
809 2453
944 2195
158 552
302 1200
820 1593
1585 2180
1441 2339
986 3153
135 1850
153 243
1330 1589
2586 2942
1528 2057
37 75
1498 1710
1406 2730
1005 2352
185 1963
428 937
1482 2228
76 1958
845 2372
689 837
1105 2857
1531 1642
1614 2289
1365 2025
696 2075
40 1719
1100 1122
555 2037
1396 2083
43 1801
28 2145
557 1035
1557 2608
990 2023
2387 2998
206 1253
898 1873
2034 2676
749 769
149 1745
271 387
1217 2856
2328 2594
1307 2879
735 927
490 2691
1081 1812
116 1332
2737 3069
658 1445
415 3114
2679 3135
2608 2707
574 2356
2285 2574
2473 2595
100 2636
1587 3130
309 2795
612 2915
1580 2145
1376 2508
520 3153
903 3067
254 830
459 1331
1309 3020
1546 2604
1879 3128
1279 1501
136 2071
1538 2638
1724 2580
402 737
44 886
283 2992
420 1254
1192 2977
1863 3160
2575 2619
590 1406
129 1633
2176 2345
2059 2467
464 932
129 2534
1213 1768
497 1744
481 760
2122 2195
839 1028
1954 2145
1171 1221
120 890
241 1046
520 1692
830 1344
773 2545
1259 2691
2872 2948
1682 3151
1262 2856
938 3140
255 412
2069 2370
1978 2044
41 396
1529 1688
1409 2767
965 3089
641 2343
178 2808
2930 2962
910 1114
1706 1943
1225 2757
1482 1992
2697 2958
1277 1589
1094 2204
718 2979
166 1040
1445 2107
1190 3112
942 1846
1337 2841
270 2858
2455 2496
155 2625
2460 2935
553 1031
2337 2457
493 2791
2384 3073
1599 2460
1211 1884
195 1449
84 147
2080 2362
260 911
2960 3112
2981 3042
336 1013
3027 3141
2287 2792
1671 2742
260 3104
32 1468
823 2050
1651 2289
2875 2931
1446 2397
1985 2380
2093 2331
2658 3126
23 318
515 803
112 2813
4 288
1496 1839
1340 1753
2270 2605
1315 1857
1664 2260
1900 2193
514 1119
242 399
190 792
977 1010
1140 1671
450 2696
1655 2306
1439 2205
312 2678
1689 2009
2283 2583
1049 1476
1738 2637
937 2530
225 1562
1997 2973
555 1819
821 2801
1665 2923
378 1907
936 1986
473 1188
907 1168
1232 2364
20 2966
3001 3101
2253 2788
151 1310
2394 2904
1287 2875
1323 1890
780 2902
117 956
2022 2420
957 1512
1621 1778
1069 1888
39 2333
769 2170
1152 2518
88 1916
2899 2914
2094 2681
1348 1597
1094 2613
1278 2130
408 2895
486 829
593 2725
2277 3064
2211 2759
275 352
598 1505
2156 2927
1513 3068
1228 2411
1493 1959
69 674
451 1329
755 945
2308 2614
576 1826
294 981
1206 2712
778 1565
2968 3054
2609 3091
241 2366
381 3123
1002 1378
542 2184
337 1500
1531 3119
864 2560
2983 3131
644 3135
1116 2452
87 1491
709 3091
409 1683
337 2682
1243 3076
1814 2244
1127 1805
1926 2157
1342 2450
2155 2258
632 1729
262 649
126 1462
558 909
1063 1206
2398 2869
1961 2068
1291 2366
855 2805
12 2386
27 1803
1459 3163
1077 2782
969 1025
281 2661
2997 3150
78 274
1221 3122
138 988
1282 2171
333 948
942 1260
1421 2708
1685 2476
918 1454
469 2267
728 2335
370 385
721 1395
1486 2286
2687 2802
112 2595
36 2841
2775 2946
2557 2829
2606 2743
597 910
1645 1684
1632 2088
1788 2275
100 2360
1500 2514
2778 2789
19 2236
474 2395
2016 2499
1509 2975
308 2340
1803 3136
2552 2732
1273 1590
1707 2290
2503 3000
1329 1787
1075 2591
1977 2222
128 2960
1057 1346
393 1953
1614 1630
2204 2230
1275 2625
579 2884
1214 3161
430 772
1713 2297
711 1523
1266 2271
608 3109
1222 3117
453 2615
1396 1979
2293 2406
887 1146
486 1019
515 1383
741 1010
658 2074
1122 2791
1147 2252
153 2351
1429 2227
1061 2005
328 3102
1963 2871
2121 2268
1044 1265
759 1922
2109 2602
160 313
1626 3099
308 2105
257 2529
1147 2779
1016 2722
2003 2052
1256 2947
93 1643
459 1485
1386 1581
868 2925
302 2681
337 1290
1784 2852
2835 2998
132 2581
1816 2373
64 1297
993 1678
926 2172
635 825
205 2945
470 1023
488 2709
363 1949
392 645
979 1574
1436 2059
2437 3105
1901 2740
508 754
805 924
2468 2677
1515 1929
616 1272
434 2158
341 2695
836 3109
2690 2942
2655 2936
773 1404
1241 2187
2321 3083
1531 1790
808 1904
1042 2104
167 1259
159 227
1718 2104
642 3083
653 2756
431 1340
1866 2993
1336 2272
617 2988
1856 1909
384 520
1419 2559
329 596
1175 2596
322 2381
2198 2906
1625 1873
901 2827
37 55
177 565
2701 2703
277 1401
1434 2933
1322 3088
121 482
3060 3098
420 1867
1012 2194
1346 2379
1968 2600
2884 3140
1197 1280
2153 2214
595 1887
832 2468
1319 1370
1358 1586
2863 2990
1578 2046
771 1395
2418 3118
7 373
1509 2221
1014 1910
465 1145
2216 3016
1334 2510
2828 3129
215 1502
207 1570
72 2847
250 1727
185 1451
612 1062
1503 1586
522 3060
1613 2688
2163 2855
284 2508
1530 2197
2863 3157
136 1816
925 2746
698 3027
1284 1427
359 387
1848 1937
2161 2970
1374 2683
1414 2709
1310 2665
38 627
148 1187
422 1280
339 2858
499 642
2262 2775
2691 2876
1697 2662
2293 3011
950 2328
1758 1998
74 685
1242 1479
342 2276
335 1003
2293 3106
160 2174
869 1890
1501 2558
440 2195
1051 2746
309 1213
1070 1208
1220 2367
498 2500
2338 2700
298 1306
1463 2492
479 1680
836 2505
1402 2123
537 2679
1072 2027
1754 2744
1000 1930
949 2666
2459 2530
553 1886
2082 2291
900 1087
203 2508
1582 1906
2741 3149
332 677
1463 2268
104 1749
990 2058
683 3090
510 1762
80 830
2061 2742
414 1579
17 2376
2600 3055
1145 3098
227 1425
251 1296
899 2613
1047 2864
2507 2951
2310 2373
2818 3016
628 1292
417 2999
1183 2855
1930 2653
654 788
1618 2847
2162 2887
499 1913
123 1292
833 1853
137 2304
2018 2820
30 1858
1092 1278
1112 2011
1945 2801
1969 2043
244 2944
733 1317
1317 3010
1056 1263
1060 1722
954 2933
681 2014
1105 2135
2513 2928
539 2755
577 2915
1059 1843
721 3094
910 3100
682 2218
1022 1442
454 2260
1995 2960
813 1978
2831 2913
305 2666
939 2023
726 1218
1327 2286
319 831
1209 1679
1543 3076
1698 1730
1173 1562
1975 2458
796 1139
2247 2422
86 2072
825 1861
1772 1894
332 2991
64 1502
399 1116
67 1908
2134 2905
1588 1715
225 971
191 880
991 1791
299 962
186 446
328 2458
355 3011
237 353
672 2040
2043 2867
1675 2194
1265 2321
2045 2628
2399 3120
888 2066
45 2323
726 3136
1176 1324
2622 3162
29 2498
1789 2304
2242 2755
1967 2821
1130 2318
300 2605
809 1836
2276 2853
2421 2705
66 1013
2938 3042
745 2246
56 1099
643 3138
1222 1522
967 1306
168 1913
706 1889
1241 1939
1664 2226
932 1293
1257 1986
349 1459
1460 3032
1544 2894
2224 2721
374 2768
3 2772
1276 1532
3 2371
665 1461
2652 2719
2269 2393
916 1185
2313 2390
322 790
1540 2103
2155 2557
1307 2525
1946 2922
820 1053
930 3095
2328 3038
1268 2773
91 1999
1771 2555
462 2873
1368 2069
940 1376
1685 2957
268 1144
1869 2807
2062 3071
209 914
1713 2516
983 1634
604 2207
277 1515
1292 2001
2263 2457
1905 2978
891 2799
410 2151
2437 2812
2961 3067
469 2342
889 2265
1377 1697
479 2527
1435 1811
418 742
585 1237
324 1919
513 956
516 1457
633 2804
1827 2207
2080 2764
2420 2528
839 1636
2261 2995
818 2753
399 3030
21 2428
972 2298
618 1709
1018 1196
106 1808
950 2984
684 3103
83 1578
962 3125
1417 2119
505 2762
893 1940
2946 3050
397 2086
931 1521
1260 2482
1634 2430
662 1887
2022 3007
789 2054
1993 2730
630 752
1893 2891
2843 2909
723 2295
727 2330
547 2333
2025 2472
71 1407
524 1526
534 761
1777 3114
1538 2666
705 1876
1911 2509
595 833
1762 3074
1631 1757
684 1537
729 997
822 1783
434 1845
1705 1723
964 2349
369 1420
157 2824
84 2571
1916 2713
2352 2955
2217 2588
1995 3155
1603 2446
110 1918
331 802
1115 1335
716 955
1691 2177
417 630
2312 2822
786 3035
546 1037
1060 2303
1817 2999
273 788
1881 2649
1423 2065
33 2393
1629 2819
423 1565
209 1659
1345 2296
2489 2749
803 2727
235 524
774 1492
1494 2968
412 3159
2711 3039
1828 2089
1791 2982
888 1193
1528 1970
275 659
2819 2997
1452 2792
1796 2653
1913 3026
1306 2959
961 1202
687 1020
1267 2790
2348 3153
1915 2386
1325 1666
642 2649
291 2183
1222 1574
1341 2595
1102 1183
72 463
851 901
2886 3069
58 1816
724 2528
226 2838
553 1837
2788 2996
1116 1758
352 967
2110 2582
408 1619
550 1356
350 2444
342 2019
1159 2945
142 668
213 1615
421 1761
1219 2078
458 965
1135 1610
212 2392
161 1786
173 881
1271 2336
889 1679
50 2977
2084 2801
489 965
965 2025
550 676
1958 2421
207 3057
894 3152
791 2511
251 2237
1237 2145
2422 2529
2149 3107
157 912
217 2505
782 984
2393 2794
1058 2828
2282 2712
246 2293
1270 1745
351 2694
2182 2349
1402 2913
2550 2723
1208 2654
570 1841
1862 1956
125 1474
2437 3065
2381 2903
1465 1950
646 2949
55 1000
1523 1996
2241 2313
690 1439
2008 2097
278 2880
691 1578
518 574
2597 3097
1029 1645
283 1263
2697 2865
2616 2917
1297 2336
1994 2471
1248 2411
187 436
1611 2297
706 2809
909 3115
1135 3013
883 1613
406 1943
1396 2522
2102 2342
603 1360
9 1029
836 2414
1067 2271
686 1933
758 2527
853 1317
842 1836
193 2344
1064 1641
521 1800
2094 2155
122 1315
1553 2474
18 57
1111 2021
475 1603
196 1415
2102 2837
2633 3012
94 1933
33 1169
1332 1576
729 1803
77 1514
1150 3143
304 1315
327 1933
495 2547
475 479
1230 1809
331 1993
1072 2521
1157 2113
606 926
2683 2815
2015 2345
1833 2971
1854 1887
426 1628
516 2143
275 2464
351 971
620 933
79 502
691 3018
306 2179
1592 2238
1573 2184
2277 3063
150 1627
1642 2002
1639 1931
2592 3107
71 2116
1035 1840
712 1629
972 2851
1538 2272
180 1408
1136 2620
795 1390
2341 2672
791 2492
1997 2803
1738 2520
181 1295
1227 1817
928 1572
2292 2966
2391 2674
523 2325
1429 2441
572 2127
222 1425
152 1923
1411 1528
796 1166
2544 2603
1337 1759
566 1150
955 3140
1446 1855
135 1444
223 972
265 776
681 2699
161 848
567 1554
1397 2170
407 1277
1422 2684
797 2537
974 2158
784 2041
2183 2206
248 1205
1212 3097
1562 2977
63 1113
2999 3107
108 179
973 3092
1291 1429
941 1681
482 2103
1107 1731
2018 2912
824 2890
248 896
1943 3047
2215 2332
2535 2928
959 1820
75 2483
624 1861
1641 2652
372 2732
2230 2715
1564 2298
1275 2584
992 2813
1046 1410
178 3022
296 1621
512 1792
633 2181
1247 2409
1598 2312
45 879
1114 1594
255 670
2044 2278
1029 1314
173 1116
2043 2073
924 999
386 2449
819 2449
918 2620
193 1120
2225 2858
1350 1603
1390 3058
810 1211
197 2329
293 575
268 589
765 1697
1236 3065
788 2817
915 2011
1205 2078
1759 3062
2143 2282
266 2411
1743 1814
792 2186
365 1174
2000 2052
85 1582
297 2247
1409 2540
1296 2117
1466 2326
435 2415
2797 3056
2188 2592
540 1959
1909 2607
679 1982
1879 3121
835 1637
663 1502
126 1231
1288 1556
1483 1754
1265 2211
355 2988
878 2673
163 2255
1008 1405
1256 2561
719 1108
529 2254
850 2439
340 1315
168 3075
1255 1591
987 3086
68 1300
1141 1212
408 1666
638 700
1961 2749
203 2381
238 2009
1090 1625
41 2585
273 2698
475 1161
1890 3127
2407 2998
1516 1927
2178 2347
2234 2298
751 2537
219 554
1834 2325
1038 2314
569 1547
36 944
2265 2987
1360 2190
307 936
487 2156
331 2943
380 1559
67 2256
1792 2549
591 1068
680 2033
607 2482
310 1932
637 1091
901 2418
751 2224
197 2051
13 815
645 2425
315 1615
1556 2621
618 1412
1154 1463
1036 1509
2393 2534
1938 3057
141 730
1725 2845
1664 2358
853 1588
1799 2528
1878 2602
1162 2064
564 1265
401 1518
1746 2031
2222 2262
1094 2405
1250 1305
6 487
584 1300
1548 2080
675 1913
1380 2729
2185 2524
307 2308
2905 3144
177 1339
1191 1749
770 2520
1181 2232
125 533
46 334
2078 2702
867 914
706 1942
1224 2297
23 890
403 2310
133 2144
1964 2465
319 1925
552 1538
1924 2056
1578 2033
911 3066
44 2551
794 1921
352 3047
1829 1972
1626 2915
1090 2194
1725 2851
157 2369
146 715
664 2563
172 2548
764 2914
1168 2717
1028 1586
631 703
876 1310
2507 2735
300 1029
469 1307
631 1004
2229 3107
3047 3082
1871 2068
1180 2054
1925 2765
2524 2886
2638 3086
527 1907
356 2340
276 1490
1111 2353
2228 2789
876 2079
2679 2976
1664 2703
1024 2359
1256 1732
2137 2249
133 1182
914 2553
383 3024
2440 3001
455 1528
32 264
869 2687
477 2401
1762 2097
2700 2970
1677 3057
2118 2232
627 2724
94 1776
746 2841
614 986
2634 3059
2386 2836
105 1080
2599 3015
748 1762
130 664
2660 2769
651 2856
333 1964
239 2044
499 1003
165 338
892 1300
93 1233
2693 3123
190 996
815 2150
700 1146
901 2324
708 1937
839 2312
1561 2399
619 3009
124 2799
747 763
220 3160
2671 3069
71 2079
208 2037
2276 3158
1697 1747
2017 2479
1043 1335
732 2023
5 913
742 1602
2756 2930
843 2277
1233 2418
824 1541
1239 1774
2630 2738
1086 1522
2531 3005
441 2069
513 979
102 1411
632 2995
1545 3104
1278 1721
641 1121
629 631
1110 2248
521 1751
427 1105
327 2860
1977 2139
1171 1427
1855 2375
2489 2747
989 2536
585 2330
1380 3025
320 2262
595 625
38 187
653 2515
632 2412
588 2254
1962 2121
244 1341
247 1265
109 1235
1547 2575
1990 3142
558 2256
1375 1877
2257 3037
819 1635
1673 2898
2087 2096
523 2415
515 1384
27 2214
2801 2935
221 2166
3032 3093
395 481
486 2539
1066 2582
1508 1962
402 3124
538 1140
1550 2916
1589 2536
1576 2346
1017 3130
78 2948
118 482
2419 2866
230 2066
2897 3151
221 1026
2668 2843
1678 1748
716 846
1067 1630
766 1289
1532 2347
374 2798
872 1204
695 1745
336 1355
1250 2748
288 2320
1543 1783
330 1064
1077 2481
1414 2388
968 2986
1033 2105
91 1626
711 1343
609 744
1379 2423
242 1443
1411 1864
1761 2605
1153 2549
1211 1808
1363 2258
15 3107
2486 3000
42 1584
1295 1801
1340 1847
2663 2923
738 794
1325 1404
460 2365
210 2239
398 1327
1541 2811
1749 2561
98 1820
1553 1690
533 1799
1759 2858
7 75
623 2542
30 858
496 2812
2606 2840
2669 2814
902 1399
2658 2734
53 3049
719 2301
1382 2391
97 404
132 2399
1271 2630
1194 2250
1847 2777
505 1391
713 920
2127 2892
1124 2755
305 2766
1791 2731
198 1246
278 2543
542 1319
894 2083
1200 2601
1568 2293
914 2186
1214 1616
2345 2602
669 1190
725 1314
92 747
39 2682
806 2574
1062 2581
581 2120
11 1803
1810 3121
1204 3146
2290 3057
683 1623
1552 1986
479 2607
1054 1895
562 2466
2571 2665
576 3066
1923 2818
1682 2616
629 3105
228 2667
640 2118
141 992
1771 2661
1308 2544
1546 1723
569 2660
977 1666
514 1081
851 2888
393 2710
411 1685
1008 1162
10 2798
772 810
260 2647
226 2136
828 2668
90 2674
2370 3073
622 2036
948 2015
299 1171
968 2164
864 2599
419 2869
147 817
97 883
236 877
2694 3072
1437 2914
1774 2220
854 936
2124 2183
809 2356
528 1514
1227 2882
1840 2639
391 2149
905 1131
305 3079
1078 1868
1592 2402
1884 2049
1927 2448
1311 2939
1063 1500
636 2661
366 804
117 717
2339 2915
2129 2758
1477 1521
1011 1749
494 1470
823 2910
1196 1734
996 2600
2358 2939
1115 1312
1417 3095
1860 1951
1022 2936
147 2349
1083 2223
1251 2006
2715 2760
594 1402
2508 2706
1095 2036
219 1335
959 2738
2965 3043
1308 2025
2131 2661
812 1480
326 2638
963 2235
188 643
841 2489
1657 2810
56 2147
1304 2462
2327 2752
849 1016
1224 2751
1424 2658
755 2833
2030 2926
1579 1630
103 1900
1535 2590
1741 2297
157 1215
2294 2745
935 1375
1807 2230
579 916
1233 2719
375 799
1032 2967
1416 2117
2111 2964
806 1861
657 768
582 2991
511 2717
908 2377
581 1835
307 966
