8504
6199 527
40 36
4866 8033
206 2166
342 5550
1144 5476
6251 6604
2254 2269
1373 3662
1271 8164
6357 7263
3159 3370
5249 6446
329 5964
2503 4945
335 1940
3369 6252
3858 5084
2542 7092
5696 5735
3280 7707
2978 5835
3264 6268
0 1459
2075 3561
4035 5530
2230 5301
227 7007
3823 4523
676 1840
5834 5944
3137 7250
2371 3119
1504 7941
3945 8420
3449 7462
87 6853
1646 8299
2977 5324
1095 6568
1907 4710
5851 8323
4420 6273
1443 6020
1927 5436
27 5008
6119 8099
1470 2461
1671 2375
1716 3691
1512 6504
3948 5917
1435 2775
6824 6944
6516 7902
3648 5947
1890 7517
3450 4022
4032 8209
1798 3007
4561 8039
6337 6716
135 8472
3284 5830
345 1339
1329 6679
5205 6709
1705 3305
3022 7417
1584 7473
1488 5864
5707 7354
1178 6814
1923 5383
1644 3986
5052 7375
1833 2839
3870 4652
4795 5833
4309 7003
1604 6511
2713 3661
722 4084
630 1705
5336 5542
5005 7651
5823 7427
2382 3339
4784 8435
2985 7939
543 1170
84 135
3695 4570
854 1610
511 784
1189 7899
4024 4447
4687 7509
712 4721
5239 7840
3674 6040
5724 8072
2633 5774
362 5952
4274 6486
5346 7133
4387 5567
4159 5487
5179 6804
1068 7521
3629 6199
3948 4078
1487 3571
3075 6909
1147 1196
4469 6559
2352 3019
4046 7714
112 7582
1660 2155
4568 6158
4824 6384
6117 7240
5121 5505
3310 3691
1985 6638
3912 8167
561 3460
2268 3244
1052 8370
6123 7277
3635 6532
584 5337
882 2207
1620 5238
463 6469
4444 7652
883 4659
836 1838
1311 4640
2933 7450
1474 7877
427 1997
1048 7378
365 6211
388 6054
1308 1424
6812 6874
3203 3544
664 8070
2699 4854
4491 5417
2863 4282
1738 6624
371 3542
5849 7442
4111 7986
2379 6722
2411 6391
522 4734
547 5528
2830 4789
3227 4714
2049 4135
3854 6982
2147 3212
2373 4469
6449 8164
857 1726
489 5795
214 1444
3900 4229
437 7670
1204 8258
606 5874
6494 6666
6717 7882
2892 8385
4002 5736
630 5810
2276 3704
1979 2547
6819 6843
2846 5058
2573 3366
3347 8197
2594 6212
2428 6997
2310 2714
418 3608
488 3673
317 1459
4346 6952
1431 3236
2852 6164
1383 7186
1426 1512
128 3840
7980 8423
969 1003
5524 8248
2535 2905
698 2981
371 5993
2449 6729
4054 6141
2269 3283
6916 7885
189 5593
1657 4035
2000 2097
3830 5856
658 1281
2766 8272
3197 8053
192 906
4788 5635
2686 3231
5437 7018
1389 2056
1701 5136
2724 7002
3374 6463
3518 8391
580 2066
952 2196
3882 7392
1803 4855
5890 7975
2491 8188
4076 6568
1168 5780
503 583
2812 3391
5334 7305
1832 5250
524 6736
4269 7200
1189 6551
833 3660
1625 1859
5428 6627
1016 1729
1446 8408
1627 4110
1933 5584
2489 6831
2842 6321
13 2197
2992 6170
2030 7869
246 5082
30 713
186 2812
936 5070
975 3672
1386 2178
4145 6208
2163 5237
1320 2613
357 4549
576 3771
953 2520
876 8338
2997 7863
6963 7818
769 7140
4559 7512
4826 5046
1135 3576
2220 3523
62 1766
2493 4790
5950 6353
5661 7487
4233 4412
2236 8473
2013 5397
892 1387
3454 6036
2169 5343
1917 3154
219 5542
2856 7342
4981 6827
4672 7222
1180 1450
1078 2155
3536 7145
3360 6403
5117 7447
1184 2876
6313 7802
5162 8370
180 5388
5465 8397
3967 7078
2923 7923
692 4016
6234 6469
1978 5965
6380 6658
1606 2908
1150 5914
1403 3366
3235 4887
273 1699
1325 3492
6423 7098
5713 8107
2521 7765
1906 7587
1786 6318
7133 7232
1224 5210
120 8441
2564 6838
1175 5020
3102 3926
586 5497
2085 7345
2379 3018
3902 7555
1095 7988
3440 5533
6765 7700
1279 1282
63 4458
2662 5540
3524 4877
1211 8487
3092 8151
2755 4375
5346 7513
4440 6537
344 5302
2574 7248
691 2916
549 847
1801 4127
210 1929
4237 4553
1493 4113
684 4563
3980 8095
122 6260
1647 6918
5847 7436
474 2762
1203 4872
7985 8094
1206 4391
418 8455
1980 5697
544 7772
4562 6836
2314 6009
4435 5934
485 4013
1202 4964
1334 5625
1140 7102
3813 6765
4970 8252
2374 3050
3718 5659
5032 5213
1685 1769
5760 7219
3929 7916
5612 7632
2041 7837
1007 5027
3871 5234
575 8344
6452 8400
1463 5753
324 5317
2499 4694
113 8481
970 2961
2357 4145
445 7522
3364 7086
2813 5017
4758 5823
730 3649
6202 7984
6901 6968
1235 3409
6196 6983
4596 6106
963 4880
1765 2635
5010 6846
2324 8378
5327 8056
4370 6230
4907 8213
1136 1956
2976 5423
1854 6864
5541 6356
5446 8059
158 5950
7048 7354
6944 8433
1151 2224
1873 7107
2204 2242
4926 7157
5161 6294
2769 2907
840 2324
6688 7421
5471 6680
356 7094
1831 2859
5583 8083
7783 7828
2109 7667
4517 4764
5077 6926
1071 1689
2685 6023
2006 2925
4859 6385
6759 7748
95 4816
2921 4895
4537 6413
2282 6449
1741 3460
579 7566
2565 7656
2036 6655
2966 4911
482 4994
7488 8102
1169 1989
2664 7103
6580 7740
3996 6458
5967 6519
1018 8096
7100 7779
12 7008
127 7657
3023 3847
406 7497
5595 6635
3131 3712
2674 6649
3167 3605
5257 5793
4439 7355
1491 8456
6735 8343
5195 8116
386 2767
4241 6967
4796 7932
6110 6524
4819 5240
653 1450
2644 3592
3804 5725
1011 3359
443 7708
1816 2735
1459 2616
154 8380
3129 6397
2327 8449
3514 4791
1241 3706
2864 5559
5274 7818
1413 8375
1451 5793
2977 7789
1005 6406
4551 5876
2045 3052
877 4260
2719 6690
3559 6398
6665 6953
1861 4513
266 1357
2267 6731
699 7084
4200 6963
93 3273
1768 3216
5699 5916
4042 7472
1416 8004
2487 5981
149 6744
4094 6894
2975 3346
604 4703
3240 5742
6639 6683
4689 4875
4908 6900
1359 1580
2548 7181
5910 6774
4124 5821
2764 7147
3367 6840
539 1478
42 5175
451 8468
3008 6564
2400 3907
2957 4915
313 4085
4056 6386
2330 5545
2552 3235
5401 7001
4973 5626
1325 6854
1639 3314
264 3073
6188 7951
4767 8047
5741 7071
2302 4816
2182 2402
745 3740
829 1833
1458 3701
2044 6852
6015 7538
3307 5047
2824 6925
1540 6444
294 2540
3888 5074
1311 8189
3008 7196
272 8084
320 645
2726 7895
3005 4755
482 5266
1674 2987
5600 6738
4695 6217
418 5325
812 5198
3908 6192
5331 6083
853 3280
2080 5608
977 6968
2836 3720
589 7623
1136 6505
2650 5863
2629 2774
4664 5246
245 1645
5303 7927
815 7020
6143 7316
6735 6787
5709 7613
3324 4235
4911 5169
6203 7483
6443 7182
66 5454
4490 7888
1043 2925
6260 8008
2425 4813
3622 8434
5238 8276
209 2069
2559 5722
2106 4265
1198 6737
3113 6413
5653 8280
2585 6230
3021 6714
16 6741
2279 7553
3715 8289
7257 7716
275 5305
2028 5694
3903 4270
2826 6069
2655 7508
5012 8015
4355 6694
5085 5334
5781 6814
2678 5393
672 8194
2482 4896
2603 5628
1466 1920
3614 8437
5318 5589
582 6011
4760 7330
2761 7068
4421 6177
235 2180
3909 6425
1268 1659
923 3929
166 4119
2850 3936
2898 5714
3173 6513
2611 3765
881 4211
369 6252
972 7616
23 2669
5043 7551
6903 7112
2194 4021
5250 7770
1859 8474
506 2113
87 826
3866 6535
854 4962
831 3603
2829 5189
3600 4640
926 5022
4791 6344
3554 5340
2832 8247
1880 3921
1333 5026
3730 4983
343 526
3122 4263
5140 7996
3303 5447
780 3936
2135 2758
7537 8326
4705 8238
5015 5037
824 7615
7746 7794
3101 5640
7727 8000
1347 4861
140 7042
3113 3645
4697 7845
2926 5008
2893 5959
1192 4131
2056 3152
2884 6958
719 6248
190 3820
1750 4001
2726 3685
1774 7721
5156 7085
3338 4756
7397 8033
3462 7462
700 2562
43 1417
3497 6429
767 5069
6657 7759
2389 4072
2409 8377
855 4031
4068 5196
1993 3557
3500 4002
2620 3078
6762 8355
985 3718
3072 5044
1862 3784
1592 5974
124 3440
577 4745
3366 7778
308 4510
5123 7936
1693 7612
5632 8335
4750 5826
417 3962
3846 8447
1293 7004
1617 3369
7623 8112
944 4269
6408 7857
1719 6434
152 2363
1680 7499
1603 7721
3717 6404
5441 6648
5523 6086
343 7167
2560 7082
3507 3741
5545 7712
2354 4820
1231 3237
3839 4719
2005 4526
2750 5398
3458 7755
6558 7854
4955 7339
4257 5399
1210 7580
3803 7570
3500 5109
168 2018
1958 3975
294 1694
1110 6285
6626 8109
2801 7440
285 8296
905 3072
3926 5751
370 2535
718 3632
367 4589
2068 6698
1109 5374
7556 7904
244 6616
2589 7624
3029 7663
2193 4767
512 8413
5026 5658
407 6451
6536 8246
1276 4709
4218 6496
3403 4054
586 8105
415 5969
4506 8245
3948 7030
7347 8086
3193 3860
429 5362
3639 6096
1200 2161
2422 5404
4355 5449
1240 2355
221 5691
2698 7127
1634 2352
4096 6695
4603 7414
338 951
474 4277
12 2950
5619 6888
4525 4609
5731 7372
110 4566
6617 7000
610 6188
2754 3933
4901 5938
1262 7383
6263 8050
3165 5012
3641 3902
918 5353
1503 4326
2252 5329
1473 7705
5915 7351
5438 7769
3021 3955
6780 7218
451 1905
2452 7406
2647 6908
5484 6651
1511 5596
1615 5117
909 7227
6126 6266
275 1096
1820 4180
5406 7959
2817 6868
4412 4552
712 3463
1914 3914
3150 3186
3263 4474
1119 6462
1521 7269
1111 5510
1028 4390
4950 8114
3848 6070
2120 2420
142 3039
2165 2706
5752 6007
3516 7448
7541 7675
3673 7163
4870 7838
7884 7899
1484 1528
1363 8346
2834 6475
314 428
2800 4104
4748 8314
4921 5391
2353 5581
6477 8466
4698 5812
989 8201
629 4242
319 4088
4839 4990
2478 5638
1494 1929
4183 5971
4345 7578
1104 4605
3122 3553
2149 4782
891 7356
2171 7892
7983 8218
1964 3000
3099 5116
2318 5476
41 1799
5111 5986
4515 6585
1673 5952
1134 7262
2577 7847
2759 7572
3825 7509
1380 8234
1434 6979
2554 6844
3359 4114
6054 6160
960 6216
3302 6521
1207 4429
2383 7261
507 3204
1379 2482
1398 6785
731 2565
982 3713
686 7055
1591 6185
3674 4471
7647 8146
3200 7272
174 6473
3913 7198
800 2430
5713 8400
3716 4815
1530 6170
7298 8306
3031 6882
5295 6190
119 4517
3397 7546
6573 7319
1686 5716
4360 6308
2486 3995
2717 7621
6210 6953
3062 6586
3869 5182
1201 8129
1547 2527
5269 7232
4802 6149
1060 6550
2093 7834
3331 6289
4720 5695
3844 5672
1216 8144
1640 2350
2773 7889
2745 7087
633 3700
3311 5561
3917 7143
1316 5608
2856 6118
1639 4540
638 4984
1102 3292
1602 1817
4381 6173
1286 1879
7604 8425
7248 7337
7876 8132
8014 8395
2150 2172
6081 7786
1802 2256
1242 4493
1439 4439
1651 6591
93 2194
5210 7008
2113 4008
915 2024
2649 4957
372 4938
5064 5340
708 2334
2941 8056
3779 7403
4824 7325
1891 5260
3127 4264
2083 5432
2658 6793
3258 4671
624 7982
956 1842
5448 6293
3014 4654
4355 6527
3014 7350
3227 5595
1397 1868
764 3855
8383 8460
1112 5797
7307 7985
2799 4947
4530 7954
1994 4800
1109 5585
2225 3652
4674 6058
1007 4942
68 1347
97 2925
1647 6877
1755 7667
773 3323
3107 7878
184 3343
812 1029
4258 5891
1682 8070
2067 6859
2597 3711
1247 3892
2663 3723
2595 4133
464 8479
4419 8202
925 7568
1205 8098
3462 7661
438 2382
1645 1977
752 1842
6252 7987
4437 6516
2526 5977
587 2654
2790 4436
2840 7485
3480 8056
6494 7975
3381 5888
1338 2552
2135 8404
2141 2449
1152 3997
1357 2593
305 651
492 2636
3707 7606
2048 3778
3517 4175
1828 2945
4586 4891
4721 5068
6452 8254
228 3706
1414 3404
5629 8159
674 4682
2442 7021
906 4165
1514 7999
1340 4732
56 1303
3250 8040
3254 8013
1991 4303
4524 5407
5773 6018
3229 3819
3004 4591
662 5040
2175 6613
2887 3347
619 1585
1676 5544
3282 6685
1870 5927
4004 5474
3756 7383
4073 7322
645 3422
1656 5678
548 1686
5846 8395
1104 3785
3502 5554
259 1372
6650 7010
5441 7266
4174 5155
4529 8474
866 3675
4576 6521
757 4340
1539 8061
1474 5113
4533 7103
2504 4959
500 1494
131 4194
722 8155
5389 5740
147 2504
3515 4649
5826 7489
380 5836
35 3629
789 4671
3125 5208
3418 5479
4668 5253
851 3394
1111 7620
1553 4793
1265 6933
4743 7991
5276 7773
5294 6195
4421 5535
2901 4522
4092 6428
5039 7964
1086 2784
4725 6131
4514 7637
4316 4475
2560 6391
2830 6950
4131 6769
796 6812
2534 6012
531 5155
3441 6850
4510 8188
4008 4649
2567 4668
5407 5451
2091 2392
278 2737
3134 8005
2438 7937
805 4584
4437 6220
1125 1354
3718 8410
7360 8487
3306 6071
1588 8416
261 1273
2044 3318
1289 4424
890 913
2316 4215
5125 7497
2208 5695
2212 4880
3087 5989
4090 8267
1179 7777
5404 7672
4489 7592
2992 7109
419 6507
1010 3464
51 5761
5518 7453
6099 6598
1054 1184
3839 8143
5263 6083
4158 8495
2766 7039
4974 7926
3297 3924
483 6169
2994 6250
1394 2746
7753 7999
1722 2283
2701 3610
256 1601
7332 8247
1860 3101
168 952
1226 4251
6679 7494
3355 7823
1352 5144
3567 5967
1913 8318
1749 7238
714 8102
5398 6868
3836 5028
666 3037
1717 6225
4721 6305
984 1854
965 3587
5415 6039
4454 7708
765 6513
4545 4958
5564 7885
246 2278
998 3154
1946 4909
1271 2656
3263 6809
2358 2481
261 8453
1993 6194
5830 7757
4611 5652
2295 5362
257 4248
1925 6433
3721 4582
59 4645
4717 5352
1392 8050
6236 8120
625 4913
194 6927
3107 4366
1212 5642
1253 2514
546 3037
4156 5141
4069 6078
2198 6828
4352 5562
801 1730
3881 6916
3284 6787
2380 2902
3508 6068
4630 4635
3528 6673
294 1229
5923 6801
5008 5189
1502 5951
2556 8447
3766 7719
1848 7079
543 4514
3498 5966
173 6802
2755 5644
1151 7941
4362 6002
2490 7786
142 947
4359 7003
4906 5256
2916 6436
5481 7705
65 2348
1254 6712
3540 4606
493 7931
1118 7642
11 1578
1493 6525
2807 3135
966 2406
4455 5495
690 4029
2243 7982
1400 2607
4615 6914
2072 3517
487 2338
6872 7713
6393 8139
2718 5090
5747 7821
3090 3276
4406 7780
4129 4651
1183 3110
4844 5085
4614 8498
4238 7981
3836 8362
333 4512
2946 3170
2416 7224
494 1617
1072 7736
3856 6330
590 5335
4166 7697
3356 7443
7367 8133
302 8432
256 6667
1798 2011
4821 5715
197 1454
115 1464
7062 7737
1781 6277
3931 6349
997 3080
4885 6219
5697 7880
2808 4561
2463 3774
3159 6439
3649 4388
1700 3539
3418 3729
7659 8077
1874 2397
5287 7504
240 5117
3653 4687
5495 6123
367 532
6770 7886
4473 6475
204 3824
3273 5769
461 5800
1893 7811
1839 3530
5044 6908
3164 6139
2353 6287
2631 4943
3485 7347
207 2943
488 5387
1799 7864
1550 3025
4686 7964
4040 6623
3878 4306
3176 3971
3431 6506
2150 8347
1544 7460
6464 7694
5162 6194
4720 7224
2736 5799
1941 4842
1056 5350
4082 5079
2234 3458
338 8137
959 8064
4410 4885
7229 7871
4968 6013
5415 7796
4302 8493
1266 2248
1437 3926
6812 7228
3231 7464
2878 2910
2735 6119
7204 8317
1442 6933
4111 8110
2912 5403
2124 6643
4064 6051
7059 8337
5910 6966
2384 5986
5361 7273
241 7596
6466 7164
2903 4604
7288 7620
1258 3457
3268 4804
1132 4608
5803 7379
165 5935
1328 3199
3033 4752
3789 4011
177 3036
4894 6066
5034 6438
4871 8399
814 6447
1523 7772
1452 2476
1041 2684
6241 7546
220 5901
2370 6904
351 6996
3508 6042
7045 7860
2531 5246
400 2020
480 4124
1504 7840
6680 7451
941 5975
3285 5232
2002 4629
2965 3658
3103 4749
512 1651
33 1187
6088 7274
474 4103
5100 6383
3222 5745
4533 6781
7436 8158
5041 6889
2422 3209
3015 4747
4303 7760
2654 2990
2271 3768
3811 6924
4739 5320
456 5758
1311 8269
1773 5806
7021 8064
2332 3144
1725 3938
2675 7376
4167 5105
3846 5440
3985 4582
4513 8313
4712 8058
1877 3802
2207 6257
280 6845
5959 6146
439 5280
4843 6175
3472 7386
2567 4551
4873 6697
4278 6827
172 930
5874 6244
2517 4483
4279 5652
6361 6857
4732 5452
3762 8446
2359 7845
47 8057
4804 5422
1171 6891
3065 8222
6018 6703
6655 7487
4379 6943
2949 3842
6433 6686
108 6277
98 5909
192 7162
407 4507
3034 4087
2673 6556
7788 8452
4088 7226
867 2457
2708 8327
3726 7236
5965 7017
3173 6096
5001 7629
1885 6661
3515 4208
4244 6714
3437 5796
3792 6648
4112 8147
199 4279
3563 8405
4103 5271
4094 8360
323 1136
7994 8058
5006 8237
7143 7995
635 2112
4540 4686
7257 8301
3358 3762
2271 8202
618 5415
2734 4367
5459 6172
3501 7191
6816 7327
183 1144
3676 4590
2886 3324
4832 6818
4912 5382
3316 6914
2115 6858
6674 8321
3298 8051
4510 7827
3669 6167
983 8412
1337 2090
3484 8056
5709 6324
3330 7197
1780 7195
3474 5239
1900 3807
29 5766
1324 7959
118 7214
1724 1934
1204 7691
6157 7258
2675 7387
1845 8476
2680 6438
3667 5172
171 496
4077 8178
3750 3928
2196 4808
650 813
730 2934
4468 4529
6180 8268
382 1826
3801 7432
3109 4445
2916 8286
149 7059
92 3401
3424 3672
2701 6708
3314 8100
203 1479
615 5512
245 1074
7021 8310
169 846
4496 6310
1232 7406
589 6715
3537 4313
2137 4135
5950 7179
372 1158
2346 5628
2324 7046
591 4955
1886 4064
2291 2973
1604 2676
1062 3194
5629 7149
6834 7130
846 7516
2919 4610
4385 7254
3765 5797
1185 8254
888 3981
1521 2008
3412 4026
3765 8394
3572 5787
2833 4314
632 3004
6416 8488
872 2922
885 1795
151 6528
4426 7184
50 2361
5129 7923
1029 6304
3741 7574
797 995
2968 3947
4051 7216
49 2291
4492 6915
7 462
7748 7898
4305 6497
586 3352
5164 6274
423 6434
822 3633
952 6137
9 1087
4049 4314
969 4218
6610 7926
4464 6822
887 4232
3451 7510
5617 6555
3283 6950
6436 8260
2104 6561
3024 3274
713 2090
5242 6245
2309 3248
6492 6547
856 1604
641 3896
5834 8267
3163 4525
3167 3705
919 3278
5064 8299
2554 6472
2132 3356
3543 5214
2372 6628
1829 5025
4341 6324
4115 7827
4428 8337
4939 7101
819 1613
3034 5216
4616 5983
1185 1438
4288 6334
2930 3199
686 4287
5348 6926
6876 8065
1262 5099
2364 6196
4792 4835
4108 6243
2848 4280
4152 6994
3636 5299
2942 5836
4311 7930
2460 4670
4307 6882
1509 5986
3609 5843
1144 7927
750 8273
2173 4195
5394 7471
1698 4751
872 5620
4213 5430
535 6192
3875 8185
2636 4806
545 5898
1458 2296
5860 8025
6720 8491
3735 6147
3274 4730
6472 7453
1437 4829
204 2679
469 2297
4613 5752
6 1246
2201 3594
2999 3992
3114 4554
4844 5158
3979 6094
4649 8282
933 1259
3666 6490
6193 6362
6247 7816
430 4259
5992 6598
4203 4397
2626 6525
6157 8247
2007 4850
5871 6449
3671 7150
3081 4123
2460 7671
3095 8206
785 6644
332 7653
6604 7756
536 6286
2591 6126
1437 2566
1440 1456
3426 7534
4442 8367
70 586
550 3141
146 6093
5255 5537
4161 6622
1382 3806
320 2225
910 3748
1872 6036
2683 3057
7426 7449
5613 7244
5301 7249
4214 5748
6272 8131
3474 4315
133 6383
1547 6335
4142 4571
1853 4495
2077 5051
4360 6596
7955 8323
117 4505
4164 5288
2141 6168
1023 3673
819 7230
4196 5068
4324 7998
1507 4030
1510 7763
4212 4737
2200 5020
2239 3556
4600 7621
2912 6992
363 4629
2493 4875
4778 6070
6677 7271
1758 3384
47 7922
4128 8140
2633 5232
1097 1965
1775 3912
1015 6711
379 8432
146 4031
4062 7596
3489 5115
4065 5116
2774 7100
2515 2921
2076 6004
2243 3345
18 4229
1763 6413
642 8235
1559 5955
2855 7749
4080 4545
6299 8386
3892 5791
193 7459
4052 4535
1410 4185
7577 7860
162 5475
230 5382
4967 6925
685 4916
3650 7032
1677 2760
1638 4663
1747 2827
1559 5507
5384 8212
4320 5798
1248 2515
2176 7028
634 1623
2400 6031
4979 8173
70 7275
208 6530
3504 5996
2437 7653
6867 8174
4227 5697
4866 7213
5309 6680
5514 6378
2270 6961
4838 7821
1936 3794
1324 5828
1744 2586
5836 6513
5231 8006
1453 2015
1834 5487
862 8418
2700 5574
265 557
4235 7137
6244 6560
845 2050
1490 3283
6917 8211
3867 5988
3290 8331
504 5298
7543 8113
3246 7255
5132 7501
2069 4971
5417 5575
1848 6572
226 8023
2793 4862
845 7706
749 7942
7718 7903
1012 1464
5086 7264
1812 4927
3851 4747
1970 6641
4252 7767
4957 5386
1986 4182
1461 5613
2632 4438
265 1660
1636 2322
3043 4279
2527 4806
222 8030
7348 7927
3966 7118
1028 8134
3218 5074
2891 5832
5140 6941
3418 4257
4229 7752
2861 6750
1295 4963
3787 8049
6639 7077
1242 7043
686 3158
2477 6360
789 1297
2711 8135
6202 6974
6856 7654
4257 4892
3895 7286
2763 2854
3928 4193
5312 7563
1484 2485
5409 5775
3523 7287
75 3116
1507 2588
6602 7307
1506 3633
790 8193
1562 4681
1392 1971
4071 6150
137 6417
391 4157
995 6669
5088 6021
4089 6581
3955 6525
3534 7064
4116 6120
307 3667
823 4745
2119 3643
516 7400
4162 5478
2789 6703
3871 5732
2262 6612
466 1593
2128 3175
4403 5573
1324 3988
5077 6807
425 2549
708 7881
1265 6049
5239 5877
320 6769
3313 8176
1300 8316
1290 7829
6566 7358
5685 8284
1702 4797
4821 4879
578 1319
2388 4565
3706 4839
405 6102
3365 4221
1649 7761
1209 2745
1002 6527
3333 4962
2297 7989
652 3443
6633 7966
3601 5946
1919 4336
5412 7458
153 1383
3971 6999
2874 7716
1229 7718
2299 6443
3230 5392
1219 1599
2574 3781
4511 5752
3393 4614
1453 6308
2660 7777
5961 7041
3786 3879
3251 3490
2733 5304
3689 8250
1792 4443
2568 6090
3646 6583
3602 5338
5695 7575
3517 6267
6466 7159
6054 7324
3125 5924
4702 6538
2899 5357
7656 8152
2094 3528
4029 8157
4242 5570
815 1786
2723 3479
4942 7641
1761 3676
1236 8062
2921 3877
316 2516
839 5993
1669 3499
2361 7765
1179 2784
976 1912
5994 6291
2052 2703
5431 6483
7729 8020
2194 5207
2814 5401
1653 4285
3729 7964
425 6754
4708 6884
6614 8180
746 8185
2246 2384
1489 7149
286 294
3942 8304
187 1796
1094 8129
1458 5153
354 7347
4167 4415
1061 5202
5634 6009
1793 5923
1945 6406
4775 6079
45 3396
154 2555
2905 8128
4094 5281
1263 4648
5054 6355
1817 3801
1430 7106
603 8390
2233 7194
1098 2777
896 1714
1774 2867
6024 6059
305 7632
4157 4417
3574 5936
3472 6955
4155 5674
2668 6323
4077 4107
6488 8143
2154 4853
4040 4661
2761 6427
4992 6412
6238 8178
1341 4976
609 2336
2023 3214
3774 4700
81 3224
3922 6448
4034 5745
6569 6745
6670 7290
167 6870
2818 5333
57 3183
4493 5917
5183 7081
3745 4126
7020 7325
1731 3475
636 4434
2030 7088
802 1865
3761 8021
2421 4140
2061 3685
5225 6369
2263 5275
5753 8372
1480 3026
4194 6184
1626 4059
5859 7137
19 3547
5036 6814
1656 7843
637 5840
9 3969
5638 7239
2886 4299
7760 8141
6711 8082
2827 7477
1064 1664
6781 7414
5753 7408
2400 6776
96 8231
934 2295
3179 4074
178 5616
6945 7430
5040 7707
1218 6112
4531 7147
2983 7218
682 4231
928 931
3830 5137
95 3510
548 2059
384 2191
16 5664
491 1396
4365 6937
781 3237
6875 7295
150 1304
1121 3178
5114 7178
2487 4380
577 1586
3712 8125
3103 6362
5800 8407
2440 5309
459 3308
2439 6000
29 5758
1281 6713
2121 7999
1564 7720
3875 5878
3036 6352
452 3061
400 3487
597 5249
1678 7998
1483 2089
5999 6271
1030 8063
3583 8270
303 2073
15 1524
1046 6681
4618 8190
4411 6095
6012 8221
4113 7026
3929 8034
1483 3271
1465 7072
1316 7527
1700 5892
1569 6466
562 5059
5963 7698
561 6651
2444 6077
939 1008
1427 7491
4354 7316
3747 3932
1892 4620
2418 7064
5907 7733
3656 6932
1056 4506
1475 2865
2677 4139
145 365
4752 6523
3295 8232
318 6279
2008 6743
757 828
3810 6333
6483 7567
4181 6062
6503 6814
683 7727
3256 8104
5861 6224
135 4215
2288 5078
8036 8486
4823 6204
4623 5241
805 4914
4246 5145
4317 5319
1294 1341
2435 2705
3863 7589
3571 8458
5274 5300
1391 2350
2043 6807
5945 7597
6570 7950
3549 7193
122 5498
5059 5516
383 7435
4787 5956
2186 8244
977 1330
3688 5389
1203 6905
2232 5763
3428 6878
3139 4095
4486 4919
2826 5877
2768 3529
1105 5707
4034 8462
1942 2915
6065 7909
653 6653
3566 3604
7837 8386
7952 8435
849 5682
123 1032
3827 7045
2203 8115
2906 7747
6292 7515
4980 5999
550 4628
5713 7915
3711 7985
224 3229
1320 3852
5359 7470
6343 8493
6636 6647
7037 7674
1806 7798
3379 3741
350 7247
307 1121
2132 5862
875 5201
4564 6433
2524 4678
3010 5465
3403 5553
3682 4727
966 6039
2257 4016
6692 8353
2432 3690
105 8063
58 7919
1079 8196
614 5007
884 7659
5311 7719
4826 5310
282 7220
3725 7826
2245 7185
1885 2809
3596 7820
7788 8136
8057 8070
5372 7684
2974 6702
2739 6465
1344 2510
3926 7774
650 7496
2759 6493
4788 6234
6327 7777
1846 5053
4430 5844
1468 3961
2377 4843
1371 1460
3795 5467
3662 5364
363 3772
273 2558
2561 4386
1433 2114
1722 5649
4834 6532
3559 3659
2152 7535
289 3554
5500 7369
4063 7858
3466 7039
5475 6158
1713 6056
2760 4848
1574 6490
1034 5254
5177 5414
2071 7189
188 6265
5186 6911
2109 5136
1818 6229
6281 7971
5609 6448
761 4401
1959 5740
2779 4002
1723 7349
109 5033
2562 8291
1837 6447
3563 3858
3206 4010
1040 1710
2161 6515
51 6463
4319 6309
2481 7643
2465 4232
4013 4324
178 4519
334 5256
1440 5704
2514 6573
5215 7185
301 1838
1618 1837
2349 2722
1423 6483
132 2081
859 2734
1307 3535
3704 4941
1309 4764
3052 4304
1987 3613
325 6397
1088 8025
5549 7484
3693 8360
5666 6216
6415 7301
1248 1981
1374 6390
2541 5519
2770 6834
2955 7896
692 837
1534 2782
3279 4948
1061 5863
1651 7790
853 4368
5698 8296
1658 7598
2258 7164
6130 7990
962 7629
28 2293
5528 7855
2776 3784
7588 7893
3183 7336
1519 6270
5394 7791
5806 6627
7010 7516
1982 5094
5021 5502
3431 7940
3296 5233
1180 6423
4372 5554
3093 6786
2958 5646
2252 4610
410 571
6847 8319
3683 7831
6038 6634
1294 1427
27 6410
4878 7943
3042 4590
7608 8297
11 7991
1020 4842
1468 1561
542 6913
424 696
5624 6869
1325 6588
2911 5184
2440 7431
1319 3516
4688 6950
651 5732
3340 4128
3979 7866
4497 5503
3329 7911
4565 5480
4365 7858
7664 7669
6569 8416
3105 8098
378 5330
4225 4552
6717 6791
928 1876
3951 5175
173 5644
2179 3618
2356 2811
3620 7471
297 8288
4172 7858
2412 3681
7261 7842
1410 3278
728 4424
4099 6786
1864 2123
706 3616
2952 3004
7508 8403
305 8271
2931 7844
2599 4967
196 787
373 2863
4333 5132
2002 2442
1621 7146
589 3543
1555 5666
2572 8425
658 3866
709 2339
2228 8118
3291 5059
956 6213
529 6003
6169 7939
66 4854
3390 5151
741 4021
804 5139
50 7262
1759 6153
1759 3983
2211 6005
788 4663
1815 3858
2329 5152
268 1208
1736 7304
868 1089
1918 6978
2171 7231
353 3209
5822 7785
115 2960
978 2101
1047 3937
1392 3842
4600 5987
2055 5285
2033 2719
5102 5529
887 5152
1558 4927
465 3816
5719 6190
1180 7493
2672 7906
2092 3196
1349 3990
4415 6831
641 3082
4910 7347
7285 8122
3405 5395
2948 5939
3997 6616
4448 7875
2744 5532
596 2192
2097 5531
2603 6782
311 2573
4342 6599
934 3147
6633 6986
315 3283
4214 6129
1827 4342
1814 2233
2902 7115
3560 6245
1107 3404
2210 4501
1582 7658
1642 2195
5288 8177
1576 2954
2975 5208
4180 6374
778 4568
3905 5058
1529 7678
5047 5135
6797 7736
2071 4160
2368 5249
6735 7729
2288 6887
3325 5366
3831 6771
1395 4310
24 4671
5122 6968
6373 7526
2206 5828
1352 5485
3185 6407
2551 4358
6357 8087
4231 6794
2718 5346
1670 3878
4955 7373
3519 7214
4798 7210
78 8084
1216 6568
3532 4867
271 4957
4154 5352
2932 6871
4575 6619
5050 7195
4919 8265
3499 4290
28 5213
3862 5223
2606 6682
4784 7072
1258 1661
276 4996
3538 5447
4731 5447
996 5224
2733 5622
1572 3733
205 3132
2180 2253
6787 7444
1605 7733
3319 5460
2177 7729
354 7518
549 8166
6337 7974
3280 5597
485 6762
6712 6955
1398 5482
2259 5805
2189 5817
6073 7102
7135 8290
4904 7145
7014 7863
3326 8330
496 7965
3717 7351
6937 7684
159 3004
3810 6609
971 4862
564 7783
3190 3841
4187 5304
2750 5692
3091 5286
830 7619
2436 6806
928 4670
452 4325
4343 5456
802 2082
2865 7673
1035 8171
6728 7695
6864 8120
80 8486
3299 4285
2806 2978
5248 7850
2209 3648
6606 7933
4060 6243
2300 5386
2467 6584
316 3657
151 5326
1283 8235
2589 7759
4555 6116
509 5782
1161 7210
3867 4036
530 649
0 1000
8213 8376
1321 4782
1681 8251
3446 4380
2642 2876
2115 8071
768 7599
987 8471
2761 8026
4158 6048
4704 5654
5764 6331
2955 4841
1997 3455
1771 7706
1331 1825
758 4188
2783 6389
2915 3140
2486 3517
6179 7282
2959 3133
274 971
3843 5722
2113 7067
4771 5029
1240 5425
4905 6454
783 3476
2883 4012
411 2578
2832 5481
1924 2799
5736 5960
7068 7286
2553 7533
5738 7195
6933 6953
1405 3142
1124 6672
4893 7750
1420 5877
890 2187
4863 5338
4239 7973
1267 7699
6760 6905
1409 5760
2470 6471
3640 7825
1852 5781
5962 6024
1968 4797
2798 4427
2278 2791
3591 6036
4307 5657
1479 7486
4312 5515
5654 6114
3096 6357
945 4176
6357 6707
1258 5620
2896 6846
189 3606
6084 7725
5364 8032
7058 8501
215 392
6080 7912
500 896
3192 8296
217 6942
4762 6849
5588 6297
4102 7087
1709 7676
3987 6935
1755 8331
1073 3282
4825 6862
5964 6574
2965 3177
955 7954
201 4164
7165 7467
3090 4070
6621 7424
3545 5469
6311 7929
2937 3271
570 897
1597 5087
4589 7442
337 400
2550 6673
5032 7073
4470 5977
2294 6463
1590 4977
4302 4765
1445 6999
3430 5429
1026 2401
1454 5126
893 2538
426 7461
362 3139
852 6111
3395 5776
2197 6010
2404 4966
8062 8154
3366 6484
4290 6333
669 6178
3346 4365
757 8116
2621 6238
732 6043
2646 6622
5333 6680
4735 8106
870 8304
778 3862
4448 7728
1658 5996
3149 4888
159 1667
955 2021
988 5938
3013 6341
1300 2988
74 5128
7038 8017
7484 7782
2226 7400
3634 7870
2998 3919
5611 6400
3213 4274
1636 6480
1082 1306
795 4487
6439 7270
1712 5644
6345 7023
1643 3068
2533 7045
7086 8028
483 8349
5540 7883
3305 4562
4068 6190
3181 4813
1004 8195
3027 7850
426 3987
6217 6290
1071 6718
1911 2146
2544 5932
6965 8356
1758 4339
97 404
3699 4394
1549 8477
1162 5594
3070 4033
4642 5107
45 3963
6954 8449
5889 7236
655 5993
7256 7338
6203 7472
7372 7468
1948 7830
2534 3148
1967 4985
2629 4652
4773 8445
8069 8363
5194 6443
6167 7525
4780 8174
1343 3836
1148 4878
4587 7344
2569 5896
6430 8428
3710 4487
7499 8357
2004 4044
3711 6305
1 200
503 4475
3006 6466
368 7278
4172 5043
165 2337
1641 8377
733 4031
5534 6463
103 316
769 2048
759 3268
2477 5282
287 6338
589 1376
6969 8461
6073 8396
2581 4183
1363 3592
2107 5056
4218 6843
5599 7891
256 6029
433 6461
5676 7799
866 2473
6788 7936
444 5587
2049 6754
4436 7076
6236 7965
1348 6140
2630 2662
109 1212
3468 7672
4420 8480
1599 5768
5537 7829
900 5379
3992 5270
2600 7294
571 1197
6444 7266
4416 7460
466 875
3893 7004
4267 8264
6828 8295
2129 5438
1011 7764
1775 5057
782 7982
1059 3362
1231 2996
880 6668
793 7593
6087 7343
16 6126
2100 8041
3946 4461
6140 6320
778 4848
6327 7325
2139 4478
4237 5587
67 1922
7950 8092
2403 3349
2476 5342
2584 3409
6474 8372
1947 8108
395 7861
765 6592
2742 3863
779 6429
26 2935
2947 5240
162 7172
6171 7149
2230 7247
2716 5436
547 8135
3007 4443
2127 4990
4627 7340
2010 3122
4722 5200
4136 6708
1340 7640
2710 4655
7368 7967
313 5785
3723 4891
6839 7539
1708 6683
4134 8006
1269 7732
20 7382
1983 4488
2858 7608
1123 6940
4309 8441
2789 4165
811 5359
243 6971
1144 1995
3121 4893
3406 3553
2116 3558
3614 3976
843 8279
5443 5596
4722 4966
450 2171
1165 7174
868 2756
2217 7708
6789 7261
7293 7620
2395 2764
316 2865
3008 3798
2085 6912
8 7339
1822 6001
4238 5411
3860 5067
1297 7074
4760 5358
5715 6766
849 1454
4281 4286
1952 5687
5575 7780
6543 7462
6712 7823
1563 4505
4436 7023
748 1897
1768 3385
145 7475
453 8211
3039 3848
4200 4981
174 7157
674 3963
605 2913
2255 8296
1978 2138
2281 6239
310 5454
448 3092
2528 6379
1881 4769
4577 7166
561 7082
3208 5995
524 3626
5854 8193
5504 6133
3502 4481
1135 2549
3989 6783
3876 6118
1394 7268
2420 3665
4456 6178
1351 3835
2111 8268
1176 7881
5569 7467
5130 7831
3483 7289
3793 5783
4832 8494
2688 2941
622 7443
3368 8241
3009 7054
2188 5793
6890 7524
5562 6645
2884 4372
678 3578
4005 5690
6434 8471
486 5444
5092 7501
6424 8313
1876 4648
3731 8003
704 1172
1242 2851
2292 6886
5900 6103
416 5617
2284 7983
1415 5106
125 2353
964 2329
470 7112
1355 7598
6043 8106
1822 6359
446 6191
4055 6330
6495 7053
1664 6427
51 8119
2436 8175
4176 6796
259 2372
7865 8250
2661 7155
2831 7418
2394 5076
5380 6243
3146 7223
1850 4639
1507 7264
2127 5330
1079 6924
579 3642
3218 6898
4389 4618
479 7132
5081 6191
1046 1607
1198 6512
3546 7431
1160 5950
310 5884
572 959
1368 7564
4291 6118
4767 5602
499 1372
1118 6332
3655 7938
253 4375
6756 7207
3458 6736
3064 8309
5024 6224
6788 8001
3174 3536
2465 7851
2438 6119
5684 8492
4729 8069
270 3350
899 5590
42 5231
169 2081
3529 6963
434 2221
2119 2161
5375 6237
4766 7801
5970 8452
994 5920
8052 8251
5489 7314
961 2249
3150 4666
4962 7434
7742 8498
3341 3692
8092 8270
7826 8191
2436 6088
1539 2614
685 5496
3588 5588
4851 5322
5551 5642
4639 6343
75 7388
1112 3782
1115 5584
3357 3796
1108 2732
1335 6871
1207 3834
3736 7869
3571 7545
5435 7878
2998 6221
595 5649
2152 3560
1939 3695
3788 8444
2546 2969
2590 4679
455 5897
1778 2533
1129 1890
5853 6009
7757 8503
2752 4610
1208 6979
1971 4526
3521 5709
2001 5828
5285 7116
703 2743
3144 8133
296 7790
3808 4230
2195 4869
2990 6304
6578 7726
7288 7526
1046 2893
3791 5539
1026 5674
517 3385
196 3676
1682 5549
294 7100
7168 8179
3207 6197
862 1043
4818 6504
7205 7335
4382 6697
5173 8264
1362 1983
6209 6487
2447 5636
5527 8117
3632 7767
1247 3551
742 2682
922 5936
3762 5953
1042 2525
5858 8420
792 8430
67 1901
7244 7490
1657 1879
5037 7420
4231 5672
2470 4757
3200 7018
3676 5633
3916 6981
3103 7176
6541 8044
127 3030
5532 7419
402 2015
68 6695
3456 7656
688 4952
68 2087
1562 4583
1299 2020
2238 4330
5083 5929
475 675
3309 5184
4025 4533
4555 7485
950 7263
3541 7884
1464 7385
2652 5679
8059 8278
2340 7784
6085 7736
3526 7256
540 4044
2792 4472
2910 3771
2412 5096
658 4618
1398 6980
1336 1707
3438 6063
5804 6694
921 4849
6094 7882
1556 2954
148 2676
4125 6726
1108 6656
60 3578
3759 7787
2367 4681
1327 3583
585 4690
419 3699
381 6252
6196 6989
2170 3473
2729 5400
5111 5807
1616 5580
5296 5870
2940 4634
31 3326
4847 7704
2111 2203
4698 6090
2474 3695
283 313
272 6801
3805 4109
4315 7309
7557 8076
1304 2105
1873 2456
5447 8349
3102 6399
1171 3138
1644 5127
5141 7708
4089 5278
5392 8211
2095 4810
902 4905
1974 7655
592 7245
2413 3918
7100 8425
3757 4817
15 1801
5484 7123
270 2591
3528 6331
265 1767
3041 7857
677 8182
2047 7016
1679 6467
807 1189
2857 4131
2433 7646
1693 7527
5815 8253
437 7446
3060 4478
5368 6486
2458 5372
1559 3329
7283 8018
7130 8459
15 3516
2474 7665
1764 5132
6480 7434
1984 4703
849 1001
5153 7260
675 1139
612 2546
843 5397
5897 7094
195 2985
1197 2607
6639 7625
4381 7416
3603 3880
690 5662
2736 7291
63 7833
333 6295
7989 8303
3966 8315
354 942
715 8028
6464 8413
2961 2995
2455 5568
5993 7771
4 2880
129 4778
378 4345
5110 7178
3035 5675
1091 5038
2063 7415
1552 4998
5420 5959
3401 5307
5126 6125
580 6946
1951 2595
2298 2348
822 2450
2507 4413
502 848
1406 8005
6773 8210
3296 5621
2124 7189
1409 4039
7114 7501
1505 5963
1307 7414
4908 4998
1791 6659
640 3510
2263 5683
1286 7679
7168 8169
753 2029
5490 5607
82 2141
48 5434
897 8382
3898 5805
1471 2235
6223 6821
1932 6565
6041 7336
2018 3938
701 2399
317 4486
1573 3796
2941 5530
481 4527
381 6700
329 4751
6620 7545
1706 5843
4041 5842
1378 5816
6274 7239
1830 3252
1296 6044
6429 7116
3190 5969
3417 6322
6011 8438
179 2532
5054 5204
2934 4346
1256 8172
3275 7772
4476 6149
1901 6978
1653 7871
4014 5598
1735 7360
2744 5041
2084 7382
867 2945
3961 4120
1557 5019
255 3645
1898 5829
286 3509
1161 3946
4764 5175
1804 4657
2506 7963
3434 5485
278 4124
5139 8274
292 668
78 1060
248 7794
237 5743
1259 6783
2139 2272
294 1810
3482 4641
879 8345
3069 8318
3330 6109
358 4872
6499 6519
2687 4724
6559 8336
6159 6652
3845 4761
4646 7859
929 7583
5318 5837
822 2793
6442 7234
1443 4314
5020 6637
1742 4189
1749 4607
72 1641
4219 4584
2240 2617
922 8126
3211 6058
5808 5934
3022 6409
1196 8482
6508 7684
2631 3331
4905 5670
2662 3555
1278 6618
2671 4597
2098 7724
58 5626
5733 7834
1849 7368
812 1877
349 1865
594 7983
6556 8063
2820 2902
83 7628
4414 7717
962 5258
5093 5732
3465 7150
4178 5731
1405 5670
981 4055
2740 5517
3289 8223
2218 7633
5289 5770
277 7936
4706 8448
1558 6822
1685 7852
5320 7616
802 2944
6482 7798
198 3336
235 5997
1711 2304
538 6010
2887 7690
2602 7631
1457 5023
740 3177
554 8496
2645 2931
814 3644
2454 5666
2253 5431
7210 8485
3001 5200
1492 1910
4516 5073
3094 8221
5380 5397
6615 7220
6402 7883
6309 7329
581 3818
750 7304
309 7792
290 414
5334 6522
2891 7799
5750 6128
6242 6785
348 3542
6629 7516
1195 7999
94 2184
1036 3940
1535 7230
4207 5740
7975 8075
3554 6687
5141 6437
2609 3315
4229 5007
2590 3099
527 2101
2451 5539
1390 5492
4083 4726
127 6670
1809 3363
2915 6931
3680 4709
1313 1708
5894 7956
446 6938
6163 6763
5719 8040
3896 8426
1080 3759
676 2751
4716 7875
2841 7422
1218 5509
1122 4592
1641 5319
620 6566
1317 5474
2200 4572
2057 6016
5183 7357
5391 8343
481 4937
1378 2256
2814 6145
6580 8023
2062 7480
5155 7849
2588 6330
1034 8324
2204 6826
608 7227
5670 5931
5942 6512
5503 6176
3864 6677
4976 6322
4279 6942
4407 5758
661 5319
5848 6905
2473 6651
1508 4404
5902 8322
1425 6193
5481 5662
529 8313
418 1584
4140 7249
4204 7382
5926 6132
2849 5630
5488 6491
6867 7565
3761 8161
555 7116
211 502
3967 5883
1118 2003
206 5355
978 5414
1513 2065
1573 7531
6236 6469
818 2908
8367 8451
3161 8122
2873 6223
1220 6710
1951 8148
3340 6717
2508 5743
3899 6753
3923 5928
2123 4531
1760 2931
6381 6392
6748 7051
1861 8032
7806 8042
1580 3250
825 5159
1413 3962
3738 4122
4545 5399
247 467
3207 4819
1663 5660
1851 7827
410 2899
2047 5728
1005 8217
47 5940
3100 4669
631 2206
1684 3521
1060 3193
524 8111
3339 5151
2546 4942
331 3698
515 2078
4569 7783
5903 8164
711 6913
4883 5127
585 8302
3682 3833
4212 4976
4054 6520
2766 4733
1913 6509
7016 8187
700 8392
1790 4994
2495 4052
4270 7025
2608 3634
870 7093
368 4864
739 7339
2040 3668
4286 4299
5568 6889
1881 6701
447 2229
1748 5118
6970 8014
3331 7326
2133 6930
229 5067
1784 4367
5306 6982
4314 6723
1513 5135
4194 5133
2494 3042
281 3653
286 6091
2039 3029
2725 5855
2083 3651
89 6778
1920 6844
969 3095
6395 6917
277 6475
6422 6716
3070 5514
2570 2993
82 4858
1835 6790
3158 7337
495 7626
3759 8001
3043 8233
2363 7261
6077 7590
3887 8323
5477 6605
1687 6199
90 3029
471 4146
3323 6200
919 8356
5808 7281
2932 6964
3723 7346
4307 6605
5040 6882
2618 5099
274 1884
258 7977
5784 7798
1609 4198
565 5533
3686 4160
1272 4853
1428 4254
665 2261
2636 6943
1957 1979
7313 8276
5501 5742
368 4827
2472 7435
911 5166
4653 6208
3344 5499
6772 8050
2197 2987
549 1342
3978 4331
3592 5990
3312 7593
932 3270
1154 7502
2663 5489
2170 2274
6091 6875
412 4675
1460 8374
4625 6538
2394 6535
321 1561
885 4865
5084 6920
667 4749
531 3017
995 8186
4249 6766
2721 6779
288 2276
980 7549
2238 3105
5932 6977
2718 7096
1510 7836
3304 4670
1383 4231
4006 8439
3255 8285
484 2868
3805 6960
237 4323
501 1751
1963 3570
387 8484
2376 3344
5047 5850
380 7333
1309 7649
779 7762
4193 5101
6985 8183
1056 1176
1486 4777
3949 6387
888 8327
1287 6988
34 985
1308 2473
1728 5403
6612 6798
6023 6205
4595 5610
2527 6156
990 2501
2510 6672
883 7759
86 7665
2457 2900
2551 5506
1414 4901
280 4347
2156 6998
4810 6386
3775 4290
5133 5627
1685 6727
436 6617
773 4683
6021 6670
37 3198
540 4375
4319 7154
2581 5624
1341 8385
1935 5567
141 1548
1852 3895
7123 8030
1954 2907
4150 7190
4929 7654
5734 6630
2560 4106
3657 4190
1516 4656
1656 7710
2881 3975
6317 6810
7511 7737
987 6028
2239 6453
4753 5676
2972 5109
4488 5062
2894 5877
117 6885
2604 5465
282 4980
1796 1798
2010 2939
796 3687
1530 7391
5535 6949
5384 8229
992 2247
5004 6594
1849 8044
5166 7038
3023 8403
3884 5836
750 1632
1920 7416
7188 8043
1385 6017
1868 4840
3732 6016
4665 6556
1590 6846
3548 6515
2965 3051
6245 7377
3386 3689
914 7612
952 1384
127 3935
5156 5875
1366 5789
1797 4162
6796 6902
4678 6531
3983 5852
5882 8362
31 627
4752 8050
312 6598
1130 2925
4348 7121
1862 2792
738 8426
3582 5016
4027 4580
1020 7164
2514 3453
6537 6540
1138 4928
445 5629
729 5306
163 6815
581 4902
6811 7053
663 2399
74 3777
2462 2596
7505 7721
2935 8060
1444 1691
2026 7781
613 5132
3569 8041
1433 8220
431 6017
4 3117
1916 3408
5258 6273
2148 5363
2304 2766
5263 5276
5061 5705
6251 8280
2800 3863
5176 5684
462 7696
4390 5297
7960 8367
1215 8410
3026 3976
2454 8484
2589 5957
1538 6148
473 8321
897 6524
3265 3977
550 3659
4775 7924
4365 6892
221 7643
900 8015
4066 5885
2778 6470
475 6487
499 4924
3503 3590
2218 3794
5656 7390
82 7817
6805 7437
1173 6620
6 4930
2251 2253
4819 6081
1515 6515
2848 6687
5326 7447
647 2035
3533 8148
4046 6177
1130 6853
2042 3258
3627 7861
4105 6933
1137 7392
3880 6370
5615 7239
1201 1966
898 7042
2378 6642
2329 6936
1658 3151
2017 8348
2392 5105
1667 2893
5444 7245
1569 3383
901 7219
2975 7876
4000 6431
51 7540
8123 8422
955 8259
4 3552
562 755
593 3070
1065 5454
1252 5674
1387 7722
1701 3672
5561 6420
844 7341
2105 5225
3272 3997
6191 7723
435 1365
1518 8452
5578 7490
7254 8081
2448 6558
4251 8048
2077 4950
279 7861
1478 7046
472 7658
134 8069
5819 8082
3675 3869
4756 7448
1719 2863
2894 7552
4683 6471
6430 7463
2395 3061
5614 7943
1496 2899
2337 4940
1445 5476
2017 2346
1126 7894
2847 3940
35 5997
1916 2147
4585 5949
2359 6972
3926 4871
333 1141
5137 6702
1041 6517
3153 5385
2822 3093
6758 7764
5882 6712
107 5799
1721 8406
2810 6575
2264 4365
4746 6279
4285 6966
315 7412
1904 6965
3559 7197
765 1313
3402 4425
966 6397
1963 5206
2125 4529
2851 8379
189 199
2412 7356
4329 5449
6458 6562
2149 2210
1946 4984
912 5509
2611 6101
5792 6694
3366 7469
5026 5381
1037 2087
4082 8079
2168 6992
671 3689
940 5745
123 5419
2026 7603
4364 6198
4019 4954
2918 7304
2898 3361
1770 8230
4691 7422
1503 5532
5220 6671
1201 3098
2336 5559
6969 8033
1094 3413
3470 3617
539 6035
2027 7063
2313 7971
1441 3079
6495 7776
4532 7742
4053 4722
694 6177
5163 7183
3218 8106
7052 7951
711 2661
5316 7105
2707 7676
928 995
1407 7470
1759 2032
3957 6678
515 594
5538 6830
221 6775
2979 5493
3626 6430
922 8344
1912 5684
5720 6456
3267 3398
1734 2580
5262 7749
164 3737
7282 8104
5931 8011
6857 7169
863 6961
1146 8395
2 8497
4183 6187
3038 5776
537 808
2434 7051
213 6957
327 4342
104 1867
3195 6862
474 5405
4753 7387
1444 2185
137 363
385 4787
2603 4190
669 4289
3229 5502
6156 7914
4769 6927
1491 7747
2358 5233
754 6982
3797 7922
2431 6897
4815 6980
827 3380
3281 7404
3712 6421
3328 5585
2169 8224
2227 6301
1526 3802
279 757
2160 3583
809 2180
1863 2799
3333 3513
4184 6565
2362 4787
3584 4415
469 2648
2798 7587
1955 3259
55 7697
1554 2666
2973 3947
2612 6476
645 4782
6654 7261
2484 3382
3054 4223
5928 6975
4431 6338
419 1117
1592 1703
5175 7970
3941 6385
2842 6800
2946 7187
1534 6390
217 7246
2023 5260
3289 6375
3386 8367
1938 2006
1835 6278
6317 7065
89 2807
3484 6113
5347 7331
120 2360
5811 6768
1936 5118
3531 6299
5839 6932
3294 7480
3109 6992
7345 8480
2281 7029
5344 6108
2029 6270
1394 6575
632 6794
3710 6410
957 2315
2828 7897
3963 5228
3092 7033
2034 2632
3948 7869
211 3579
1411 8158
4085 4192
2117 6013
5040 5535
3160 6358
3561 5480
6348 7844
5258 7017
5004 5226
677 4441
1413 5547
1358 6947
1937 7850
2819 8037
3617 5404
1769 4811
5848 7100
3415 5422
469 8273
22 6534
2547 4032
1312 7500
1517 2351
3226 3253
3058 3212
126 4037
377 7296
368 5891
872 3002
1593 2188
4776 7941
802 8332
1922 5712
3184 7839
4776 5075
1945 4027
2170 2427
5701 8471
5727 5945
5142 6772
1819 4916
2990 6432
3815 6951
2025 2467
5619 5972
1652 3473
2867 4205
366 1431
389 2475
2319 2957
2574 6838
1268 7724
1120 6751
1612 6693
147 842
3897 6366
5632 6696
7365 7561
796 7165
1737 3428
908 4444
1108 6052
889 5688
5845 7031
1778 5768
0 6695
2748 6195
6124 7482
239 6481
2807 3071
6734 8078
5219 6451
3239 7725
2159 5187
303 6427
3911 7708
635 4575
1004 2510
734 2137
1707 5557
5806 7953
3154 7775
21 7357
4221 7331
289 8210
3639 5217
3564 4780
2216 7851
62 3095
1052 2971
1379 3266
2366 8160
453 4340
6181 7403
4660 5015
2562 6749
4561 5697
1283 1853
1130 3562
612 2711
1219 7132
3204 8497
1896 3791
520 5317
1765 6571
2190 4038
5654 7526
1299 5089
970 3394
2453 5094
1544 4212
2336 7362
238 6352
3348 4638
5150 7487
1033 5322
2401 8372
1866 4512
4605 8430
4563 5552
2961 7007
973 1383
838 2576
2590 4456
3962 7618
1693 2596
1282 4647
7036 7316
1814 4137
3246 4371
1332 3295
2503 7785
5899 7106
6052 6868
7130 7520
4876 7917
3651 3814
5194 6415
6041 6189
5192 6804
1858 8054
1305 2139
1907 4931
3477 4361
420 7965
2559 5091
1781 4969
1559 7619
2393 4567
1712 7292
6208 8327
384 4298
1187 5048
1285 5226
5874 8226
7173 8120
1668 2319
5468 8066
1960 4376
3134 3973
509 5751
4203 8355
6095 7997
2881 6798
2848 3444
961 6385
1081 8035
231 5516
3147 6120
8469 8471
249 4828
5730 6824
4543 7343
6829 8139
5531 6507
3770 7082
1229 8443
2594 8254
616 2822
2122 3743
4055 7686
377 7516
2262 6860
5615 6257
3467 4344
597 2147
958 1123
5365 8473
898 7832
4620 5571
5181 6302
4637 7885
5437 6264
2914 4202
8175 8387
2871 4317
212 6946
2549 6803
4657 6128
651 3839
3963 5757
4768 7539
3994 5546
3892 5587
5455 6804
3292 4353
513 5055
2751 7574
2158 4149
1984 3929
6486 8365
656 4281
2295 8493
2433 7933
2149 7742
138 628
3710 5615
409 4130
1825 7977
5171 5592
1936 5049
4121 7518
739 1697
916 4512
3154 3302
1258 5017
2022 6841
1906 6391
2173 2399
2422 6597
1611 7600
1011 4387
706 5680
4144 7098
1759 7138
5303 5703
3881 3997
411 7560
1722 4141
2375 4214
1131 6747
1249 4890
5240 7530
3085 7109
7054 7431
708 1867
5564 6036
5315 8229
1624 2535
4736 5809
1298 3544
1658 5643
3489 7393
621 1153
1234 1704
1423 8381
3196 6226
3177 7060
3921 4169
1114 1251
1656 4771
517 7114
1775 2803
915 5288
1228 3099
3434 7463
2796 3862
1088 4813
7201 8102
6138 7768
2964 6744
6246 7674
2333 6599
2146 5312
2246 5641
1735 2303
3867 7180
3154 5300
1217 2113
3151 6574
723 4678
433 6952
2352 3998
2016 3120
262 7436
1533 6362
2674 5995
1056 5699
859 2051
638 6414
5480 6679
4964 6733
2936 3353
6911 7133
5459 7409
304 988
3370 5669
5571 5896
281 4646
873 3312
7091 7257
786 2756
3486 6004
3067 8112
2366 5540
3753 6272
5177 5280
6363 6711
2963 5495
1436 4307
1010 5534
2697 7177
1278 2118
2565 4599
4098 6098
3523 8168
664 1752
4223 7819
458 7605
3844 8442
2227 5918
5652 6351
6650 8028
2165 5678
816 3505
2152 8101
217 8200
3788 7756
11 1195
4058 6065
2651 4604
2605 5793
3095 3444
2753 4292
2534 6102
4679 6461
2358 6076
778 2849
819 2239
5929 8423
3592 4392
1270 8053
5988 6689
1762 2192
3519 5933
79 6908
416 601
2661 2987
6469 7664
4626 5390
4498 8257
6839 7537
2876 4216
3210 8470
1515 8465
2223 5824
3498 8307
4439 5343
2142 3266
4969 6023
2640 5946
2151 6845
7822 8242
3873 6058
2709 7224
483 4405
3769 6281
2370 5855
2821 7646
1794 3982
213 7666
1619 6930
5639 6542
7454 7786
611 4246
2811 5658
7000 7215
3471 6075
203 2418
369 6690
1966 7890
3965 5700
6163 6183
5514 8371
2795 4411
2509 6261
843 1674
3674 6365
72 7872
3660 7911
1073 4415
3376 5753
3998 8398
77 5931
1080 7502
449 1368
2715 7171
3257 7015
6723 7070
2009 7103
5539 6639
1557 1702
1181 3431
4015 4899
804 865
5080 7300
865 4163
2176 6230
874 3972
4226 5364
1971 5464
152 4558
5054 5197
6015 7589
5435 7221
2037 2970
2321 5362
727 5188
142 5094
1465 7622
65 5124
1513 2879
360 2141
108 7152
4450 6932
128 748
3156 5187
1119 5414
655 3758
1199 3309
5155 6528
7137 7772
2157 2432
1652 3996
2011 5023
4508 4822
3423 4473
2854 4638
2567 6965
3600 5752
1500 5114
2376 7090
1899 7151
2731 3182
1175 7579
4472 6796
1521 8402
1597 5454
34 1991
1403 4818
1428 6133
51 2426
1391 3889
2291 2470
1162 1622
408 2359
1166 5939
3251 6571
6786 7267
1754 4457
1550 6417
1498 4788
7621 7993
3994 6034
4574 7701
2317 3739
5943 7185
2214 2241
5522 7552
1103 2485
776 8115
2768 4414
4864 7569
3439 5706
410 5841
1679 5837
2988 6412
101 6697
1496 4102
2739 7695
1374 7251
277 6245
4230 4492
3510 6930
2864 3310
2386 2856
3130 4781
3426 3973
4745 7894
3001 6115
3959 7815
1888 3056
6641 7400
5134 6715
2778 7182
3358 6826
303 4868
3850 7505
6153 6530
2285 7431
2354 4816
2022 7508
5566 7893
4630 6782
1482 4726
1964 4654
2272 4288
3303 5036
316 5190
4099 4253
1871 4558
6912 8297
355 1034
957 3783
2867 8156
4572 6545
5525 6969
484 1738
1036 5794
6250 7297
819 6239
4215 6248
4349 7918
2037 4046
250 2827
3009 3422
6694 7848
2992 7907
7222 7760
792 4011
3249 7844
392 6621
345 7924
5445 6242
729 5920
2080 7102
1184 7308
2491 4525
5163 7985
1849 5905
3076 6112
425 5901
4667 6142
2500 4205
2185 7184
2123 6625
3509 8489
3081 3205
3556 5665
2044 3991
619 3857
2824 3768
4602 8204
465 2956
81 2016
5103 7435
1284 3457
2213 4374
2927 4538
3988 7276
1451 5840
2702 3943
2996 4579
3654 4642
4519 5321
4099 6940
3497 3960
748 3049
340 5797
2537 3902
2577 7311
554 835
5198 8474
3408 8297
5446 8361
548 8236
3623 4884
3699 4062
4495 5951
1350 5740
8205 8363
5227 5466
218 6680
424 8096
1667 8190
1061 7529
6631 6814
1784 2535
4732 6923
898 4274
7380 7518
5610 6859
938 2489
1318 6867
4456 6718
409 7723
2788 5605
3790 4327
794 7693
1382 6227
2059 7206
1607 4838
3133 4775
4373 7869
3696 4739
2038 2661
5712 7550
4955 6872
1115 1993
5594 7170
5092 8019
3565 8145
1846 7481
6527 6576
1733 4378
508 7562
6037 7359
5105 6321
5178 5473
1045 7645
3973 6105
3511 5977
3241 3924
3108 7993
927 3520
1872 4845
542 1808
5212 8035
717 7982
2801 3450
3717 3915
685 1481
1634 4014
48 5563
1515 3968
351 6017
1024 2174
6686 7034
2511 7270
1231 1516
397 2316
3789 7745
5459 6466
888 4061
1968 7233
2181 6728
2872 5244
297 4800
250 4494
2104 7652
1346 1715
1622 5942
1448 2704
5686 6161
1144 4310
3510 5038
886 6038
2449 4206
3311 3329
1075 2728
5857 7317
374 1306
2169 6107
2383 8131
1017 7976
97 3319
7381 8478
5215 7005
1949 5766
6485 7635
3733 5965
1670 8316
1566 5480
5920 8453
328 4008
724 7561
1975 4676
4636 5573
7096 7526
2866 4685
3397 3656
475 6127
4667 7990
3930 5536
3330 3479
4464 6254
6125 6547
156 1004
1256 6411
4562 8266
4955 5546
3380 7217
1680 5104
5726 7627
3728 6329
4084 7719
4766 5529
223 8153
2718 2749
4374 5729
2650 5339
4509 5591
2517 8381
1243 4183
4713 8350
4433 8349
3247 7893
371 7284
720 8307
1123 2815
3895 7945
3916 6771
1922 6856
3884 5220
549 2521
4093 6258
3917 7841
2064 7744
3469 7048
7465 8080
3625 7202
2777 2955
121 4622
2286 3409
2862 7662
5556 8069
5911 6294
537 1332
1813 5442
212 1250
3906 6832
842 8065
1324 8466
4022 5701
1083 4293
2845 6203
915 4116
22 5218
5356 5436
2785 6748
1794 2250
7158 7926
7359 8287
1325 5272
2493 6394
3469 8384
3352 5948
2748 3530
1064 1116
5520 6446
28 2054
5201 7229
510 5837
3389 6886
2439 6053
1579 3335
6328 7384
2699 5710
2221 7631
1279 6783
7888 8076
5801 6184
461 5034
4173 5809
5442 7089
5006 6064
2306 4566
3512 6928
2369 5333
2904 7642
5150 7748
3751 5256
5500 5681
650 7423
974 4044
656 7374
1237 4602
269 586
31 3309
3221 3943
4301 7951
3906 4809
6072 7994
1446 7471
1237 6721
825 3466
5503 6441
2500 3217
3411 7498
3719 5694
1959 4435
2 7197
1277 1626
2060 4633
1890 2590
2520 6488
2948 5042
4230 6732
2396 4711
5276 5579
2211 6538
3142 6372
1085 8320
2915 6420
3040 4878
317 4878
651 8364
2557 3621
7142 8474
957 8359
5794 7084
205 3005
482 4362
2579 8185
4599 7093
3594 5790
5117 5670
2661 6948
756 3178
4814 4862
8049 8207
2966 4997
5132 8450
4074 4709
1163 7521
968 7978
4788 7479
6001 8007
646 5782
1336 3249
1611 7584
3077 3511
375 5653
5542 8314
6147 6228
6323 6346
4229 4898
2435 7381
115 161
4673 7225
2026 3985
2602 6290
2804 4183
4268 4583
1945 5251
3310 6418
1417 1445
1222 7052
1549 3600
1444 8226
5344 6201
1292 2290
1465 4916
45 1344
2769 4965
2376 3708
265 4470
119 8480
7393 7413
7439 8048
1950 6026
2962 7969
6533 7482
2110 5065
3336 3392
4612 5154
2267 4913
4546 6886
1947 2639
7948 8287
867 930
5165 6388
850 7936
6957 7086
2461 4466
679 2266
3441 5362
457 5766
1944 7197
5495 5623
727 1201
4084 4250
4192 6747
6428 7514
795 4509
4147 4490
1587 7155
3432 8239
430 874
2320 4048
260 7706
829 5676
1234 1322
582 1997
704 6128
5786 5985
2584 3568
2019 8079
378 7474
2555 6825
2078 4933
1223 6719
4091 7982
2392 5991
4257 7761
1715 8018
1698 4502
1014 8435
1069 5202
4952 5699
1610 5888
2502 2928
4720 7059
2145 7890
1903 4514
2835 6887
3439 3726
5788 8319
3702 8353
2931 5673
3703 4709
6925 7880
1095 3547
1075 4298
2798 6047
735 7753
4920 5060
61 382
599 1593
4224 6461
5624 6336
5191 6845
1223 3503
1928 2564
2113 7370
4705 8182
4959 6340
4619 8304
684 5523
1044 7439
7134 7157
2683 3334
1684 4760
4725 6579
2055 5065
141 4433
5517 6715
3202 5668
1624 2516
1546 6935
1006 7169
6356 6632
2283 7751
2418 7616
5852 6325
6650 8423
488 5655
3614 6165
1288 7367
4723 8257
246 7310
2095 6332
2213 6557
1681 4873
1933 6977
278 6020
572 7302
694 7548
3502 4799
2744 3742
2618 2704
6839 7930
1990 2108
4165 8064
1332 7125
1159 5140
1659 3305
6045 6527
4219 5606
3495 7316
47 514
155 7761
3196 5131
680 2333
334 2387
4537 5495
949 4157
818 6328
7498 7755
518 6808
5308 5930
3402 8097
253 1992
2199 2443
519 2060
3031 8429
1824 2757
1576 5980
1186 1643
6196 7440
3121 7747
5073 6869
1099 1775
5636 5944
5313 7546
52 1560
5767 8340
4402 6289
1894 4889
6907 7804
1033 1869
4269 7706
4692 4857
7327 8370
4692 7809
4253 8137
5881 7601
138 7982
3848 4760
1641 8010
3443 6997
4079 5851
5245 7118
4588 8398
4064 5245
1067 4114
2810 7809
1050 5913
1648 7967
5674 7512
6280 6828
4661 6990
2228 7247
570 2369
2406 4634
383 3581
3939 5853
7020 8224
113 3710
655 697
1367 7783
4680 7457
4275 7664
969 7529
685 2860
6135 8164
1182 7409
4304 6976
1493 6478
611 5768
7321 8471
3590 7507
2280 2894
1806 4511
4449 8389
191 7204
3173 7709
1853 5470
3324 7111
1581 3284
4105 7056
1663 4138
2576 6222
2443 6554
3714 8281
8069 8101
2754 6217
1221 3783
2155 2379
722 5744
1876 4887
3615 5966
2641 4456
2515 3618
467 1526
245 737
4051 6130
4562 6006
2974 7838
3452 6301
4975 7584
6030 6959
4412 7429
82 133
1921 6307
1747 6675
4275 4774
4534 5410
4374 7908
1857 5045
3091 6933
608 2973
3016 5731
6484 7925
5590 7396
144 4601
2816 5439
2261 4822
5880 7583
821 3162
4972 5400
6572 7530
989 6252
1110 5680
53 7644
2687 4708
3053 5895
1841 7069
4951 6352
716 814
1695 5167
143 3974
4389 4741
1019 7846
644 6607
6231 8022
785 5106
5815 5872
1359 8017
636 1021
5968 8274
4224 7961
5345 7177
1580 4459
476 7596
2987 7524
5296 5302
1798 7161
3284 5618
128 5569
2111 5181
6803 7689
5499 6991
1308 6993
5064 7147
1965 3257
7634 7839
3989 7458
2240 7014
558 4486
2877 3618
5808 7035
2452 8318
3455 5813
5148 5829
3818 6769
128 3208
2690 3014
2823 3826
1227 2569
3666 7965
5720 6727
4869 7182
598 3613
6664 7525
255 3714
4546 5006
2987 6871
1164 4631
1600 5958
2045 7192
3666 5767
4729 6861
762 3326
769 8089
3927 3946
2323 5890
1112 4812
2980 6447
914 990
2222 3172
6582 6676
5284 5689
3119 7175
1351 4217
3225 6001
4718 6269
2133 3385
3537 7611
3261 6162
4423 8267
5185 6376
1546 1960
781 8140
1533 8272
6060 7146
2689 8062
2270 8467
2057 2511
172 8264
1775 8312
1778 8103
2756 6834
4885 6116
2631 3544
659 6640
3448 5319
2217 4956
3946 8067
6867 7676
4003 7319
3386 7049
1627 7353
1544 2530
587 3201
1651 8243
3996 5180
6500 8435
553 6903
2288 6633
3567 4877
385 7813
2175 4265
1251 2563
4901 5178
5337 7534
1629 3319
42 8414
1275 2800
2061 3100
1633 7125
139 4143
3692 7691
3645 7214
416 6329
1043 1999
1016 6345
3630 8146
803 4701
1622 7804
4645 7913
2720 2865
1326 5277
2453 7692
5777 7905
1589 6210
6440 8181
3149 5304
2692 3146
529 6668
1408 7155
146 1895
2012 4758
4670 6046
2083 2763
1469 2542
350 7777
92 945
340 3570
653 4042
7421 7452
4399 8061
942 5774
5786 5996
7106 8014
1055 8215
1381 5226
7311 7326
1862 7868
3015 5976
7677 8442
2261 6813
2913 3651
1651 5227
913 2441
918 5268
616 2862
725 4621
5055 7562
1014 8151
2624 7613
5594 8228
3047 3753
5181 7853
2263 8319
1249 7540
1280 4400
1027 1546
3491 4091
5061 7731
1319 3315
2582 7128
449 2530
1696 2532
3171 7649
1551 3679
3150 5394
1361 6950
4964 8150
2920 5354
2824 2831
4209 5517
2943 3267
864 7966
1779 2753
2882 3807
3715 5956
3771 7451
3196 6399
3273 7191
4330 7514
4870 5513
4801 5276
6124 7411
1476 3669
336 6583
2514 8150
2852 4357
4332 4667
5101 8080
4026 5037
8066 8339
3898 6347
751 797
893 2639
892 5802
5839 7766
1321 6752
36 7448
1932 7921
3310 7199
5688 6207
2835 6074
96 874
2127 4917
1206 3843
2468 2498
2507 6552
7404 7968
3233 5589
5038 5052
622 5193
2212 5699
2448 5325
4141 5299
4554 8308
4608 6057
6638 7902
4631 5916
80 2309
2772 8341
4504 8322
3898 7414
1984 4220
2247 7974
291 2443
1235 4716
5479 8431
3575 8255
2392 5949
3273 4385
339 5783
1988 3628
334 5950
1331 7101
4627 6823
1094 7061
2779 7456
2018 2148
1606 2496
1409 5937
2064 5633
1939 3011
5083 8177
7802 7877
3814 7506
1114 3566
3518 4833
1497 5256
6539 8351
4264 5101
7204 7694
71 4334
1434 2909
1677 8088
3758 6237
1014 4623
1260 1710
5149 7075
2692 7344
24 7964
1306 4871
405 7568
3067 4186
1285 1663
5390 8126
175 4404
7582 8115
2622 3378
270 4703
5623 6310
5409 8046
6035 7063
343 774
1117 2056
3242 8486
5714 7767
3485 7598
2082 3635
5095 5140
1213 1850
3861 7931
899 1910
6017 7610
3752 7438
4972 8165
1715 5626
3066 7184
1115 4857
7963 8399
1055 7163
578 6884
259 4387
3445 5754
1999 3547
1655 7726
5216 7575
57 200
814 6704
1908 3619
707 8180
357 7136
1658 3684
124 4833
1718 8369
2379 6535
871 1183
718 6016
910 6319
2730 4928
5820 5943
719 3038
932 7904
1291 3263
1842 3083
722 1070
339 2996
5325 7217
1039 3308
1501 6755
299 1349
2616 6919
98 225
4982 5877
1133 2340
4871 5192
2432 7300
6032 7261
2461 7571
3189 3694
3110 8232
235 4859
2106 5746
1153 3267
4242 7362
2832 5762
1854 6471
1520 4258
602 4918
1213 6829
2627 3654
3478 5287
3919 5799
5865 6813
5838 7083
4074 4987
3097 4257
4019 7930
2672 3186
1686 4651
5236 6640
4945 8387
834 6551
756 794
5504 6387
4380 7514
2837 5434
1746 2494
2337 4557
546 1734
5146 8216
749 5721
1316 5827
7512 7997
361 4872
3515 6230
1477 1988
5885 6701
6999 7928
4844 5434
3685 3978
304 953
2966 4276
899 8490
950 2722
3130 7638
3332 7353
426 1583
497 2092
2675 7957
7477 7700
1209 3243
2078 3486
3086 6084
3265 7202
3954 7481
4796 7868
399 5343
2256 4201
4988 6817
3094 7334
4404 4542
212 805
648 6505
3715 5395
8096 8457
459 8426
1289 5777
4537 6253
85 159
3575 5999
6259 8009
1655 2603
707 7573
2570 8418
511 2766
2211 7195
709 3136
1047 5112
2504 4308
176 5526
1110 7434
3090 6774
5814 7448
4318 5067
3658 7440
7864 8117
1225 3401
3180 4655
2115 2806
4752 6139
1197 2984
291 6140
6366 7953
5316 6404
4166 8170
705 991
1391 6022
2688 6249
1365 5978
5661 7022
2203 3824
2423 5660
1794 1834
446 4754
5952 7997
2445 2490
6349 7395
274 7594
384 1660
2995 3027
6755 7205
1758 6126
233 3716
314 5262
3287 6152
788 7058
1934 8168
1272 4653
3289 7078
3986 7146
4452 6329
6622 7318
4193 8277
158 5450
2042 7966
4944 6157
5296 6787
1245 6511
1261 4993
129 2975
807 1364
5323 7681
6291 8155
2237 3337
5450 5874
4484 6087
6106 7945
2932 4503
690 2841
290 6939
3032 3604
4679 5727
3998 6582
4451 6228
3189 8136
1231 2410
7382 7752
227 4083
2501 5745
606 7508
1031 7287
1675 4979
2045 3252
5899 8167
5051 5797
3868 3992
6848 7766
569 7961
1561 3278
5421 6521
3436 6693
2067 2772
240 1125
4732 5597
125 7183
5000 6336
5981 8185
3690 3935
4770 5787
3676 7634
4993 6246
3505 5413
136 3868
226 821
28 6416
4518 7543
3357 6192
1571 5587
2175 4684
1224 6645
1521 6660
937 8226
2229 3690
710 1099
1575 5487
709 4175
1647 8388
3701 5149
2598 6128
4522 5055
937 5693
875 6914
1922 3528
860 4850
644 4694
2320 6472
1683 3893
1818 3519
177 7559
1996 3368
287 8269
1019 5887
2168 6193
3396 3932
5906 6073
4543 8368
3885 5450
1951 7383
1627 4595
4671 6103
4772 8050
3578 7805
498 7373
2162 7479
2289 4409
1568 2732
330 1179
6723 7687
681 2144
5275 6371
975 3388
209 8062
2050 5112
2890 3463
2982 6487
12 6748
366 6435
1378 7935
1257 8027
1495 3575
6247 8353
1635 2114
6949 7962
4377 5920
817 8385
5530 6061
521 5654
223 4446
1526 8329
2376 6705
4390 4521
3006 5444
4797 7645
1938 5812
25 6137
394 6128
1711 4874
7162 8177
4907 7306
4897 5311
3904 5235
6293 6603
4627 8225
5759 7728
4306 7453
2669 6071
398 5167
1113 4802
2345 6261
365 505
4368 8427
3793 5521
5355 5625
1066 2484
541 4078
687 4168
5117 8234
6608 8294
4879 5954
334 3153
636 3987
6426 6883
1401 5559
283 1128
5369 5683
2643 3518
2901 7352
1498 5582
2571 4180
2500 4037
2204 4400
1274 3212
2440 4466
2046 5401
2569 6792
4050 8395
3363 8231
703 2768
252 7586
6907 7220
653 1353
7908 8421
3672 6663
2635 7594
1288 3790
2738 3103
2557 4363
4567 8030
1551 2667
858 6410
2378 6607
999 2519
756 1798
268 1743
3617 6096
4225 7423
1066 1756
2521 7253
4238 4480
2364 4387
7378 7818
861 3180
5545 6979
181 940
4081 4541
3377 4467
4428 7019
4263 8091
1302 3866
7237 8181
54 6401
4958 6326
2228 3128
3384 4222
1488 8055
2492 3218
2310 2640
180 3755
4519 7661
156 470
2146 5273
3304 4004
4430 4961
3958 7089
1370 6272
5497 8484
5351 7289
4009 5456
7535 8405
5723 8198
7208 7933
1466 5236
3622 6896
882 6005
1513 5400
2694 6706
3175 3228
1017 6526
607 1680
3727 7489
3539 5148
4406 7635
2104 7811
80 2143
1501 5011
552 5909
7017 7648
357 1612
3050 8287
3825 4627
7483 7701
6350 6538
308 4240
2308 4316
51 1579
679 2542
6731 7824
5497 5634
657 3445
6424 6873
3105 4074
478 1849
6059 6795
3658 8293
1893 6800
3494 3629
2311 3449
2543 4048
2692 4296
1742 2625
4302 5291
267 3260
1989 2284
12 2431
2545 7544
1783 2844
809 6063
4320 7628
787 8427
1562 3709
4859 5816
6519 8261
2903 4731
3155 5117
788 1035
2755 6498
4013 7271
2246 2508
6027 6401
7533 8002
3133 4481
3678 4592
1022 4274
94 6189
4933 7417
5545 6437
253 2023
2664 8168
5243 6660
5700 6646
607 4228
326 7264
4942 8313
903 7147
2844 7843
383 6375
6090 8393
3175 6354
1753 5261
16 1082
1341 2130
456 1393
3569 5526
7233 8158
6945 8311
695 2351
2074 6175
12 4157
1807 4337
721 4232
3720 6681
3956 8055
5869 7079
907 2607
4179 6257
3496 4451
3917 8356
3697 4502
2323 6166
4846 6185
658 7730
3220 6827
5639 6772
187 5308
3115 7362
1149 5953
2620 6581
5944 7125
2213 7912
311 6259
1189 2868
1022 5976
5978 6554
4449 5980
1041 5619
133 3999
2746 5039
1233 6713
552 1841
2108 5433
7140 7245
840 2485
827 3327
166 5159
4813 6174
5011 6223
281 1745
1376 7523
2118 5319
857 3800
4112 6274
4913 8444
2770 7031
601 6692
3865 6795
6066 7906
2659 3257
4699 8026
1320 4768
691 7395
56 4707
458 3429
2429 2832
982 6699
1277 1650
2921 5049
1142 2486
5811 7356
4331 7461
6636 6979
6084 8124
2562 5472
3598 6133
176 385
2405 3167
3420 4823
3387 3615
3993 5207
2981 3056
1732 4875
2215 3312
204 664
1750 8337
3012 6596
567 1175
5051 7717
163 7230
1175 4189
1366 8363
4168 6662
3756 6973
8263 8407
4632 8083
4504 5013
3783 8326
1455 5573
7462 8074
2391 7247
563 7714
1630 2819
4248 5728
917 2721
5515 8430
2158 3847
3777 5316
4577 5722
5504 7887
495 3600
449 4170
2069 2180
3506 8339
3367 4283
3722 6201
1234 5817
2163 6471
5247 8221
548 6296
2676 4867
4457 6636
3223 4100
836 2114
1800 3399
2874 3603
408 2932
799 4969
988 2523
2148 2164
1462 2043
600 3337
1858 2755
160 2416
364 2385
2977 5772
3 5463
3169 6694
5605 7435
3202 6055
7489 7900
3853 7238
1594 2479
237 5045
1412 4401
358 6294
4738 6111
6053 8085
863 939
2413 6182
4517 7455
3849 7324
5370 7798
2275 6852
1051 6820
1654 5072
3181 7503
3927 4926
6173 6509
4443 4856
3300 6315
2081 3124
3230 3860
6352 7027
2347 4673
689 3379
5451 6440
3003 5410
1577 2395
1788 5818
325 8377
2384 8185
5996 6192
284 1890
5250 5717
242 7153
2739 6478
396 2015
2245 4943
2265 7045
2403 5066
4139 7293
4865 5399
363 7854
3309 6008
1260 1642
1292 1696
4207 6468
2830 4385
3776 8243
2379 8445
1961 5904
2039 2088
4463 6584
14 7151
5982 7467
3764 6369
5998 7364
1214 4980
2805 2982
3859 5545
514 7920
4126 6186
5486 7721
207 6019
3702 3760
2553 6630
979 5312
5815 5982
189 2859
3754 6693
6151 6251
4539 8108
2986 3344
4988 5396
3080 3407
211 5487
5371 5871
4322 6234
2890 4975
4883 7808
1255 2892
299 2342
518 7315
806 3349
881 4619
3099 8328
826 1976
941 7031
4746 5575
440 5328
1079 3218
1567 8150
5141 6077
339 654
7410 8164
646 3933
5469 7234
5372 7991
4168 4900
912 7913
1485 5668
3731 8123
1530 2239
805 4371
1629 2670
1560 3104
38 1397
5110 7587
494 5226
4931 8446
5543 7558
3527 3599
2498 2890
2229 8380
199 8384
1145 7490
594 6734
2786 4538
4294 4900
730 4655
4083 4633
1095 5644
723 5483
708 5375
4389 6587
1699 7324
4290 5003
5231 7267
614 2413
5586 5671
4236 6922
2865 7040
2188 2502
3555 4266
1097 4984
1104 3812
4678 5209
5998 7737
1238 7663
6174 7236
4852 7657
2222 3093
4932 7771
5031 8152
760 6899
2262 5553
1146 1155
2649 7412
5242 7561
2634 4804
587 1539
510 7789
909 4978
3612 5477
489 1339
6730 8200
4165 7754
7469 8140
3439 7235
2413 4984
1505 2631
6408 7617
359 5186
264 1559
401 8404
3794 7947
5638 8240
458 605
3086 6895
5373 7319
4012 5961
4043 5484
5690 7013
7515 8373
422 3223
70 4057
3301 6362
57 6363
2825 3503
810 8291
4305 6742
367 4728
1240 3197
3342 3405
3552 3641
3663 6520
3397 8174
2507 4154
2042 6961
1801 7113
709 4468
1429 8354
3112 3259
1357 4128
829 3930
927 2747
3624 8467
1300 2140
822 3603
254 6304
3434 7500
26 963
4850 5121
5761 7510
1537 3566
3312 7328
4024 4673
104 7487
1440 2720
1134 2695
4716 7009
8447 8491
7735 7959
6912 7835
83 2582
1128 6881
5055 8130
73 8116
1401 4949
524 3293
1046 3631
266 6608
452 6805
7399 8109
5016 6632
3670 3732
2182 2989
4887 7136
6618 7254
5764 7804
1949 6025
1461 1803
2424 4735
1870 7576
302 4110
1272 5224
6195 7478
243 7325
1674 7208
4363 7117
5071 8031
4651 5289
1019 4022
3262 7042
1520 6510
1825 8409
2857 5624
2747 8437
3601 4273
5203 5391
1065 1756
766 6585
7504 7769
1116 3590
3549 5159
2732 3253
6218 7202
124 2989
4088 4664
1960 7822
1480 4336
1144 6746
6294 8183
1955 8494
3663 4881
4934 7799
3104 3660
1300 8366
2348 6045
5637 6776
6216 6803
4847 8217
1420 7188
1079 3980
1076 3187
849 1365
822 2312
2107 7882
5515 5656
2144 4361
1553 8320
4576 4601
3846 7358
750 1156
2525 5063
101 4041
202 2826
3034 7312
1814 1902
2835 5204
857 5452
6087 6377
2690 6851
2463 7294
3925 6060
378 8142
791 3614
5886 7390
1639 3277
2648 7250
2413 3786
4349 4883
6220 7935
4197 5119
1369 5988
179 794
1943 2625
591 4479
7080 7878
5085 6316
4536 5982
3305 7446
3406 5561
7524 8196
4988 8295
5058 5425
1718 1722
2917 4329
2469 2991
5919 6962
4795 6216
5979 6156
783 6314
2337 3858
1970 5829
2122 4553
2372 6323
4057 5087
5421 5726
460 3049
4648 7743
4153 7121
5011 6255
777 1671
6493 7784
6525 7682
1794 3288
5170 8191
1076 2806
2959 3809
1018 5205
715 4295
4506 7901
1536 5633
1387 3926
1832 7602
2134 6041
588 1054
128 3671
1499 2706
3401 6849
2463 6957
439 8473
283 1350
2893 7898
680 4991
3442 8024
670 1525
743 6492
290 8216
1889 4316
6206 7826
2446 7175
1857 7169
182 6348
1930 5346
4072 4806
5244 7742
2205 6484
6470 6811
1467 4869
6253 7532
3029 5098
661 6476
2159 2851
1994 5394
1354 5631
2080 5974
1598 3059
4677 8001
527 7681
3752 7085
481 3822
133 2962
4393 7803
1455 1599
2947 7703
2772 3493
1148 3320
3063 6866
3646 5188
4376 6069
4993 7182
8 501
5571 6284
696 4657
5228 5352
5918 6421
367 7390
185 2313
1824 4386
3160 4413
4894 7872
548 6489
2186 4002
637 5778
6064 7734
3256 3991
3043 7880
4283 8246
2847 8402
2226 6501
1579 2006
981 4930
3757 8366
343 1507
535 1525
5793 6356
421 7569
5077 7483
442 7500
3681 5491
2138 3832
2666 8372
2356 5022
2466 5744
3010 7614
1543 5455
4578 5463
5913 8007
2328 5784
1171 5834
2103 4391
1409 6163
2510 6240
614 3435
1952 3468
1133 6023
2075 2257
2014 4352
346 750
6417 7543
4494 6318
3066 6594
4794 7829
614 5332
1390 3762
869 6450
1053 1574
7019 8463
2272 3920
2380 2771
446 3741
2730 6526
3548 8127
3386 4202
1134 1713
1749 5612
3371 5320
6050 6784
3475 6538
5662 6339
4485 8427
5869 8291
4107 7638
2028 8038
4213 4821
390 6141
1639 5558
3459 4830
4956 8275
2721 3225
6868 8401
5079 6087
2239 3028
397 3162
3664 5944
197 5363
63 8035
1676 3540
2140 3014
135 4320
300 1085
4171 7011
2882 6675
1844 2319
1892 4574
4681 7329
650 4332
4544 5510
4143 4935
1974 2986
5609 6363
1360 8115
7630 8076
1157 4834
701 1295
4360 7522
2301 5209
3039 8386
515 8246
263 7233
3600 3914
5540 8292
764 6383
3752 8044
1310 6131
5602 6750
6283 6285
46 7007
273 2627
621 2150
5174 5607
2380 2390
125 5894
3858 4548
5947 7006
170 6472
1104 7615
2617 6519
5336 6832
5120 8265
393 6710
3739 4823
6862 7313
3461 6445
2656 8029
4936 6462
4383 8330
2088 7942
2415 3552
1388 3463
2767 3974
1402 7568
6699 7212
5581 7617
1177 7982
4020 6976
4547 8039
4820 7688
743 7027
775 2316
623 6088
167 329
392 6735
7650 8269
3245 5015
2727 4854
267 5389
920 4102
3191 7647
4709 5864
2179 5939
4785 7725
2843 5395
1806 5596
3598 6950
890 6435
4410 6269
339 5259
351 2019
7411 7776
195 2374
4012 8208
3047 6348
3430 4136
3410 8323
5442 5867
4962 7158
3052 6393
1656 8146
420 7099
130 8229
3234 5656
783 8221
2213 2637
1354 6963
4194 8379
1608 2715
1852 6842
3945 7650
493 2505
1522 8411
2787 7986
6482 7711
3634 6959
768 4982
4028 6122
4243 4380
2101 7141
455 2326
1291 1631
5129 6585
1866 7279
7576 8081
1755 6042
3690 6922
473 2866
4591 5388
6886 7760
6996 7591
2628 3824
4132 6125
1171 4362
2398 6902
95 7944
5362 8073
6104 6871
2750 8013
2739 8012
3419 6604
2570 5678
4374 5725
2593 3591
422 1843
563 5844
4995 8167
3767 7249
1373 7601
188 5233
3593 4821
2366 3890
4530 6156
6342 7551
3940 5681
2786 3317
5324 7304
5120 6848
5166 5825
782 7878
652 7167
3415 7359
3281 4017
3558 4505
6255 8327
2615 5035
414 8167
2476 3859
3046 3185
4816 6451
6126 7242
1301 8496
5024 7327
3478 7540
476 5264
5873 7498
213 2951
6922 8257
1972 3712
935 1949
3322 7219
7104 8282
1968 6583
2381 6518
7477 8500
3586 4736
5494 6554
4168 5919
1833 8345
2390 6437
4168 8149
1615 1666
6621 8397
1325 8161
1432 4422
4887 5718
6204 6266
318 4007
4020 5461
1404 3233
1558 5749
1324 3886
2032 3176
1603 8192
771 1411
736 7766
2547 3707
5307 7145
2157 6392
99 6157
2247 5293
246 5482
5049 8231
5983 8004
6739 7642
7815 8289
4389 7992
5572 6601
742 3779
2702 2783
771 4571
1234 3364
2315 6225
1058 3395
1947 7879
2896 5596
7426 7708
1282 8045
7940 8158
703 4985
1132 3015
6237 6593
6712 7672
3195 3422
1081 4903
3621 6015
193 2111
2183 3907
835 2994
3128 5417
4989 7894
1003 4337
4086 8398
5671 8250
983 5387
5252 8233
4316 8358
2403 5645
2035 3960
2773 8275
2106 2266
1973 5643
5967 5985
1298 3256
1203 5984
2993 7124
747 2608
3826 6457
324 8184
3340 8324
5468 7405
4924 6201
2775 7677
6768 6945
2877 5153
3191 3943
3427 7975
294 4452
99 3724
4182 5297
1099 3127
3711 6215
1736 5059
112 465
1085 2227
2412 6715
2465 5035
4718 5792
3522 4840
219 7204
3599 4005
3123 3630
5490 5980
1176 5785
3898 7361
2963 8203
845 3843
1215 1737
1146 1614
2696 3086
2233 6231
7203 8377
7234 7345
2780 5868
1639 2325
591 1151
293 2166
3862 7342
556 1706
1119 7289
6154 7490
1134 7795
184 2624
4094 7829
6460 7331
648 1470
1028 3188
7299 8013
1909 6217
6311 7809
3205 7636
4833 7805
5147 8486
4261 6982
6007 6296
1245 4863
3558 7528
2414 7452
2741 6931
3079 3805
6568 7786
790 5775
4605 7398
5063 5741
1092 5550
6449 6838
3716 6926
2961 3857
2807 6605
535 6553
954 1615
1370 3442
1821 7902
842 7802
1261 6865
977 5230
3027 4184
39 1596
4707 5312
116 4195
7519 8169
5758 6084
568 7255
4060 6573
5918 8068
2766 7155
403 4108
1262 2480
3936 7862
816 3973
7272 7367
3354 6097
1911 3325
6367 7265
3574 6431
4404 8163
1093 7340
5428 6324
3778 7065
2898 4143
4199 6772
7012 7412
550 2979
2556 3075
4101 7127
1874 4141
1070 2090
1931 6175
1188 5010
5801 6931
1038 7921
6757 6921
4038 8237
6079 8280
2888 6518
2576 7367
986 8494
1191 4281
2907 8088
4917 6131
1940 6680
389 3689
4398 7166
3334 6222
3137 6539
1158 5259
4422 4854
1200 3497
127 967
2335 7886
3074 5137
2595 4736
4351 5504
1720 6361
598 673
4498 6909
5018 7554
436 1924
5921 5962
631 6953
1106 2379
285 1041
5991 7466
3952 4417
7032 8298
187 5407
97 6089
2221 6537
2763 6655
1829 3745
2849 4647
5404 7580
7495 7973
2488 8007
2079 8046
205 3511
171 4191
415 4136
528 6910
3977 7248
2362 3677
2405 2459
1264 5712
256 1253
772 5980
717 3199
432 6921
1168 6056
820 7511
1998 4589
2115 4414
904 6377
2683 2915
829 2682
1242 4843
6092 7796
2604 7025
4074 8436
5671 7720
6111 7681
7069 8252
841 4473
643 8197
2767 5684
1983 2556
3918 8483
1696 3589
877 1701
1143 3820
3421 7949
370 1788
1042 6623
5554 8042
133 2610
446 917
467 2473
2408 7131
2248 6445
4831 8107
3488 4890
2277 2438
1074 7846
5793 6295
1911 2069
3705 5227
3280 8236
53 8499
111 1983
2347 4469
4116 6956
6055 6532
140 5663
551 6052
1665 6845
3414 5905
88 2257
4947 6785
6545 8290
6684 7118
2214 8175
3850 4715
724 5941
6515 6829
1049 7984
5549 8270
3207 8049
80 1805
114 5062
6987 8284
1565 4076
2202 4996
2343 5243
7560 8256
1739 7954
1563 6879
4182 7110
6458 8093
158 5476
4519 7583
5424 7917
7222 8066
6909 7139
2223 5780
4271 7042
1605 6261
5512 5679
7097 7982
2469 3910
2031 8232
106 7791
7014 7697
4274 4632
2155 4508
2086 6374
100 2601
14 1218
1555 7231
2773 5030
4100 5221
2645 7946
817 5059
3734 8139
4332 7621
1196 2239
2175 8404
5768 8483
3560 6232
441 8161
1375 2980
6300 6736
31 8283
1045 5353
2300 3001
4636 8325
39 638
4031 4914
3587 7241
3644 6764
2914 6886
4594 6064
1332 7727
1990 2117
6184 6725
5058 7225
1961 7399
768 4846
1356 3249
1490 4482
44 6617
1663 5185
1323 6520
1880 3059
827 4523
5784 6988
3063 4763
582 6291
5695 5779
1425 2378
3803 7698
81 1437
891 1921
2345 7967
1449 4410
3399 4741
2471 3429
5911 7807
3433 6193
4943 6144
3076 3400
1090 3233
1647 5688
4369 7363
2254 3661
3294 5689
6479 7783
2242 5551
3628 7842
236 6691
4027 4534
1059 5945
69 3546
1705 7845
3063 7165
4777 4960
457 1791
3354 4213
360 2200
3432 8013
3239 5138
670 8173
1100 2043
2681 3898
3846 6368
5186 7566
5448 6636
1699 6052
64 3394
2641 3274
6282 7421
2747 3970
2504 5328
1950 6303
3788 6468
295 523
6407 7479
2619 4313
3663 7879
71 7138
2247 2712
4237 7011
1139 3901
113 6419
3821 5189
2167 6801
5442 6014
223 5222
5 815
1696 6297
3749 5367
1114 7802
216 2883
3070 8213
3459 4499
1783 1898
3457 7366
1672 1694
921 4837
4501 7156
558 4566
832 7829
5620 5763
648 6880
2172 2967
3172 5298
4210 8205
3534 3585
6715 7159
4624 7312
3878 7499
4409 6741
2557 4658
1633 6896
3471 4408
626 695
2078 6835
3944 4937
1358 2397
3645 8153
3707 7180
5194 8008
3798 6582
2755 4023
3526 7034
2148 7031
76 294
1658 1772
3087 3523
6214 7513
1068 5755
1752 6626
2929 4592
8234 8352
6303 6361
2279 7296
2616 4377
3835 8166
5161 7452
1098 7996
293 4689
5445 8058
2034 8098
4925 7166
1797 8425
982 1042
7095 8425
1133 7354
6121 8250
3177 3514
493 6785
1997 6588
4644 5136
3686 7873
6227 7558
4395 7641
2150 4127
4868 6444
1047 6136
5376 5621
91 3696
70 6600
5119 7443
1182 3954
6161 8220
6915 7211
2436 8249
3117 6451
782 1083
1963 3607
1001 3565
8128 8160
4382 7897
4920 7215
1841 5576
1613 6757
251 355
5419 7545
3077 4284
4674 4886
1783 5467
1241 4970
1793 1838
681 3381
6620 7341
222 7401
3139 5608
2542 2660
8222 8362
5235 8146
2464 3132
2934 4711
620 7586
4787 5723
4946 7124
6363 7024
574 3953
1228 5626
2901 3307
2513 7741
6221 7001
5988 6782
1194 5028
5313 5458
1239 6715
4395 7428
1918 6460
949 3558
3577 4034
1721 6712
2307 6336
1033 4392
1643 6364
6545 7080
386 2583
3527 7606
1471 7607
2899 6590
2686 4037
2092 3387
663 8460
1419 6822
2754 7897
5408 7106
2747 5936
1814 2725
388 2466
3822 7378
3692 4118
3290 4740
3 1638
4300 4510
5505 6450
148 322
5467 7032
4617 7534
4428 6563
575 7066
2819 7699
2392 3232
871 7247
1740 4802
6306 6663
6585 8003
1223 7094
6846 6883
5138 7896
3145 4120
3994 5270
798 5915
4093 8314
7323 7412
1762 6256
3562 5426
6361 7715
2235 4319
1839 4876
1082 7207
2812 5262
5661 7433
6433 8333
1519 5826
524 4240
2875 3584
187 4944
1403 7050
2136 6784
7219 7826
4624 7259
8 777
4406 7560
1524 3679
1755 4957
3343 3660
2924 7571
2250 6934
3377 4247
1789 6225
1539 5141
702 4893
2 7343
6280 8075
1005 8416
4261 7245
1296 3838
4328 5871
2797 8290
4350 5779
989 2371
6233 8338
4662 5443
3776 6738
1111 6405
639 4734
477 7234
5604 6806
7326 8285
2281 7810
6367 7104
1024 4564
984 2053
3715 5565
3228 5639
1256 2032
3062 5974
1873 7739
1504 2844
1009 6226
1771 3837
2594 6033
2074 3550
1370 7373
3583 6995
4344 5397
4641 7252
5606 6341
4665 5511
1676 4901
5450 5702
4130 8495
2699 7820
6953 7660
4953 6631
4068 5123
32 6709
4529 6693
6274 6742
4986 6400
1823 7863
3560 5552
4672 5157
5188 6502
1996 6823
1624 4267
1655 5800
1878 5647
314 4744
4649 5667
2231 5136
3454 4792
4467 6821
5208 7581
1777 3888
3930 4570
1811 5377
34 3923
2562 5129
4049 6595
461 943
3806 6707
4117 5611
2425 8032
3356 7385
7317 7619
63 7285
1077 5571
559 7900
5376 6981
472 1903
3286 5350
3171 6906
2070 2327
3686 4972
1873 6549
2928 4441
342 2118
5133 8176
6503 7831
1413 4500
993 2493
2678 5229
6663 7417
1339 6286
2282 7363
1041 5317
157 4533
843 7874
3934 5261
2602 5462
2334 7733
915 7320
5151 6132
3407 7956
5711 8157
3229 3743
1623 3592
3841 5014
4075 6859
5580 6256
2657 5717
946 7106
1377 7043
3121 3878
5947 6550
801 6317
4876 7366
1190 7985
2986 6240
3799 3946
1448 4513
254 8178
2658 5052
6829 8134
3638 8032
2441 3722
4742 5728
4860 5323
5336 7392
3472 6826
37 5179
4520 6441
275 3572
4520 8421
3168 5739
4384 8280
2126 8385
7142 7314
4230 4911
2541 4999
1320 1576
1351 4598
3464 7394
7417 8419
5418 8217
1186 5197
5310 8031
1893 3244
1267 4915
3623 8040
3259 6162
1443 7402
5456 7910
4125 7928
2403 3961
4803 5787
1374 7920
2287 6978
6548 6832
634 3678
1412 4899
763 3558
2843 6589
5249 6396
3259 6772
661 1492
1469 7278
1991 5760
2439 2520
1826 6093
4273 7856
2816 4532
5329 6132
698 2320
3426 3913
5228 7862
3370 4428
359 2657
4211 5008
1244 6656
2976 3096
3611 6748
3722 4593
5461 7984
7643 7891
1836 5893
1956 6435
1785 3516
1847 4720
4925 7475
550 3106
5210 5732
17 1429
2607 3456
6650 8051
1270 2093
1798 7218
338 6745
230 5432
79 5855
5883 7480
671 5341
4550 7814
6984 8282
3817 7806
1787 4349
5068 6505
3215 4556
1723 4409
480 3521
5087 5292
3117 4181
6917 7768
1926 2926
4403 5663
821 4216
1584 3215
3244 7486
341 4275
6686 8440
3687 7682
3149 7674
3134 5014
3045 6450
1018 6159
7071 8342
1084 1576
936 7776
6383 7243
602 6155
3250 5677
4152 5178
2455 5363
2563 2958
125 1397
1119 6753
5559 6598
4178 8407
2992 5009
2207 3269
4163 5231
157 6601
1132 6167
4045 7278
1093 4489
1229 1776
3064 4671
663 7126
1553 1816
5152 7441
454 2039
3296 8063
2479 2970
251 726
1284 7393
1418 2184
4198 5238
2693 5172
2349 6641
7322 8162
5908 6926
837 5349
1515 3111
2860 6920
651 3749
737 1025
1732 5508
6560 6951
2790 5301
4534 8479
5015 5538
6710 7649
2296 5771
1716 3144
1994 6661
2716 4785
5283 5879
3020 5796
1661 3126
870 2664
146 3845
636 1206
3613 8262
1309 7151
5933 7234
1447 2013
3116 7488
4824 7690
1102 3670
742 3494
4849 7605
46 7108
4723 8317
316 7190
1904 3833
894 7388
1482 3410
5303 8390
1602 4509
3088 5704
7123 7617
7909 8501
5061 6646
3202 6074
1527 1946
2276 3658
418 1799
156 4059
1744 1965
2984 5290
4004 4111
2118 6854
3871 6050
2417 6555
1285 4542
3671 5574
376 6379
910 1672
5718 5737
5245 7972
2082 8464
505 728
2305 2574
2763 8502
5247 7685
2381 5279
3811 4010
7118 7587
1915 2405
5603 6304
1150 3252
4014 7989
3653 5923
3353 5503
4763 6040
68 2897
4061 6649
4234 5084
5379 6968
2112 5064
1386 6557
1761 7397
252 3512
471 3346
434 5895
1621 7499
4919 6611
632 2757
4794 4980
2195 2407
4896 6844
3445 5511
3607 6312
2980 6987
1945 2853
6777 6808
372 2622
1174 7886
2263 7536
487 5795
6738 7797
6276 6656
2344 7269
4014 7167
6294 8448
2244 6159
2273 5758
2419 5796
146 4713
8402 8424
1537 2099
2988 6275
2717 3234
7973 8137
5175 7119
5507 6288
623 7388
2403 5199
1315 6418
4141 8171
1165 4129
79 3976
5706 6868
946 7209
123 5441
2072 2512
5282 7839
6075 8308
4148 8149
3359 7153
1167 7063
608 4015
7934 8011
3565 6148
3924 5449
5938 6998
4052 4424
1828 3593
491 8461
3264 6176
2331 6756
3580 5943
121 767
585 5289
440 5168
4151 7908
3692 4948
1773 8090
543 5161
715 3219
1475 1779
320 2522
3012 3647
3459 8337
1628 4378
3381 6861
3738 5729
1516 4081
2408 4637
1770 7636
4018 7777
820 3313
3317 3373
2915 6031
1362 4911
2273 7723
2804 3730
3321 4040
3231 4048
3634 8146
1038 7057
1057 4098
2019 3150
5658 6863
4177 5701
53 1672
3494 3891
1746 8227
121 5730
802 1415
3556 4312
1548 3619
1856 2561
1881 4458
4435 4989
3883 8078
8335 8471
8053 8214
1790 6150
3194 4712
188 298
3270 5325
1101 7004
1227 2327
5457 6827
5707 7938
5305 7789
2406 7639
1419 5581
2013 7958
1143 7415
6767 7293
996 3525
6046 7256
3287 3755
2603 7476
1411 3640
6234 7226
2028 5558
6520 6638
3089 3389
7418 8163
2181 3392
3985 6227
2974 8485
1429 5558
2036 5573
249 810
4159 7595
4460 7499
611 3409
206 3910
230 7287
693 3333
4119 7696
2444 5755
5741 6744
2881 7994
4709 5613
2553 7920
2671 5866
3247 6982
533 5628
949 8411
1532 4975
1135 4255
5225 7741
4914 7981
4111 7425
299 6395
5273 6455
5434 5855
26 3838
6278 6904
1422 6418
737 7519
5843 6833
1090 6115
5407 7389
4083 8097
1238 1688
2879 3769
2838 6876
6122 7424
6821 7738
1101 5983
1882 5701
3820 5337
1397 7160
496 1416
1550 1953
760 4028
7022 7830
2149 4465
6272 7793
5696 5815
1484 6013
3553 8121
945 8223
1952 3146
1631 4922
490 620
4643 5399
2440 8476
352 3640
2061 4047
4015 4889
1598 4706
6205 6968
1126 2715
1508 2870
5592 8396
1083 3746
200 4007
1399 6391
340 4680
2638 7855
2885 6676
3823 5427
1343 1421
4553 7492
2903 5925
5867 7796
1962 7287
602 8386
883 5931
617 5707
1382 6100
1329 2740
306 3002
1164 7554
649 6221
7736 8269
851 1012
300 8199
5694 6082
4201 4882
5416 6880
5395 6678
904 3573
8162 8215
1562 4412
8059 8100
5640 6276
1715 4658
2009 6529
657 5331
4550 7683
1551 7129
3044 5001
6298 8318
2592 6494
2794 7439
1874 7573
7741 7976
3737 5174
3597 4659
1955 4784
2127 5704
1665 6931
5651 7745
372 6213
3143 3510
3247 5345
5436 5868
337 4921
1225 8475
5223 5747
5338 6400
1671 1887
227 2900
2365 5493
1931 4612
5035 7910
1196 3763
5831 7897
5006 7668
2623 5484
1637 2842
3529 5402
468 5922
4858 8016
1562 5315
3872 7257
2039 3646
5648 5985
141 770
803 4100
1441 7373
4710 8138
811 4519
3267 6781
1063 6411
2852 4787
1195 1640
574 7192
1193 4779
1855 5016
4001 8208
4581 7031
506 1760
3637 8316
232 2694
5024 8454
6571 7814
439 8433
5184 6643
5250 7978
413 6220
1781 5261
385 5879
2528 7131
520 7852
534 2322
1678 4818
4960 7609
1136 3744
3481 5328
3537 4479
7047 8387
811 2148
725 7681
984 3254
3238 3542
6941 7144
744 2696
118 2096
7127 8109
2341 6778
980 5008
5393 6868
3219 6751
3834 4341
4595 7456
639 5731
3894 7766
4203 4348
894 4273
525 7306
1531 7585
2653 5560
4514 5354
3829 4071
876 7182
2038 3984
4504 6362
102 4422
4650 5838
3118 8499
2572 5901
1669 4814
1312 4742
948 1439
2694 4410
5675 5962
64 2430
1267 3055
6772 7318
4335 5558
1748 7867
438 6315
2482 6770
5760 7812
818 7436
3843 6918
2303 6888
180 1662
955 5267
694 4617
218 1531
4673 7547
2120 8263
4783 7104
4364 5640
116 7252
3227 5143
1280 6546
1132 1371
4675 8215
1727 5273
2131 5746
1085 6256
6420 6929
3255 4148
672 7231
6182 7122
1020 7968
3132 4338
1878 2798
7349 8305
1939 4525
1843 4749
9 40
7643 7951
2819 5335
1469 4147
1545 7368
5484 7758
4585 5265
6800 7044
1013 6820
2972 6281
1714 4719
2113 5108
6027 8385
2539 3448
473 2189
4572 7321
6139 7967
307 3373
3632 8334
4840 6063
1356 1922
507 1552
517 1692
2720 4805
2263 3204
3777 4417
6760 7187
2153 8049
6888 8219
4272 6681
2601 2818
1021 6985
6577 8057
5141 8046
258 420
573 4251
2995 3210
1592 6820
2424 3060
999 4436
2504 4390
6138 6459
668 2000
2045 3740
790 2937
5810 7565
256 4693
4418 6320
6364 8128
1883 7133
2250 3668
1875 7114
745 6134
1202 3718
3602 6699
2899 7002
758 6525
3990 7934
1519 6236
5902 6382
4657 8205
2542 7910
48 3925
3437 3594
2803 2814
6452 8098
5314 6774
2555 2765
2956 6228
1899 7727
3828 7528
4568 6549
5465 6927
2216 3353
6814 7407
808 7652
2695 3950
2189 7177
5618 7515
3203 6178
2933 2945
8308 8373
5048 6584
1812 6235
5985 8478
4891 6058
1057 4217
4477 5706
2781 8411
1969 8314
995 6380
3374 4126
4488 5374
2863 5970
4573 6830
2340 8184
719 2422
3917 6586
5112 8306
1740 6908
2138 4223
364 6337
844 5279
1679 6761
4996 8232
634 8348
6132 7857
4259 6262
4406 7678
2606 2738
1472 7295
5912 7622
6032 8093
1765 7303
5650 7783
2585 5378
2419 5921
7011 8443
1268 5548
2554 6837
5637 5754
3613 7149
708 2802
924 3734
1410 1431
691 3224
4355 5360
1782 3298
2483 6357
2120 7544
5453 6229
566 7936
2219 2735
4195 8355
2869 5680
869 6369
1334 3166
1734 7736
4384 5705
5838 7164
3969 6776
3240 6694
2835 7497
525 2993
230 6013
2847 4462
234 4904
1204 3715
5218 6067
3773 4239
2237 6237
1541 7078
1314 4689
2688 6393
6250 8346
518 7309
1239 1324
3055 5866
5018 6849
726 7976
2065 8496
1044 1115
1419 6716
1487 7241
895 6407
2402 8221
4195 5861
3137 5512
2767 3104
2250 7412
1814 1816
1091 5823
793 4105
5188 7979
4531 8307
3259 6724
6491 7023
5059 6739
332 7675
1321 4245
1965 5211
430 5023
660 6401
1973 6388
2293 8080
1295 6855
1251 7750
4185 5893
5022 6306
5382 7403
1099 7036
878 1479
680 1641
842 3945
4602 8279
560 1199
898 2575
1858 4359
5681 5795
2894 6893
1285 3298
2653 3897
2260 5495
239 2811
1061 2889
6764 6844
1346 3512
4560 5998
4717 6055
3157 6721
5361 7805
984 5524
502 4453
1719 5898
2536 4857
4651 7651
6534 7083
1930 8209
2299 7379
802 886
1193 8348
5143 5430
6262 7148
1116 2113
155 4006
571 7120
1695 6740
170 1631
29 3865
858 3372
1658 6231
4670 6514
3724 6498
2961 7181
3970 4432
5097 7915
6426 8300
29 3780
3425 5403
5565 7208
4250 5280
1542 6786
3048 4792
5315 5756
1690 8137
946 7800
135 1595
5160 7918
705 2736
5070 8043
2497 2776
578 5765
738 2988
7100 8164
4847 6698
236 5089
5952 6726
2731 8291
2419 8094
4401 5601
3573 7702
1733 3512
5838 8027
2874 3375
5862 6799
4356 6258
5602 6001
712 4408
10 7400
3421 6193
4396 7664
2298 8348
3595 7068
1390 4321
3609 7427
1908 4660
3099 4262
2529 7880
2857 5002
2895 6986
5017 7926
1510 6293
3845 7609
5712 8071
7371 7931
4638 5555
3351 5716
2725 8221
764 3698
2981 6479
5739 6324
1127 2465
753 6817
3405 3700
3095 4226
174 6910
7310 7445
1345 4747
1928 6544
6403 7629
2308 3214
1320 8417
3084 5584
248 4068
2823 6165
5767 7659
4786 4791
124 2587
2953 6787
2686 4578
2938 8020
1570 3981
4923 6538
3384 7137
5046 5952
3540 6261
1842 3901
4836 8368
1417 5949
3504 8415
1686 4689
6548 7420
4098 8193
2125 3905
5277 7488
2928 3352
716 6078
1230 4868
3080 5383
4807 7262
3315 4696
3416 7566
1777 5271
4679 5072
5519 6680
1695 8070
6046 6117
3836 6840
956 8014
695 7988
3964 5347
4031 6080
3982 6583
5193 7792
2009 3874
1 1619
523 3768
5085 7680
605 8072
1757 3525
5262 5377
3306 3968
1189 2126
2551 7974
2703 3221
6567 8275
4429 4528
1751 7738
1371 3673
2058 6390
2636 5682
5459 5708
6425 6738
4350 5973
2770 4714
252 4430
2513 4676
613 4180
4297 4471
1269 5824
4759 4837
1502 3420
5180 7542
6967 7818
7594 8387
347 3752
476 4362
3081 7381
1084 2478
1489 6132
1132 2025
5167 6753
3445 8141
881 3799
5922 6785
2518 5555
2102 7469
1785 5547
2897 6581
2790 3812
2309 3805
4649 6571
5958 5999
1863 6826
1367 4393
2248 2615
1303 4097
6773 7081
3268 5262
7280 7556
2508 8160
1019 5577
5143 5529
1630 7640
5741 7750
332 3149
1905 4160
2456 3447
3595 4067
904 2691
4380 5710
3075 4256
2046 2665
3902 5483
