1062
369 779
1 0
329 619
385 550
316 993
244 1050
390 471
365 472
281 378
313 778
532 779
293 766
490 928
263 1024
293 962
228 636
84 464
477 705
81 342
34 677
529 1011
84 524
24 325
559 954
69 1037
75 223
608 656
598 879
290 424
30 348
265 313
804 958
15 227
376 639
341 938
335 515
427 659
551 643
463 695
667 676
626 907
26 921
205 887
156 517
113 835
49 156
43 231
37 485
345 776
156 510
259 878
599 613
268 374
35 517
790 882
14 1017
477 851
399 816
682 969
536 985
400 814
304 350
386 946
415 1013
60 236
497 620
752 906
512 735
423 478
210 579
706 967
478 505
168 873
983 1031
570 848
593 662
573 601
253 845
858 1044
158 858
206 808
562 651
34 662
367 1043
33 800
265 315
511 906
246 403
42 788
197 720
932 959
672 931
462 1002
610 623
361 934
829 904
257 883
564 817
488 1009
578 978
678 900
444 710
50 439
78 453
38 980
73 600
1003 1049
288 695
128 490
428 918
420 966
25 744
571 885
1051 1053
18 853
799 956
475 580
269 858
139 533
716 896
155 940
140 267
73 1030
83 786
3 389
19 368
643 1002
860 1019
555 716
566 935
1027 1036
633 863
251 916
116 733
12 200
216 505
15 379
197 801
807 1049
55 865
546 782
133 571
402 406
163 269
530 604
350 648
21 344
648 729
471 643
90 308
533 808
283 1011
334 387
238 461
113 136
638 1043
31 108
115 602
20 293
45 440
413 1015
794 854
433 579
383 777
455 513
357 476
398 831
171 302
120 654
186 250
426 470
707 773
350 494
91 222
65 830
261 982
98 222
252 809
302 740
192 947
838 1016
373 498
686 945
171 867
20 617
504 720
276 973
54 250
36 441
387 447
592 886
51 267
212 765
462 1006
353 467
795 956
656 690
594 653
374 983
605 849
405 840
143 765
345 435
32 324
318 574
113 564
809 1011
229 510
682 697
94 427
599 1006
120 1035
113 734
59 366
642 715
59 479
64 990
273 1007
262 848
970 976
217 941
971 983
100 131
416 1004
425 1035
89 1042
336 905
516 766
196 1050
642 1023
306 559
354 988
258 311
15 791
480 644
81 884
93 469
734 1046
455 1043
254 488
530 1020
96 661
438 666
85 586
404 790
173 580
154 777
362 665
73 159
619 1033
554 772
101 301
88 1032
292 701
946 1044
85 912
546 627
230 756
536 657
77 876
201 871
187 324
149 705
1017 1037
195 980
192 543
64 451
243 523
107 917
116 775
774 866
10 744
205 857
380 1055
525 668
161 463
578 798
43 384
529 640
783 1039
681 743
481 650
253 424
684 686
309 467
161 798
706 753
569 632
123 266
113 900
52 794
174 176
112 736
833 1001
298 373
123 957
282 1061
30 298
649 723
17 424
108 457
594 611
596 668
416 651
683 888
793 1016
313 519
534 1025
667 861
24 511
509 949
379 882
609 816
86 1054
166 209
591 971
570 985
545 596
614 728
1 188
257 491
584 630
503 527
224 459
568 621
446 836
305 872
636 732
85 145
468 685
73 635
136 231
140 928
11 84
861 865
541 668
602 707
18 151
391 534
664 1038
121 338
696 725
272 558
361 763
301 958
521 703
382 924
227 572
346 654
183 818
347 717
517 671
620 1026
150 786
90 730
294 717
510 702
620 976
82 436
307 424
631 893
401 416
74 611
339 621
539 950
175 673
62 733
273 762
293 592
52 692
271 832
645 713
483 1059
452 743
460 923
247 995
189 700
188 470
188 832
458 766
355 959
721 983
548 986
52 448
74 106
147 370
303 915
248 363
297 874
487 498
646 722
40 929
574 821
450 507
172 692
534 827
795 993
33 77
500 952
661 972
262 925
613 636
186 215
449 686
65 149
22 329
185 296
630 670
184 301
359 943
557 912
17 207
34 245
422 518
714 727
86 855
5 110
582 753
52 68
560 628
418 517
645 862
92 557
365 995
224 722
508 780
566 880
683 719
39 431
183 235
427 514
586 642
746 765
268 684
208 692
363 819
96 922
666 761
10 72
310 902
583 590
306 401
63 258
941 1031
805 889
155 444
327 967
264 810
146 754
277 571
0 104
97 381
141 396
161 723
537 578
587 737
531 599
156 779
687 926
180 614
156 583
528 819
721 975
170 782
434 898
89 974
43 173
663 916
29 237
556 919
316 563
761 930
354 900
8 121
192 393
371 837
512 980
809 1053
134 315
24 383
241 713
518 644
353 939
171 525
174 333
368 501
486 589
235 878
698 1003
117 789
397 446
483 944
137 424
388 693
413 564
879 894
556 674
194 353
500 696
93 552
86 547
454 978
128 263
148 845
2 687
224 724
94 768
498 562
27 238
859 946
52 292
299 390
297 460
814 945
179 996
745 910
507 982
134 845
487 1007
153 908
11 595
574 833
311 1014
96 903
218 250
977 1012
426 628
276 849
81 1000
316 318
312 683
10 282
549 877
574 880
108 272
441 477
553 904
193 261
927 944
255 1045
730 936
641 791
257 403
433 1022
248 820
567 1030
300 569
28 1045
110 769
81 263
495 844
12 544
163 328
99 778
851 891
238 466
80 864
189 928
103 1039
181 786
422 832
186 881
541 1051
312 755
166 343
554 708
147 506
286 430
315 375
88 1040
461 833
319 873
345 651
283 961
787 849
122 731
535 619
1 1056
80 612
433 531
841 924
70 913
24 1059
411 556
679 813
263 609
61 214
219 440
641 828
123 680
13 694
279 732
695 748
115 844
334 821
36 337
897 965
213 980
632 846
150 997
408 763
101 423
232 653
703 998
616 734
521 849
753 1032
530 785
174 863
696 930
406 572
322 834
265 875
576 692
588 858
417 788
125 720
773 843
652 887
124 148
11 709
54 494
526 784
320 759
199 1032
918 1018
82 169
704 809
219 1032
637 807
196 858
598 837
164 996
301 892
664 948
281 614
158 461
394 793
708 759
493 501
750 1037
213 1058
114 851
412 484
326 1017
202 810
16 27
28 324
724 1028
682 919
142 477
167 1060
9 550
462 792
681 750
707 824
688 842
151 317
107 985
455 949
441 731
37 710
278 394
336 953
74 670
548 755
240 470
645 1009
168 382
289 937
48 352
806 985
0 714
242 990
769 979
489 764
82 711
392 977
497 929
883 951
530 1005
23 965
87 682
163 815
583 885
131 472
550 864
808 967
273 1034
123 369
198 502
421 601
491 912
308 803
238 897
425 622
597 899
87 643
4 369
221 1053
690 852
218 629
130 964
76 408
561 864
739 740
264 1000
363 609
398 405
511 525
529 880
421 773
381 706
317 807
22 297
39 90
659 845
320 839
227 392
46 915
924 987
658 748
101 443
563 861
330 524
605 797
380 437
191 861
103 347
628 862
516 1029
47 541
421 886
60 1038
29 540
893 901
236 622
141 473
62 198
162 814
20 1057
450 956
177 903
155 534
569 868
775 871
255 624
654 920
118 793
243 422
799 914
741 762
530 805
950 1059
530 999
190 548
310 622
117 606
101 178
689 734
826 940
360 450
237 695
781 989
615 770
684 963
394 742
105 369
263 655
67 920
433 825
212 705
5 117
537 932
122 607
449 647
133 597
81 549
211 625
420 937
56 956
409 878
68 403
75 465
359 1010
670 868
525 696
520 561
545 570
39 135
277 838
184 281
235 969
193 991
98 450
54 889
486 956
340 986
564 895
389 790
429 987
492 809
397 797
28 911
7 488
58 292
445 1024
459 553
594 701
230 783
478 544
288 634
152 627
19 860
162 456
200 691
331 522
0 395
285 1001
247 924
351 943
2 167
540 901
41 733
328 745
275 358
633 857
645 870
449 685
614 716
737 822
470 635
11 160
6 377
26 834
19 784
522 810
102 666
690 1002
698 1055
61 313
65 994
483 767
238 675
901 953
328 335
749 949
0 510
451 665
341 488
9 344
610 611
44 324
747 876
314 708
769 968
130 499
291 605
330 443
379 1053
138 352
334 693
618 723
177 522
220 1056
770 1007
513 992
367 933
108 866
161 1048
856 1002
760 762
214 603
581 876
826 915
150 1008
261 726
106 962
174 875
275 720
966 1007
157 439
505 558
136 270
233 590
568 701
672 851
112 204
646 718
280 928
625 726
57 502
43 157
192 940
175 232
338 426
331 907
772 1012
168 286
295 917
248 688
508 542
262 472
847 974
775 790
341 356
251 591
226 780
106 139
136 318
496 594
663 1028
70 492
33 442
71 244
225 638
431 522
277 482
1030 1052
699 1040
304 712
167 1010
282 871
59 102
239 1015
892 1058
364 532
358 909
607 942
4 803
111 198
749 987
95 899
679 685
660 1010
784 811
414 795
194 877
95 508
53 188
376 811
650 699
476 574
34 256
578 955
137 484
410 1001
565 672
608 981
28 719
577 607
521 853
159 469
6 453
538 878
751 887
40 850
29 412
890 1012
407 1059
385 811
47 654
185 975
451 788
268 474
351 728
132 854
212 743
119 1030
144 999
79 989
436 1027
20 66
107 888
520 937
203 706
273 758
480 996
166 902
537 796
224 415
171 284
662 786
204 282
64 348
61 419
363 669
377 434
142 956
527 636
117 249
438 881
13 720
165 968
126 156
291 758
823 840
143 974
764 829
323 466
737 794
127 586
287 697
57 361
356 678
5 197
63 188
192 626
466 812
771 999
285 757
351 908
11 984
169 877
26 934
288 498
878 1031
975 1054
482 1018
6 974
349 773
211 879
538 1061
513 782
34 506
34 980
321 332
294 484
211 802
473 534
39 274
289 781
234 503
75 968
413 874
109 956
87 516
80 332
61 260
770 964
261 432
931 1047
102 970
137 661
467 738
138 855
129 146
398 940
990 1021
207 869
915 1041
62 960
384 804
305 484
836 876
694 1037
86 372
182 853
585 875
22 741
493 583
146 215
20 575
