3730
3165 3227
100000000 99999999
517 2146
485 1015
2463 2851
904 2352
2339 3726
2707 3351
1623 3595
1172 1771
2614 3647
227 896
2818 3461
1468 2249
2366 3580
55 2243
2532 3190
1445 2402
705 980
138 2049
2540 3402
2612 3273
339 1939
449 1677
316 1003
1552 3013
644 3193
2069 3658
473 972
2969 3522
1277 1700
1450 3502
1123 3068
1763 3634
8 3151
1139 1485
1420 3485
119 659
2431 2883
597 1285
1684 3720
169 715
1882 3121
1211 2982
480 2494
289 993
2237 3442
1150 1170
2431 3257
132 1605
2315 3415
1560 3278
1397 2287
709 2874
135 2294
1698 1707
3439 3515
1093 1975
2659 3017
3011 3573
1333 1991
713 3202
1681 3026
280 3183
3459 3622
2852 3332
2446 3093
197 3426
1924 2404
2062 2578
630 3209
1971 3641
833 2927
2776 3237
1245 2747
2756 2985
1286 2736
1102 3145
1808 2437
2139 2872
1129 2096
697 2144
290 1717
683 773
215 2881
1305 3682
201 2159
1893 3539
2101 2953
2507 2989
473 1948
1786 3173
1291 2236
1775 2086
3570 3689
1353 2046
519 1402
541 2892
985 1950
3233 3695
876 3719
1752 3554
375 3366
139 427
170 2930
1694 1908
1791 2460
205 2673
1013 2514
482 3562
1102 2580
2110 2307
442 2424
468 2687
939 3125
2052 3642
2960 3257
883 1308
2098 2433
2299 3314
2900 3220
2295 2561
294 2076
325 982
660 2455
1297 1448
1191 1582
528 3495
1637 2317
2986 3444
523 2612
652 2579
1563 2620
214 1470
318 1013
317 1094
1571 2126
3181 3187
2619 2819
1709 3430
1665 2359
2150 3134
2463 2491
1402 3333
1521 1880
681 2164
1574 3020
124 2871
113 569
1317 3370
600 2774
1118 1629
1273 2916
1563 2547
3045 3207
2414 3326
1198 2651
895 1487
1973 3194
466 2009
1060 3348
1722 2163
2155 3363
1044 2587
27 131
417 1313
109 3360
910 2803
26 1281
3082 3536
1084 2002
1444 3223
2284 3309
450 1569
337 2619
236 1702
2216 3393
2106 3358
1732 3361
1683 2396
702 2459
2800 3496
1064 3130
2980 3339
13 2106
1354 2923
1136 1725
316 2375
678 1426
2230 3590
98 2809
197 2797
2275 3225
938 2732
1034 3348
433 470
256 1803
371 1548
1795 1884
1279 2102
1832 2763
2154 2326
288 3437
3091 3107
811 890
2487 3320
53 3346
2092 3724
200 1601
930 1105
477 1081
478 3309
1437 1483
688 1507
1620 3611
1589 3526
986 3322
1632 3011
1296 2149
155 3277
2299 3289
1351 2591
931 2911
1788 3693
2634 2991
486 1008
190 2155
1531 3152
793 2695
380 554
2104 2400
1750 1762
2198 3584
389 959
2277 3115
2170 2643
127 2550
176 319
1501 3550
115 1648
810 1344
1802 2615
180 3456
104 182
2018 2892
329 1635
806 3611
885 1843
1978 3374
2882 3690
580 1727
1534 2408
2205 2521
18 3599
803 951
419 2448
738 2963
1683 3476
2319 3354
1282 2752
1135 3399
1462 3201
605 2357
1935 3690
721 2353
1528 2226
1512 2933
974 3587
1176 2802
1829 3163
2196 3302
515 1380
1216 2096
250 1768
967 1050
849 1171
29 814
605 3628
200 3144
267 3511
850 3008
536 1376
547 1468
207 2068
868 3420
44 1307
2658 3039
1928 2735
1087 1972
374 3507
2016 2044
963 3238
1995 2752
1255 2260
1412 1753
3318 3352
2063 3639
2758 3376
1580 3487
1929 2305
311 1747
2452 3265
1304 3074
1005 1753
2824 3560
2188 2540
1314 3353
2577 3067
549 2025
819 1439
1950 3691
1925 3272
1004 2044
136 504
1817 2039
152 2666
647 1822
1747 2036
1661 3010
972 1338
3041 3613
163 938
1097 3713
667 978
270 557
1484 1494
772 829
2924 3204
510 592
1974 2613
670 2543
3355 3374
106 3687
732 2733
411 3338
556 3392
1408 3010
110 1371
112 2484
461 1543
431 2530
611 938
34 89
1772 2940
1179 3505
1784 2742
1476 1593
344 2129
891 2229
1329 2890
2904 3145
315 1844
3208 3721
1297 2180
1187 2908
955 2508
272 1393
925 1057
1625 2633
2520 2937
3316 3432
471 809
877 1722
737 2697
14 1828
1509 1613
496 2424
43 323
499 1532
1812 2638
970 3311
213 3472
958 1068
2087 2665
2260 3513
2784 3701
10 3281
546 1947
1299 2620
469 2753
2992 3189
1419 3605
484 596
168 733
1204 1511
2506 3638
2472 2473
2624 3171
2239 2772
1628 2432
293 2434
1488 1804
1936 3258
1846 2205
364 1949
392 1779
543 3659
997 3504
979 2934
1382 3574
2087 3576
3124 3459
640 1068
628 3667
1247 3336
726 1072
1614 2058
2012 3477
1742 3138
436 2460
417 1750
1776 2152
2516 2959
338 2990
1213 2241
3512 3638
2588 3724
326 3372
1121 2808
2764 3609
304 2981
743 2519
1003 2678
966 3208
2271 2453
1087 2409
567 3532
1197 3069
2957 3112
1038 2660
216 2814
1321 2521
2272 3706
1841 3004
3292 3613
2668 3665
838 1821
1265 1643
2001 3140
117 1998
256 2242
2875 3439
1409 3073
3458 3587
2758 3600
733 2497
1837 1998
3005 3646
1117 3493
1172 3562
366 3201
1347 3131
861 2208
1356 3650
615 955
534 2374
620 1934
1397 1811
1671 2055
90 3179
1707 2011
1782 3395
824 1399
2299 2886
2180 3489
1717 3571
701 2312
655 1911
398 3506
2801 2890
2425 2557
497 1708
1926 2610
647 1640
30 2077
195 1624
2128 2271
1546 2158
60 1969
1077 3448
3300 3331
194 2531
260 1246
64 3394
2508 2910
1751 1814
64 1120
2051 2698
180 1441
485 2919
2027 3226
1145 2135
2096 2637
971 2821
422 1667
604 3132
3384 3615
787 2920
862 2715
2441 2637
527 765
289 1188
1786 3592
1566 3320
2096 2792
439 2869
664 789
25 2572
1285 3543
1841 1943
11 2866
1016 2440
144 1574
364 941
1695 2716
1577 1710
954 1568
1360 3133
455 1753
358 1451
866 2729
813 3096
1997 3480
370 2121
1283 1546
71 642
128 968
317 1312
322 1466
81 2976
1166 1993
762 2041
1760 3436
882 2133
3250 3637
922 3347
1514 2225
689 792
549 1773
1415 1551
1216 1239
3154 3368
361 920
2567 3447
562 1360
205 3129
749 1730
719 834
336 1764
2244 3653
1069 2853
1892 2474
1967 3624
363 1532
764 1641
183 3562
526 3485
1063 1192
2142 2558
962 3441
775 1900
691 1747
3027 3668
845 3277
403 3530
2328 3071
493 3364
3447 3614
1013 1182
739 1677
2024 2314
72 551
1320 3636
1875 2680
1443 1959
1153 3125
72 840
782 2777
1767 3195
112 1631
2696 2749
326 3393
2756 3671
2089 3295
2009 3286
321 1381
2094 2605
106 2116
1426 3372
515 2365
2836 3438
131 307
7 3023
1535 2010
1284 1599
1405 2555
2532 3070
3343 3525
492 2764
1436 2021
726 3356
933 2768
31 1515
3511 3518
843 1057
46 3470
1320 1756
2871 3196
1338 1901
2549 3199
2235 3013
2192 2761
255 3626
1080 1838
334 3287
952 1896
451 1080
574 2093
2192 2425
2386 3189
24 1231
118 2553
1992 2964
415 3381
881 3116
2479 3599
1393 3116
313 1869
701 874
3595 3633
985 3507
1278 2498
2604 2698
2834 3085
1221 3534
696 2391
208 2237
103 3223
1773 3544
2146 3674
102 2767
829 1720
306 2702
46 206
2771 3247
2026 2163
742 1170
410 2078
342 1632
656 1707
126 3478
228 1326
1491 2114
2602 2795
4 2445
684 811
747 2379
51 1112
1695 2956
187 2380
766 1680
1640 2806
326 3027
2169 3391
1680 2131
1085 2442
1648 3165
1630 2658
1193 2490
342 651
444 1611
53 1264
2650 3697
1603 1890
896 1019
2781 3557
249 2822
2038 2175
2262 2566
1422 3022
305 3251
573 3403
1372 1731
880 3468
387 1859
1420 3063
760 2753
68 1561
2107 3549
2008 3034
1249 2042
626 2671
1782 2900
3224 3683
1142 2773
1127 3175
1723 2612
159 3642
1236 1872
269 974
178 324
314 1213
166 947
1465 2623
1086 1175
19 1742
3522 3527
2642 3118
1452 1828
2840 3400
2233 3707
474 1617
1867 2786
1645 3493
1114 2413
2043 2988
1268 2675
1022 2699
1672 1971
133 915
1967 3463
431 2065
109 2734
1323 2548
2483 3353
216 1171
1515 3047
2415 2932
960 2481
963 3147
1929 3095
2480 3652
187 2213
28 2799
1459 1633
876 1765
170 753
629 3374
185 1804
1369 3394
1784 2810
3069 3623
300 3261
1955 2767
301 3586
962 1509
2109 2227
216 3710
1036 3518
189 1307
145 750
279 335
522 3193
555 2687
129 3103
1986 2509
621 3679
1993 2168
895 2873
143 369
92 1490
2894 3245
503 2628
293 2161
969 3581
2222 3311
1096 1168
1615 2223
10 1243
1881 3408
1386 3701
1481 1873
2529 3282
1554 3299
3191 3373
585 2558
108 2286
1743 1827
2464 2745
2296 2494
974 1657
394 1350
419 1710
449 3161
767 1730
617 1470
1589 2580
352 3203
406 622
1307 1425
3170 3324
2823 3288
1199 2385
262 2172
73 3293
38 2368
319 3442
1795 1873
926 3433
975 2116
409 643
726 1160
1604 3506
2388 3037
2534 3324
1495 1688
1824 3142
268 346
470 2105
932 3509
2263 2783
1375 1719
1476 2450
1556 3432
565 934
1309 2728
454 2042
2173 3152
22 3057
283 2589
1592 2921
3334 3508
810 1233
1724 3396
4 3152
2719 2908
146 1348
1392 1432
269 1145
936 2362
69 156
2205 3498
610 2698
1368 2518
188 3104
2428 3454
405 1927
1522 2797
1514 2120
3525 3557
355 2277
666 894
1947 2414
2395 3725
1904 3596
897 1187
2534 3646
2520 2901
2460 2897
750 1790
2304 2497
1794 3564
910 3264
488 1351
2495 3251
357 3117
428 3504
121 1994
1801 2422
825 1008
1581 3562
2631 3454
682 3608
218 2174
225 1054
1451 2559
1053 3028
818 2522
1480 2933
650 1729
337 2980
2270 3385
2690 3698
1642 2561
415 1670
166 687
935 1617
1861 3380
725 2302
533 3466
3116 3217
2040 3582
333 1716
747 1300
1378 2553
257 2978
517 2781
1587 3605
592 3281
317 3659
2055 2433
1310 1552
274 1506
214 538
1148 2190
434 3489
141 1280
2930 2938
943 2430
2019 3089
978 2420
1046 2449
985 3677
1558 2573
1766 1854
289 1512
1446 1733
51 174
444 2582
1252 3155
1416 2674
2083 2190
2599 2604
2444 2904
321 1013
1813 3108
1106 2230
2823 3099
179 498
666 694
154 2935
584 2451
592 1837
978 2371
229 670
563 2797
121 2147
2652 3216
614 2836
1129 2694
2607 3419
335 2293
1255 2621
337 2830
3136 3329
3298 3399
1425 1917
777 1143
1219 3161
1870 2792
382 3485
256 543
182 2193
1945 2841
928 3518
1107 3113
1178 3687
87 1673
1600 3571
233 1910
969 1863
709 1221
912 3602
749 1865
304 3238
2145 3034
2484 3257
1459 2127
994 3168
1675 2101
1233 2601
1425 2880
465 625
632 3278
2761 2784
2536 2852
114 850
1235 3506
14 3473
177 3389
2585 3284
407 1331
1458 2802
2066 3249
492 3627
1989 3160
96 2714
1240 1612
1243 1615
2617 2661
818 2764
836 1463
1729 2723
929 3405
1729 3421
872 2455
281 1798
6 1250
1271 3542
1516 1764
354 3185
407 2750
989 1873
646 3623
242 1206
479 3008
1190 1392
464 2308
988 2180
101 914
1778 2186
352 913
19 2993
1679 3612
261 3406
427 1077
65 2802
899 2078
3047 3267
2356 3697
1189 2774
2075 3099
711 1094
1193 2015
117 1262
1339 3212
1911 3090
392 2708
2202 3275
498 522
2020 3487
1380 3320
1485 2270
1293 2662
3003 3611
2845 3049
1164 2380
238 695
3104 3411
434 3644
550 2936
2481 3305
2022 3360
2833 2971
569 3340
2174 3675
1213 2594
1084 1219
2246 3615
424 3140
2302 2603
3155 3464
2075 2189
1218 2590
172 2502
95 3661
356 3478
297 3683
637 1093
2152 2266
687 3645
727 1896
78 960
1407 3040
728 3206
596 2420
2170 2252
1277 2832
1125 2964
870 2110
1466 1888
2882 3537
1891 2659
1168 2493
2742 2828
2163 2563
1304 2929
751 2526
213 627
2195 3044
957 3232
1 2138
172 3543
1017 3020
2343 3121
955 2577
1090 1462
1182 3626
121 2660
298 3143
997 1537
235 3241
505 3344
1124 2185
236 2528
589 2226
1065 2085
699 3442
1739 1744
1034 2575
326 2470
578 1416
843 2177
2816 3015
981 3192
1398 2857
25 3666
951 1689
536 845
686 2325
566 3483
2700 2901
1862 3200
2970 3726
125 260
2164 2194
1871 2980
1030 2082
413 3374
110 186
754 2334
506 3453
495 932
3455 3637
623 3448
1124 3669
2880 3681
1669 2476
120 2411
1749 2309
2204 3683
3545 3634
204 340
447 573
951 3711
215 3706
890 2209
1258 3440
879 2989
1113 1117
533 1174
810 955
258 2830
2001 2569
2848 3620
1042 2133
2422 2869
1430 2193
612 2728
92 1167
1422 3366
1055 1599
2179 2958
1930 2021
192 2566
80 2495
83 638
841 2100
142 801
1415 3577
530 3619
1674 2700
715 1139
1607 2323
43 445
1745 2488
924 3524
1555 3501
2253 3636
157 761
1774 3327
130 720
2478 2537
1992 3315
354 3365
2144 3329
1138 2285
907 2870
457 2499
49 458
2176 3176
265 755
1041 1882
1400 2104
472 1388
3200 3533
3150 3546
2134 3370
116 1200
435 2906
1357 3007
1100 2837
12 2354
405 875
1039 1326
719 3525
2909 2929
778 2329
1463 1983
2436 2477
625 1916
253 2973
3228 3401
381 2862
2111 3387
1924 2081
73 3723
1965 3526
337 685
238 1157
1521 3248
1638 2290
1603 2736
57 351
475 1739
1479 1832
1247 1779
965 1456
378 1281
1181 3529
1584 2436
1575 3505
822 3546
914 2148
1413 1670
713 3101
1851 3708
1210 2899
459 2545
1091 1866
411 1802
1693 2536
918 3472
1306 1929
420 1133
672 3463
1673 2902
742 1073
634 1952
115 534
530 758
2355 2875
865 1730
1353 1762
897 2675
3388 3503
555 1736
966 2503
1265 1367
2206 2378
1273 3319
1456 1558
841 2373
1215 2416
1095 2028
407 2166
201 2679
1848 3276
1826 3600
1079 3301
1174 3514
1602 2849
1350 2610
1389 1958
47 1645
2860 3010
1854 2934
2369 2535
74 3610
511 1359
52 652
1108 1418
72 1155
993 2896
175 2807
1505 2600
3294 3669
46 1717
710 1792
1722 3373
2863 3446
2369 2589
575 2274
239 1972
1018 1930
389 1951
612 3209
36 390
2134 2596
1722 3297
968 2203
2968 3080
1316 1651
898 3216
1178 1809
1832 3159
706 2320
2641 3194
345 3693
2914 3387
2333 3032
1732 1985
491 2693
1011 3443
224 2556
1014 1326
715 2465
2101 2987
1496 2130
1542 3380
1879 2426
15 1842
28 2682
177 1816
215 1766
2046 2486
646 1566
1061 3320
95 266
1051 2702
1980 3076
1076 1390
2830 3233
2125 3402
502 3291
760 2110
2427 3281
1954 3283
1831 3640
1999 3212
2788 3291
912 1217
842 2024
1884 2060
303 735
396 511
1376 1858
1654 2243
682 735
1166 2493
262 1949
1687 3118
2836 3297
201 2176
467 2512
1336 3501
1701 3043
1777 2507
2187 2683
2412 2775
295 2769
585 2051
1519 3695
580 770
607 3186
2188 3051
234 3042
1807 1969
296 1852
1167 1837
1527 1609
97 140
2805 3591
560 2998
151 422
2289 3417
1248 3412
7 1163
740 2045
1473 2707
316 1138
680 3602
752 2262
2169 2392
1797 3526
1057 3112
884 992
2855 3551
116 3491
848 3494
41 3627
598 797
1961 3622
717 2330
1947 3402
159 294
1589 1715
1747 3177
221 3409
736 2316
1218 2581
2973 3249
1370 3184
102 192
1268 2578
723 1709
1839 2634
233 1789
1972 3469
756 1001
774 2571
1913 2391
621 1204
326 1749
392 3242
878 3181
99 1704
113 1673
1626 2457
1818 2272
1156 3505
1384 2480
529 2797
1390 3201
681 1840
2028 2202
1550 3697
41 2506
1133 2620
422 2572
1214 3038
831 2912
1932 3119
944 2008
1619 3140
534 1783
1188 1596
2362 3652
196 2456
939 2605
45 1551
1575 3154
2468 3141
87 1553
93 3570
1130 1278
1256 2757
51 359
456 2779
2189 3122
857 1850
66 3111
1585 2429
211 763
278 2056
1123 3638
1349 3056
230 1569
2221 3037
1510 1636
812 956
210 3052
164 731
446 1506
1317 1618
107 2123
1595 2058
2043 3667
2214 2853
332 1207
751 2985
617 888
1465 3399
3572 3696
704 1281
1907 3241
2755 2959
474 706
398 1439
373 1883
818 3709
2023 3503
262 1974
350 867
79 1118
849 2243
1121 2860
795 1957
1208 3508
226 904
33 2627
1556 1749
2048 2266
3494 3719
1237 2160
41 1270
740 969
887 2427
469 2865
460 980
2362 2426
569 3559
2636 3001
1013 3462
16 2447
356 2421
1658 3393
2434 3726
247 2826
3404 3700
1696 3283
2228 3037
808 3069
118 1554
2379 2854
725 2861
870 2675
285 2975
1904 2677
2418 2473
672 733
248 3175
194 246
2463 2757
629 2204
233 2221
124 350
1411 1616
3075 3347
782 3290
3651 3715
106 2493
1379 2858
724 1555
328 1572
531 2654
1942 2663
1483 2443
1591 2050
155 1455
488 2406
787 3186
3025 3501
1332 2356
508 3134
1030 3291
1222 2149
1386 2689
1206 1391
146 3219
1091 2205
1842 2078
731 1877
623 2381
1914 2459
523 953
2802 3686
1634 2792
2456 2460
1663 3457
1202 2523
63 1450
490 3611
1288 2842
583 2022
830 1805
3173 3227
3054 3350
2646 3153
1918 3039
916 3474
659 3716
17 2033
934 1652
2451 3380
2265 2817
411 3253
3339 3405
2160 2928
2121 3582
2010 2826
1293 3483
10 3593
468 2710
252 3471
1405 3372
568 1351
145 3298
860 1249
902 2564
2167 2532
1885 2338
1622 2458
2264 3398
777 3535
2721 3226
1349 2465
2513 2989
278 3424
1039 2224
1205 3368
596 1639
1066 2997
622 1170
1078 1104
1414 3392
296 1330
859 1897
1390 1653
641 2664
1340 3486
207 3498
1560 3690
1619 3227
871 3273
2327 3313
2668 3255
2664 2949
1020 1956
2063 2499
1114 2723
1665 2324
2816 3610
1837 2725
14 3182
1411 1590
736 1250
1906 2927
1734 3397
131 1261
520 2319
2122 2986
977 1210
421 2878
370 796
265 3635
986 2835
1228 2738
496 663
2419 3180
559 765
3236 3690
2822 3269
712 3390
470 2849
496 3586
274 1564
417 1643
613 2061
721 2943
225 745
1810 2815
1774 3486
872 1166
400 1944
1883 2075
337 1557
2925 3670
2996 3435
1191 2432
954 3154
1058 2233
1446 1584
1690 3197
2647 3690
163 2134
3104 3619
1570 2350
887 1036
2833 3624
2178 3542
1670 1725
1463 2398
1553 3531
619 2034
1083 1976
1162 3088
36 1585
1358 2381
1024 2704
272 537
844 2670
866 1428
2391 3475
921 2948
217 1335
783 1591
220 1287
1388 2859
2151 2715
3256 3652
3456 3651
2271 3613
742 1805
151 1169
788 3010
1976 1996
1101 3444
1302 3223
2236 2520
1973 2935
2751 3106
307 1796
1352 1401
53 3702
1745 1969
199 2625
1110 1397
2095 2182
2086 3616
1504 2886
3303 3308
2048 2769
2165 2225
1200 1371
1475 1881
327 1217
2464 3629
227 1431
1191 2813
961 2762
140 214
2735 3336
1046 2322
2535 3465
3164 3342
876 2338
2299 3520
2036 2570
604 1883
1528 2594
282 1646
1295 2851
486 3657
1983 2645
736 2801
11 2808
1227 2184
409 1508
1844 2558
283 316
1012 3229
1281 2162
459 1715
30 2762
1303 3626
511 2015
700 3302
500 1659
556 2954
590 1016
472 902
1245 1456
182 2630
653 1279
2286 3171
1897 3636
2362 3403
155 712
648 2844
2352 2893
1791 2250
150 1177
2000 2321
1629 3169
2326 3198
903 2604
503 1707
192 3026
2375 2384
751 821
232 3360
207 2922
1377 1468
1333 1590
153 2136
2268 3554
508 2289
2554 3131
1960 2115
693 1327
755 3297
553 2007
909 3499
56 2030
148 1691
167 2620
46 2827
368 635
1782 2730
1152 2892
874 2134
1244 2317
332 2820
2016 2917
1411 2428
2169 2600
886 2073
456 1873
2047 3325
3416 3650
542 2649
595 1798
789 2821
2284 3089
813 2264
2085 2983
1524 1943
77 1298
2763 3653
351 1194
512 976
1496 3102
964 1732
1434 3325
1421 1728
835 2902
1272 3648
1332 2080
3024 3280
1714 1805
2774 3049
196 739
2077 2676
1570 3427
1845 3550
1651 2790
1121 2558
40 736
310 1577
3234 3610
630 3414
1453 3570
2141 3394
1111 2449
1878 2800
1814 3588
1569 2461
931 2423
2528 3721
889 1399
1700 3348
114 1335
588 3071
1379 1675
1158 3622
288 587
2607 2750
269 2399
404 2183
1864 3263
31 636
1254 2825
1915 1991
146 2358
1968 2606
91 1773
804 1471
2033 2127
429 1740
432 3080
2701 3117
2896 3255
2723 2984
1474 3023
1031 2728
467 1449
964 1378
2872 3548
324 3443
2847 3150
1240 2615
1226 2916
2778 3422
2856 3128
2122 2765
1137 2597
2305 2740
1555 2639
2564 3311
1112 2622
2912 3664
264 1126
553 1326
799 2846
1716 2718
282 2183
706 1205
126 718
1726 3160
2712 3541
707 744
3221 3723
1366 2992
615 1909
299 2551
1014 2394
432 1315
900 2246
3275 3297
1458 2274
769 3086
191 2844
2525 3528
746 2315
93 2543
2367 3113
1132 1241
991 1537
233 3495
3006 3126
283 2877
8 3311
3617 3700
3186 3265
70 2158
277 1122
1087 3016
1543 1692
2454 3041
1033 2303
2132 2693
1333 1758
1140 1495
2537 2556
700 714
1199 2383
614 1666
378 1345
3552 3624
991 3400
2843 2851
3076 3661
2979 3512
1304 3101
2334 2691
1833 1978
2494 3564
1373 1772
1669 2243
2467 2689
1028 3186
178 2748
2500 3054
699 2387
105 507
1592 3139
2486 3680
356 2056
2475 3649
512 1052
579 3370
1935 3302
1394 3175
399 3072
2371 3426
1355 2962
2544 3709
2255 2774
1919 3656
250 2665
1070 3175
794 2626
1550 2139
2896 3096
1416 2065
2147 2815
1119 1424
3104 3547
1769 2684
504 1412
2303 3021
137 289
1198 2629
2550 3231
1910 2089
2207 3685
3148 3317
443 515
73 698
1703 2238
1427 2802
1698 3690
209 1884
3381 3445
336 1968
908 1970
2364 2599
1620 3239
2220 2637
1703 2351
320 2639
1069 1257
1704 2056
2337 3720
2435 3294
1541 2263
2573 3007
130 2593
812 2584
820 2402
2796 3181
1443 3029
1481 2549
384 2561
132 2292
2109 2345
1769 3550
296 3189
1321 3658
841 1660
1358 2013
1466 2320
649 3480
2013 2955
489 3299
3428 3539
2860 2905
2407 2505
73 301
415 3202
379 406
663 1112
32 3673
1162 3141
761 3277
2156 2584
134 3194
422 900
3002 3137
350 2644
112 1209
3412 3477
40 2387
1292 1838
1343 3332
2563 2958
1409 1726
1161 2037
3038 3294
2254 2441
1634 2301
395 1682
1364 3578
2893 3323
1118 3598
347 1944
1305 2169
82 100
2548 3601
2402 2632
574 3050
485 1040
2317 3006
59 1590
2191 3167
3339 3579
450 3621
875 3415
574 3581
2496 3503
167 1125
2498 3388
1874 2345
2500 2749
978 3474
2534 3285
2427 2517
683 2734
4 3634
158 2691
101 1294
1988 2402
71 2130
888 1538
2756 3410
83 2332
2306 2891
878 2138
2154 2446
641 1465
398 2085
263 1387
2037 3547
88 1180
1048 3451
471 2082
722 1107
253 3035
618 2770
2439 3472
573 3566
591 687
20 449
875 2468
1890 3019
295 3543
1441 3057
1297 1737
1493 2540
48 3371
1868 2352
495 1066
979 2103
1326 1541
105 1381
1709 2340
1527 1948
3309 3508
1225 3343
1063 3083
1267 1304
3120 3180
1169 1661
391 1741
64 1849
1052 2517
1515 3188
36 852
430 3156
1043 2279
2961 3361
594 3615
191 2308
2885 2978
580 2849
1220 1830
1498 2738
1517 1740
2546 3281
2526 3551
1581 2870
1086 3086
1290 1451
2023 2282
1962 3597
2338 2933
2326 3479
503 817
648 3600
13 2913
396 811
1374 2919
1497 2272
2061 2984
1211 2646
957 1761
2611 3404
851 1236
1327 3094
67 849
2359 2558
84 2469
613 2737
1191 2754
950 3063
2210 2869
480 2533
1081 2996
421 1761
490 943
632 1079
400 2731
524 3468
545 1649
1675 2928
49 525
3251 3723
864 1651
1311 1481
1122 2582
1128 1132
994 1583
790 1118
367 1344
586 1364
530 3584
1571 2426
2599 3215
1851 2157
952 3408
645 2574
201 3238
1231 2721
685 1056
639 2479
652 2004
989 3296
57 247
2776 3030
807 1808
355 3292
989 2393
273 2335
1399 3698
784 891
1139 1587
403 3066
442 1982
386 1474
781 2568
143 639
2618 3678
1283 1646
554 2879
2718 3633
241 552
1530 3326
198 950
2439 3259
1161 1753
1460 1499
1144 2732
675 3462
951 2823
438 1917
2349 3219
1010 3515
1747 2608
1467 2279
1347 1353
1503 3084
668 2311
1322 3594
1539 2597
1199 3607
162 2780
2555 2874
437 2288
1770 2306
1050 1504
2033 2488
1742 3018
879 3009
3062 3631
2542 2645
161 1588
1843 3283
896 2413
2318 2426
2234 3160
2804 2869
480 2744
2365 2766
387 2680
376 542
2836 2850
271 553
423 3520
1892 3631
17 2551
440 2815
1485 3046
1715 3555
2841 2999
868 1101
1109 1139
68 2518
1242 2622
2329 2403
723 1372
1533 2058
1074 1246
1500 2686
877 3280
602 3343
324 1184
112 1923
1211 3434
3306 3570
2065 2417
1625 2654
1487 1650
1403 1957
2454 2777
1117 1830
866 1834
413 3654
94 1013
1872 2930
1638 3316
3331 3677
1315 2751
444 2678
308 2264
1820 3010
1000 2074
202 2800
517 2789
526 1738
684 2848
1755 3264
302 1084
29 2057
2578 3606
1674 3713
749 2117
949 3212
609 1120
1556 3336
233 1548
1276 1656
1165 3308
2259 2471
1102 1922
616 1134
891 2269
252 1383
1231 1610
1621 2930
1185 2709
1473 2845
459 3554
632 2834
475 3624
1318 1704
1747 3261
2104 3688
507 969
380 3254
1897 3240
339 511
508 2546
1781 2953
2268 3058
429 1161
770 2468
2096 2125
368 3270
380 1940
2867 3178
1212 2515
1141 2174
1899 1987
1707 2809
581 3110
911 1459
923 2950
1082 1514
3078 3466
1460 3294
2951 3547
1556 3693
1561 3269
1488 3032
2439 3488
2553 2759
1797 3331
606 2194
1298 1626
1256 2915
839 2437
3110 3142
1184 2800
1562 1721
899 2557
54 141
200 520
2746 3091
40 2410
37 606
665 1836
1201 3007
2344 3433
1033 2160
494 2627
1457 2974
627 3367
796 2744
1829 2120
193 2949
233 802
406 2989
3148 3309
2584 3490
160 2090
1498 1685
1199 3556
2675 3664
2839 3143
2728 3280
173 1449
1549 3728
281 1634
924 1931
1801 3394
1612 3433
509 1803
313 776
1521 3550
2545 2717
1062 1099
1538 2481
1131 1651
705 1977
853 1822
1029 1577
3254 3461
1745 3626
1099 2621
687 1743
1525 2607
1591 2407
380 2074
1843 2965
1776 1960
1059 2297
1338 3689
1055 3377
2347 2412
663 2962
2603 3716
1806 2318
1487 1757
1898 2171
685 869
367 1887
1145 3066
1630 3604
86 3660
1203 2492
1123 3457
1922 3481
1510 1838
2389 2715
3012 3219
798 2095
206 450
719 2906
3172 3475
856 1100
1227 1586
1298 2805
354 2802
1343 3449
1037 1506
2298 3716
1324 1789
2730 3379
601 2572
1015 1839
1490 2959
1799 3248
1802 1825
893 3000
210 1076
1706 1903
2517 3407
1451 3367
684 3692
948 1146
945 1060
934 3497
110 3004
531 2310
2302 2570
2860 2893
1064 2892
1617 3081
187 1230
163 1811
1277 2361
1410 2947
2435 2794
832 1647
1988 2670
365 2598
2306 2688
2601 2884
1834 3103
2859 3203
28 1471
3166 3277
29 2316
1024 1635
1835 2743
1280 2824
1047 1169
446 1944
225 779
208 1838
430 3566
454 576
1006 2918
571 3657
937 2397
919 1156
1486 3349
719 1229
132 2300
2098 3135
106 2452
2452 2656
769 1222
708 2380
590 3525
1084 2034
846 3218
1300 1565
1749 3714
1946 2265
1335 3677
993 1116
2252 2968
1670 3577
1647 3264
2705 3235
1173 2241
2989 3223
2305 2727
5 3704
821 1718
2256 3344
1993 3521
673 2334
1263 2471
1177 3197
1361 3127
987 1588
2054 3283
1334 1413
1048 3238
969 1592
2635 3616
61 181
1502 1542
1038 1513
725 2091
1846 3022
402 2447
1158 3486
1371 3014
319 760
203 827
1035 3161
1176 2667
1643 3133
2124 3466
915 3589
1133 2635
200 1657
851 3517
1157 2810
462 656
1621 3663
267 2969
2990 3696
362 3398
1190 1853
775 1877
873 3502
412 1930
1296 3029
908 1787
1115 3289
707 1218
1661 2102
468 1054
737 1515
2190 2781
570 3307
1450 2090
1547 3235
2385 3609
1363 1836
2021 2954
1499 3032
184 3224
693 2091
1301 1685
142 2372
1933 3644
800 2157
1987 3026
1251 3562
1021 2958
2496 2773
2357 3667
216 2003
74 2149
136 1155
710 3157
654 3328
2463 2926
491 1064
402 1088
2388 3092
22 2837
1201 3589
1149 1342
81 2067
2694 2946
341 984
5 196
1423 2599
132 2707
914 3315
292 2212
1010 3156
328 2152
347 2517
2977 3160
2385 3046
892 2449
1581 3519
3498 3614
995 1271
9 61
3212 3226
960 1401
104 996
2231 2932
2501 3538
12 2955
301 2693
538 2669
150 1582
302 2112
2085 3244
344 2704
416 1044
937 3265
2515 3149
863 1434
652 2857
7 2272
1288 1624
1682 2609
141 1529
1008 2998
872 3694
1274 2922
154 2236
314 3359
220 933
1150 1951
2134 3272
505 1222
1351 2527
898 2566
165 2571
1548 3059
2541 2903
1191 3111
1067 1506
1259 2097
196 2074
778 1389
539 1715
2669 3484
564 1103
492 3337
805 1933
1002 1105
1393 2801
87 1069
50 1055
753 2766
1628 3256
369 2560
846 1595
1587 2137
645 1179
895 2811
1651 3165
2062 2898
361 1390
1 1360
245 3505
2126 2181
1231 3356
3450 3565
2577 3308
1476 1979
718 2805
397 3703
1902 2483
1618 3084
1424 2570
786 895
688 1793
452 3598
1407 2084
2023 3612
488 729
837 2122
3138 3649
2352 3366
2948 3562
771 1122
2416 3398
1224 3367
568 2535
279 1891
1025 3553
2095 2995
254 3208
377 2064
668 2133
1876 2898
278 1006
1108 1740
147 405
2825 3561
2140 3454
791 3024
1644 3565
148 1196
162 2183
743 3214
1879 2072
250 1654
2342 2435
2390 3666
586 1696
2845 3303
1035 2722
516 894
967 1936
38 2799
1231 1478
829 1467
156 552
1013 2405
572 697
2713 3191
1066 3567
482 690
2831 3452
374 2006
452 3230
1145 2838
1032 1227
1226 3318
1266 1692
2510 3710
261 2710
244 1395
2131 2426
950 3663
379 3036
133 1662
1253 3637
1301 3685
1421 2277
1300 2171
715 1438
3048 3355
1904 2341
1327 1828
2996 3523
601 1071
147 3371
1272 1968
1612 3682
990 2121
1071 1676
328 2950
1685 3249
299 3335
2454 3602
82 927
3291 3541
1886 1894
171 1812
596 3200
65 1528
874 2144
2346 2782
921 3467
2945 3698
1099 2541
343 747
692 3054
609 2760
359 3313
2357 3171
3469 3612
476 1576
1147 2800
620 960
2439 3409
2972 3526
1413 3196
660 1445
2013 2825
677 1737
1788 1856
334 2288
654 1649
158 1540
1924 1955
533 808
245 493
1513 1746
420 2382
1700 3137
725 3248
360 573
399 2612
2000 2157
1931 2395
676 1707
2446 3421
854 2095
926 3357
1479 3676
936 1433
2071 3568
2533 2988
2240 3423
1202 2219
1759 3211
257 3667
238 1570
2000 2732
2373 2630
288 3351
24 3128
3529 3700
765 2009
1901 3174
988 2141
1545 2520
1738 1948
532 2261
1780 1962
133 492
1182 3558
1322 3583
702 2798
2197 3298
310 1866
1051 3623
57 141
1382 3201
765 2941
1028 2137
383 3392
1154 1788
393 1275
1983 3727
440 599
149 1822
1468 2907
418 621
1409 3180
716 922
438 2859
919 3053
2229 3404
2592 3319
3211 3360
767 3120
508 2135
461 2874
1369 1567
1970 2626
1866 2376
1753 3060
1002 1482
1921 2530
828 1410
1319 1661
1189 2378
1559 1598
1736 3383
1557 3210
1098 1182
1890 2284
385 2307
2151 3400
675 2281
363 3436
485 954
965 1986
637 3162
2531 2857
544 820
671 2444
107 707
486 3052
1201 1459
511 944
1227 3418
2290 2636
605 640
1942 2714
1105 3165
1374 3014
886 3710
605 2429
513 1669
633 2607
1123 1691
1363 2347
276 3279
1902 2113
324 466
260 1989
2299 2768
3273 3396
909 1526
383 2155
2568 3096
35 2334
2143 2161
1428 1949
2367 3366
340 2033
1315 1686
2240 3624
2530 3534
1604 3279
42 2014
662 2957
803 2200
872 3672
1958 3568
688 932
1808 3516
401 2846
616 1718
137 237
1895 3241
24 1518
785 2236
2539 2549
1551 3050
212 3277
526 858
761 1372
3045 3439
437 3199
393 1269
670 1009
2116 3325
1910 3559
487 2804
2703 3652
1825 2657
1534 2417
153 2616
865 2942
1186 1217
111 1067
2016 3250
618 1029
686 1607
542 543
1981 2536
2424 3470
946 3654
408 1128
1906 3704
757 1748
1641 3123
956 3146
1151 3030
215 762
2035 2252
575 892
342 3347
414 2261
598 1925
2640 3693
267 1550
332 3186
1200 1255
187 3662
1559 3659
1238 3729
2021 3042
395 3401
1785 2439
1185 1742
1673 2118
1655 3410
1537 1880
2583 3081
2025 2090
682 2524
216 1402
973 1915
1289 2817
1900 2273
2391 2867
1083 2617
521 2118
1260 2138
124 1781
847 1223
341 1044
608 2684
2437 2677
225 2761
1635 3614
802 2829
3276 3707
412 2785
963 3084
749 1146
1103 2236
1752 3002
1027 1683
2136 3678
266 318
2404 3422
108 738
789 909
651 1002
342 3413
218 2485
455 2899
1486 2067
98 2844
734 3151
1970 2882
1340 2985
968 2259
846 998
1078 2501
2491 2740
1937 3092
483 540
1217 1780
664 1025
445 1002
485 3666
416 2944
1699 3169
1172 3195
403 3569
2430 3717
2412 2516
2014 3496
3 409
299 2053
927 2462
1203 3146
665 2447
18 2059
596 2438
2871 3720
2745 3285
1848 2723
1667 1712
2442 2605
89 1685
1005 2232
2120 3127
1132 1798
749 2079
1321 2348
460 820
103 2434
119 2218
729 2924
2213 3321
425 1007
1813 2685
1006 1963
39 2787
702 2650
2282 3097
369 2887
2202 2284
624 1507
914 2360
2274 2585
593 3175
1815 3614
1092 2039
628 1989
330 854
894 1897
2666 3430
100 1558
1348 1728
1464 2015
914 3208
1830 3592
263 523
2742 3332
1435 2167
341 3364
1064 3375
582 2370
75 883
3143 3501
2857 3673
3453 3706
502 1351
401 3238
2671 3142
893 3109
3362 3641
84 2782
769 1234
2913 2940
422 826
1020 1244
2474 3540
427 958
106 3412
481 3168
68 3082
692 2049
893 3351
706 2201
72 952
1436 2278
1431 3387
1610 2653
39 1100
1893 3398
1966 3326
2431 3246
492 1859
1448 3338
1996 3619
994 3541
2812 3105
2999 3066
2700 2874
757 1462
1819 2114
1385 2525
2076 2325
3632 3702
227 1296
88 985
17 2681
2995 3559
643 2857
741 2468
2781 3529
2745 3618
1705 1953
1807 2695
614 3269
759 3640
325 2365
404 3231
135 269
2291 2711
829 1544
388 2256
1320 2923
535 827
2084 3150
1853 1955
3100 3420
1232 3445
372 3630
561 588
3071 3206
382 2088
1980 2562
2548 3641
419 2996
126 1365
501 860
266 1671
1045 2448
1241 2691
275 2302
748 2768
1241 1877
211 1536
1089 1097
1183 2925
2261 2835
1260 1532
886 1932
663 1149
1201 3443
1379 1421
514 1517
2500 2821
1935 3729
780 1753
548 1061
171 392
1283 3590
2662 2983
76 441
3534 3676
1547 2995
1370 2645
1493 1570
847 2678
2212 3056
1657 1804
2889 2995
2518 2595
2741 3283
23 2813
1522 2615
313 1082
2346 2726
1050 2701
940 2152
1800 3672
3571 3703
2124 2627
878 3106
3257 3603
1392 3005
334 1457
620 3592
1472 3718
225 623
37 807
2275 3482
3031 3043
514 1975
924 2748
1522 2489
1449 1885
2187 3639
3330 3510
1197 3343
2377 2812
1614 2239
622 3098
1579 2351
2346 3449
2975 2977
291 1387
27 298
841 2752
2423 3648
1742 3179
631 3098
658 3674
1027 3658
62 240
626 3517
827 3706
444 3222
1855 3231
1687 2552
3183 3322
1151 1730
3238 3274
2552 3504
414 3613
2898 3229
1908 2381
679 2197
649 958
1440 3615
2891 3694
1023 3408
47 1486
1733 3314
1734 2025
1711 1847
1002 2848
2504 2861
366 1289
1984 2094
27 633
1253 1398
1489 3638
923 2899
3000 3033
906 1763
199 649
2613 3079
815 3370
353 2669
2081 2659
263 1911
905 1096
2 3387
870 1990
1544 3429
179 1159
1161 2107
224 270
1644 2658
2524 3341
288 1477
1363 2554
2030 2056
837 1703
2108 3253
2876 3299
3170 3262
392 405
1430 3123
819 2380
774 2903
2099 2199
3061 3490
1371 2862
664 2070
844 3077
773 2038
1635 3425
1777 2283
3064 3388
462 2945
983 2664
500 2092
1664 1731
1706 2324
1606 2122
1048 2565
1565 2743
1056 3342
2114 2303
1252 3115
1816 3595
660 1026
880 3585
2222 3220
2712 2932
236 418
695 3601
1755 2613
1364 1751
445 2966
1528 1631
2227 3091
284 3219
177 1992
1057 1442
1907 1979
1474 3355
739 2257
2341 2579
1583 2576
1052 1487
219 865
1386 3283
111 2195
2952 3435
320 3492
394 2706
642 3236
101 3129
687 3361
1337 2991
703 2431
223 1229
1447 2727
384 3419
413 2218
3650 3722
603 1777
453 2224
1183 2931
1573 1673
783 2447
693 2895
727 3065
554 1427
1864 2578
53 3087
369 1053
841 2806
1563 2646
838 1134
1403 2762
1406 2831
1757 2633
2733 2919
1723 3274
2383 2791
2186 3040
705 1461
2831 2946
1697 2294
828 1918
1143 2490
760 2469
476 3575
3192 3256
2482 3398
51 823
804 3528
259 2496
741 2097
156 3090
291 999
312 3242
822 1744
1325 3636
49 1043
211 2073
179 2315
2582 3330
2086 2672
627 3467
394 2217
594 2705
2166 3062
391 1350
445 1192
2199 3021
2381 3539
669 3240
1823 2361
2165 3312
1227 3579
1317 3538
261 1649
2155 3590
767 2476
3168 3604
1342 3718
2459 2994
822 2485
1644 3044
493 2005
1276 2475
86 2961
1341 3397
471 2191
641 3470
3625 3641
2450 3655
1469 3353
1916 3470
2136 3310
2724 2751
424 2473
770 2793
7 9
914 2031
1608 3058
883 1860
861 3402
942 2407
2446 3345
243 3128
517 668
2372 3515
2864 3700
1275 3648
122 903
30 291
1172 2707
309 3128
500 3265
684 1038
630 2343
492 1492
641 1529
363 661
1434 2911
2739 3315
453 2180
1964 2188
437 2923
849 3210
657 1992
2047 3717
3213 3641
746 1417
386 540
2350 2451
191 2331
103 2030
12 1354
3234 3637
139 2082
353 2894
2276 2277
785 2280
675 3460
1328 2412
1437 3008
353 2363
2215 3506
286 781
1552 2748
2017 3042
812 946
1308 1938
1454 2653
1270 2291
76 555
3458 3712
270 3710
2197 3078
2484 3323
698 1991
768 936
21 670
1746 2614
1092 3369
884 1757
226 2868
2245 3667
1361 3414
1202 1676
1654 2854
2629 2739
1055 1078
1699 1772
882 3500
2684 2686
1619 3282
710 1524
26 892
2703 3243
759 1551
175 2139
2258 2386
1554 2020
348 1373
1346 1908
1423 2336
777 1507
832 3564
2059 2238
3416 3630
1549 2015
1555 2936
1436 2610
1508 3158
558 3118
577 1627
2692 3008
1889 3717
2282 2483
2683 3008
2712 3105
1082 1087
1075 3237
1079 2368
2105 3696
1817 2119
240 2748
3017 3681
2136 3533
2513 3378
3429 3594
130 1494
8 2275
2123 2684
1495 1680
448 3629
1200 2401
2534 2795
816 1498
873 2405
1761 2480
345 1678
2411 2432
1988 3260
1375 2161
2509 3563
1042 3047
2091 3367
707 1720
3157 3266
2607 3247
176 855
2111 2939
2161 3132
583 2263
825 1895
2229 3304
1244 3707
2737 3446
608 2248
2587 3382
1614 2651
148 3580
947 2653
1195 2488
2313 2852
53 1494
2519 2932
865 2032
792 3389
1098 3282
1594 1912
463 963
159 2417
2888 3295
3038 3055
2573 3649
1192 2943
577 2386
1291 2592
3524 3643
1708 2798
1119 2085
2489 2648
1711 1713
1890 1941
2330 3346
1126 2170
3190 3383
1721 2672
2029 3340
542 2672
166 730
1271 2977
634 2228
251 3637
2061 2398
268 2346
1652 3702
883 3423
119 3705
1333 2957
829 1263
1362 3180
2180 3608
3086 3722
1110 2378
1383 3108
254 2153
235 3247
1797 2364
1443 3369
650 1886
1615 2051
426 2717
917 1424
1377 2178
1221 2466
1680 1919
1660 2768
79 461
1539 3362
1950 2720
587 2714
1090 2647
1906 2967
941 2247
949 2534
242 1627
15 365
428 2511
331 2852
745 1523
1613 1909
81 252
1867 2071
3466 3599
1049 2352
172 233
1597 2115
1169 3651
2236 2652
987 3138
703 3166
357 588
1868 3043
1913 2484
717 2673
2345 3411
1258 1333
396 2267
2482 3241
3058 3468
1091 1719
500 2847
58 2472
1542 1668
1017 1765
1386 1429
39 674
1552 3401
1471 3289
286 2297
194 2647
496 2388
294 3568
2251 3202
123 1784
1660 3386
2314 2888
3003 3175
287 3028
958 2655
894 1022
93 1905
2580 2696
540 1447
885 1395
2538 3490
1400 3684
232 3205
2697 3252
2211 2548
856 1622
496 1624
206 1404
1419 3042
50 476
2704 3622
2627 3271
1387 2233
1276 2964
1520 1952
89 3268
2110 3431
635 1562
2943 3341
1908 2104
1396 1689
2490 2779
1016 3325
3169 3670
4 2750
1857 3325
349 1304
520 3149
570 2079
2055 2370
425 2318
638 3406
878 1735
1779 2998
273 746
857 3537
0 2018
596 1495
641 2716
974 3114
286 2586
85 1499
619 756
2064 3279
1920 3048
3382 3699
1239 2992
1594 2662
900 1847
518 3264
939 3450
184 1268
1754 3539
576 3320
222 2810
901 1848
567 2069
1881 2282
1355 1578
2207 3000
231 1239
1953 1960
