84
3 1
2 1111010011110100000
7 5
9 1031
9 16386532
7 1433266165
4 11113301122303
7 32632261126
6 14145341
8 2202024
2 100101001000
3 10101112012221020
3 2111
2 1001110111
9 42458
3 1021121202102110
2 1100101101
2 111111000100001110010111
4 11233110233003
6 22
5 433113213142
4 3313
5 2234411
6 10533432130
8 44344761
4 2032012
8 6347
10 91587
10 573451
3 222111112010111110
8 23342
10 3
4 11102233
8 375244512
7 3100
9 128
6 32420253
6 11533534
2 100101100011
2 10001011111010001
2 11011100100101111110011
3 1
8 110
8 6142241610
6 13
10 99409
2 11111001110101010001011110111
4 321112313312222
2 111010010000101101110011101000
9 345
8 247426
5 11332
6 2
4 1311230112
6 203435053220
9 58
7 32322
7 3
5 1314444430
9 723
7 54060244
3 110211202022010
8 13303
7 324445
3 22
9 182018053
2 1000101110001110110001
2 110001111
5 123012223132
10 19
7 162252
9 14165
8 1
3 112102000112022
3 100
7 30415014016
7 10524025
10 89117
6 212454414342
9 544
10 9892626
10 783457
9 3082
8 4276437151