75
12 9248B21
2 1000010110
16 2FCD2
12 27B
11 33A82846
13 9
4 22011133
8 722611347
9 1773764304
9 8
10 78318
11 58A0
10 1487
8 40102033
16 25
12 7822502
10 77
15 1C946
8 1
9 1665355
6 10100121334
14 4
3 11121220011
8 2357
4 211231012212
16 DB
10 6253
6 115531554
6 4011
16 5E
14 11
10 153
8 2
3 10010
4 303113033210
6 4521053353
9 10155012
14 68
10 104
6 542530152
11 40
11 46354787
10 7577206
12 2
9 2
4 133
2 11011010000100100101
11 32234
5 20041344
7 1561
15 57
7 265561234
15 29A7
5 14
2 1111000011
6 15412441323
14 A253
5 1241244210
16 29601C
16 7EEF0
10 7650
7 126144662
4 2003331
7 532
11 1
13 333AA9A
7 10621
11 51890
5 10141413101
9 885
13 B69700
14 385A25CA
9 50352
13 16
3 11