56
12 100A
15 D1
15 E
14 A
14 D
12 B
15 E33
3 12212220021220221
10 3222
5 3113124333233
12 6
2 1101011110001
14 23152318
15 BEEE
5 320343130
8 15433457
2 11100101111011111010100110
12 198882153
6 301
14 CD70C6C
9 2268885700
3 12121021001112
6 133
2 1100100101000000011101
6 213
12 B58140
8 265262420
6 22555
6 50534141415
10 362
3 1200020
3 1011221111011202122
2 101010101100111111000111000
4 100201002202
11 63186
3 100212112
3 111101222210010
3 121111122121
8 42241016
9 3
8 1161763
7 43031020
2 110100000011010110110011
6 3440
3 200012200121102
5 1114223330443
8 4451670467
6 12133205
9 41
11 2
3 1120
4 1222201
16 DB895
13 2C6
8 155266255
2 10111100011