70
7 5
5 112244200022
9 341043
6 113
10 7497
5 1332302
8 4622773627
3 120000
10 72008510
3 2020220
10 6346
3 100
4 10
7 1000426
8 16137
4 3
3 12022020
4 2030202210
8 2427064466
9 1521874
5 31433312
6 314124344
9 5838524
2 101
2 100010010111000000110011
4 110333203
2 1000111011
8 11222
4 1000031000
4 3203131303
4 2200330132211
4 1022
5 203032002
6 133335404
10 9085909
7 55530446
3 12
7 11242446
8 102106
2 101
2 10000101
6 3310
3 2100122211010101002
2 1110010
4 1333
6 4414242431
2 1011101111011
5 4400130
9 130845
2 11001111100110100111010110001
8 1712414007
10 89
5 1231
4 213100320331323
2 11111111
10 8
2 1111000
4 100233011
3 200011101211211
8 10123
2 11000010111
4 11
6 210145443001
4 1221131
9 25
3 11220201020
2 111100101100001111
8 6120240321
5 3214434
8 130570576