68
5 42201043441
5 422311042
15 51EED
15 23B0
11 18
8 147447
16 2A
13 5B5A6
7 5434516
7 22
15 3447D218
4 233002321331331
13 1A03
3 10200221010212002
6 312010503
4 12
9 77706
12 1312A
7 11326313
8 6151305652
8 1465043
15 B40
11 3AA9
15 126626
13 6
2 1011011110010
11 1
11 62AA1
8 41327734
10 77886
12 48116
13 846A0B5
4 132011211321123
6 4
2 10000010100100
13 432921
15 69B
10 3712306
11 790
16 EC257
4 10031133
7 30222150610
14 C1B22C
2 101000011001010111
5 20210
7 51466115
2 110101100001111111101000111110
12 1612506
11 506147
7 26341
6 13210434003
10 99224624
10 825429
7 21402255005
13 136B
11 3
10 838675835
8 32110232
9 155221
4 232320000300211
9 10
7 36151
14 89BB2583
6 220013203
6 421355203
13 7
12 23
13 9A