94
10 21767640
2 101110
2 10
16 8
8 1475
8 375543
2 1101100001
16 6
16 554CE57
10 2205
8 3363217453
10 43326095
10 159795
10 1688
2 10110100011111011
16 651E32
10 15333165
16 1EE5714
16 8
2 1010000011111101
8 6133603
2 1101101101011
8 143715
8 643
16 542CA
10 88148939
10 3
2 1111011100000101010100010
10 7054
2 1100101000000011
10 63369
2 1100111000010
2 10010000001000
16 4B06
2 11011000011000011001101
8 10
16 29D0207
2 10110110101110101000010000
2 1101010110110101
2 11100111101010101011111111
2 1010001001111011000011
10 605
2 11110011111101101
2 11101111111000100110101000
8 1747
8 140633
8 724271324
16 25A
8 2274227056
16 2D8
8 1727030
10 9869797
16 23
8 1326
16 54F7CF1
10 52
8 6255
8 17440472
10 41
10 62452
10 387
10 15
8 216641776
8 5530556267
10 48120
10 865824
10 59
10 97
10 51533843
2 10000011110110111011101110
2 11110111011101001101111111
16 1A9B3
2 1101011101010111101001011010
2 110
10 702
10 394
16 1034
10 716422
10 765811487
2 1000000
8 1070
8 103
8 1716
16 77E791
8 12
2 11000000000000001111
2 10010011000100110110110111
16 30E34791
16 139F04
10 3519473
16 511DA26
8 2
16 DE1
2 11101101010010000000