84
8 12551
2 100000100010100100100111011011
6 22042544
5 3302312403
5 110
3 1002112
8 620
10 7342
2 101011111100011
6 10
2 1
4 102020000232
6 4025
10 9
5 300
10 9436420
9 12122
2 10100110111001111000001
8 62113236
8 3140
9 101
5 142230144103
4 32
7 343500
6 1001
7 1133
2 1010101001011001111
3 211101110021020001
10 74436
6 124204003
6 1513202
3 1012011021011101
9 2486435788
9 104
6 10125
5 4101024300
9 10280771
4 110221230013330
9 135414743
8 1642
6 22424434
9 300735733
2 1001100101111001110001001110
7 10
7 2114411403
7 144
3 120122021021122
7 11062212
6 41
2 1000111
4 1331033330311
8 10554125
4 13001110
3 1011111100
10 234799123
4 32311120101
2 111011101111110
10 3071181
8 3
2 10000100111100010000111011100
8 225156
2 110010001111111110001001011000
9 216576725
6 10002122
2 1011011111
5 113000032
3 11010112211
8 45104706
6 504452
8 143201
5 334
9 1750564
5 2300440110420
6 13233414
7 262264156
10 38211
9 70088620
8 133
6 522112250
5 320203341341
8 5405050124
4 1112012002011
3 111011
5 110111