58
4 1323123
8 47562627
7 2211145424
5 143123
8 26457245
4 320003210230002
4 1203
6 12145511
4 2231113
3 20221110221102002
4 11103
5 130322431302
10 541
9 15218
5 1312223143004
9 124170
7 51220
3 12100
6 3241000452
6 2111531301
7 1462441226
4 121301200
10 50231830
4 2101120120
4 103220
9 210131418
5 102303
4 10102300311001
3 2012122111222200110
5 10424200
10 47942316
3 110121012
6 42
7 462
10 592206334
6 11231104
4 2022
4 12221322
3 100
6 52254431123
8 1
9 1240
4 22031
9 7
9 24
5 1110
9 8683340
3 10211111122222210
10 452086055
5 1322241
9 703868087
6 25522253
4 103002212
2 1010
7 265345202
9 1133011157
9 71
9 81