94
8 276340435
3 111210
11 368853
12 154A23966
13 26C7C
13 2C664917
15 2EAEA6C
8 267267524
6 2502
10 535
12 3276
5 3004421
3 21021021022
7 1120
16 DCB13
16 418F1
7 302224
3 1110000
4 112022223022021
9 425124320
2 1101100100111110110
8 1423
14 25432
4 1222230323
13 A541B77
8 1452326
14 17B668
16 374699
5 111012314
8 442761
7 33
7 11231456
15 6015B
2 10011001010001111101011011001
2 110101000
3 1022222
4 232011
12 16723726A
7 124045346
6 11
7 36045
16 1
13 21
3 10220100022201122
9 8
9 3
5 1440002330404
12 1176BA39
7 101552611
6 3054323120
14 5C896D18
14 758
7 1046426622
10 684658
5 1104420341
7 2
14 1C177
2 1111101001001010000000111
5 201113421
7 402326350
3 2212
15 1E
9 882
4 21031
11 660
4 30221120003
7 23150
15 844C20
14 6667AAA9
3 102120100220212
15 8A29
2 101100101100000
8 10
9 1083
3 111001210
16 98AD
16 3C93746
16 43
15 5
2 1001111
2 1010001110
6 221253253
13 41
11 4
4 202
7 365
12 23AB75B8
11 2639
12 2235
8 661170357
14 5
16 1276F
13 371386B
3 22000110221012