2
483 475 
678
159 298 
122 276 
448 475 
396 40 
349 213 
49 58 
387 156 
279 238 
25 4 
359 86 
289 391 
329 145 
216 197 
467 417 
247 289 
135 64 
246 49 
69 400 
78 146 
199 170 
385 265 
109 199 
214 13 
259 64 
456 299 
40 224 
308 30 
279 38 
369 234 
474 406 
34 16 
200 266 
224 93 
249 276 
263 400 
248 279 
447 383 
248 219 
442 97 
438 147 
328 158 
327 247 
259 324 
381 130 
215 27 
263 445 
199 241 
42 53 
64 339 
449 291 
453 451 
185 18 
164 18 
189 215 
257 154 
442 367 
23 109 
271 86 
237 268 
303 160 
163 379 
454 384 
132 285 
13 102 
258 69 
428 359 
274 35 
35 175 
168 373 
152 255 
215 470 
283 316 
470 74 
233 73 
33 365 
278 69 
355 18 
82 19 
106 473 
37 349 
62 292 
441 313 
238 393 
388 315 
260 97 
478 343 
6 10 
51 263 
144 268 
287 39 
248 227 
32 475 
177 368 
55 53 
421 267 
196 433 
470 431 
50 440 
70 3 
363 198 
48 60 
404 461 
358 158 
302 180 
222 259 
296 233 
438 14 
84 260 
96 327 
356 207 
482 159 
395 191 
23 230 
128 20 
302 248 
431 236 
474 14 
74 52 
93 13 
446 237 
315 435 
137 405 
183 458 
145 431 
154 29 
95 128 
280 221 
446 140 
294 197 
295 191 
17 230 
253 92 
278 28 
234 430 
37 172 
462 334 
250 26 
366 234 
177 449 
309 268 
202 418 
26 409 
206 136 
312 17 
251 231 
442 152 
329 53 
356 106 
91 9 
46 470 
150 348 
49 67 
67 43 
209 323 
326 364 
90 203 
459 358 
133 134 
17 138 
422 246 
193 45 
477 5 
265 392 
462 321 
274 160 
135 450 
389 344 
209 205 
324 344 
27 272 
228 205 
125 378 
134 468 
339 271 
201 59 
393 18 
377 148 
425 269 
221 76 
344 35 
108 61 
129 117 
403 21 
219 251 
343 182 
223 121 
368 36 
471 183 
354 228 
353 309 
127 279 
304 123 
83 406 
252 17 
364 410 
264 155 
457 77 
304 115 
171 273 
477 402 
146 52 
172 328 
186 461 
43 156 
20 403 
159 159 
460 296 
392 141 
147 58 
120 169 
70 362 
208 361 
215 411 
424 113 
406 159 
90 86 
117 284 
414 365 
188 281 
406 63 
433 161 
161 179 
30 165 
311 318 
97 64 
53 160 
237 436 
13 57 
14 145 
343 194 
369 253 
152 350 
450 118 
53 129 
393 242 
50 361 
31 401 
477 188 
231 21 
25 124 
309 283 
423 349 
414 238 
283 253 
292 103 
32 409 
463 238 
56 57 
331 23 
94 431 
108 248 
345 248 
287 446 
44 452 
68 51 
139 188 
407 399 
349 92 
71 403 
23 253 
407 465 
448 273 
300 359 
243 180 
381 330 
258 125 
188 244 
401 91 
144 394 
158 241 
474 71 
344 377 
50 426 
337 124 
378 213 
381 34 
334 313 
97 226 
126 447 
395 430 
441 240 
465 411 
264 275 
43 424 
436 189 
300 189 
218 417 
6 288 
407 196 
199 202 
268 458 
89 250 
417 447 
146 180 
135 422 
197 265 
416 232 
269 51 
321 441 
41 97 
124 84 
42 432 
180 101 
250 166 
117 340 
19 12 
271 91 
353 304 
475 84 
278 466 
32 263 
279 267 
17 135 
280 157 
13 453 
356 40 
62 159 
373 100 
267 89 
93 458 
192 367 
149 167 
458 44 
41 275 
465 194 
117 436 
411 30 
387 267 
439 95 
189 356 
132 98 
444 435 
430 340 
442 170 
234 472 
235 378 
257 102 
327 276 
337 375 
12 437 
226 133 
118 349 
443 337 
471 294 
448 89 
260 235 
200 172 
478 219 
169 399 
77 176 
342 10 
464 288 
454 159 
73 377 
154 271 
234 309 
372 55 
38 407 
334 445 
335 79 
369 404 
315 292 
218 140 
380 431 
191 404 
341 59 
442 372 
167 266 
176 34 
301 467 
72 406 
99 70 
358 437 
316 294 
469 152 
472 47 
261 237 
196 21 
31 3 
455 405 
17 255 
306 196 
154 446 
4 106 
475 15 
109 29 
357 108 
423 103 
409 149 
439 133 
111 303 
415 318 
393 14 
421 302 
70 320 
355 135 
19 194 
130 443 
315 149 
132 261 
26 215 
468 385 
381 206 
97 28 
228 289 
12 4 
224 373 
232 260 
361 10 
404 76 
352 287 
369 288 
454 262 
467 145 
160 438 
303 446 
56 131 
206 459 
98 184 
403 121 
65 351 
30 406 
320 388 
150 396 
278 352 
317 134 
438 130 
359 304 
10 362 
163 25 
293 422 
252 86 
74 20 
352 62 
428 67 
111 403 
201 157 
310 374 
10 461 
219 2 
318 31 
41 263 
368 158 
266 275 
335 222 
413 278 
376 240 
17 212 
258 2 
352 391 
455 423 
80 115 
92 296 
458 328 
201 291 
319 449 
58 265 
110 218 
26 274 
417 30 
216 366 
197 107 
144 113 
357 163 
140 12 
403 228 
229 10 
106 122 
42 266 
349 156 
271 132 
306 466 
479 200 
464 187 
441 442 
151 50 
178 196 
440 111 
66 338 
405 412 
325 305 
87 205 
458 31 
216 59 
314 329 
206 196 
333 321 
39 384 
288 245 
94 301 
144 238 
262 72 
325 377 
256 343 
458 317 
87 216 
338 20 
145 448 
322 326 
341 230 
267 136 
193 244 
345 293 
477 254 
413 183 
270 180 
336 268 
147 14 
464 473 
145 352 
286 21 
198 424 
171 45 
290 69 
142 349 
83 187 
108 98 
108 71 
33 61 
167 322 
291 90 
119 345 
130 257 
403 2 
390 341 
248 127 
445 432 
163 201 
337 140 
103 40 
163 94 
144 131 
82 475 
97 335 
344 172 
199 86 
59 363 
334 335 
340 463 
336 339 
416 152 
157 72 
302 251 
428 314 
262 382 
171 351 
471 113 
111 3 
416 415 
95 246 
286 303 
223 171 
216 284 
329 89 
176 298 
346 98 
24 407 
375 62 
214 127 
223 313 
72 207 
209 461 
441 67 
258 396 
332 326 
50 378 
419 193 
347 453 
436 405 
448 20 
217 168 
280 461 
106 9 
72 439 
127 317 
461 397 
30 322 
125 260 
106 186 
54 206 
462 447 
441 316 
332 156 
24 60 
351 149 
178 101 
192 415 
245 54 
215 32 
89 224 
23 28 
27 316 
99 73 
54 287 
165 420 
455 391 
232 71 
200 79 
387 191 
442 209 
253 191 
63 85 
55 80 
111 33 
68 246 
440 277 
92 80 
99 179 
10 259 
191 319 
147 78 
188 100 
267 403 
57 364 
285 170 
434 227 
329 123 
5 280 
454 152 
436 386 
169 24 
60 304 
110 341 
23 74 
45 315 
252 203 
300 314 
397 235 
303 260 
53 399 
471 21 
214 153 
212 87 
6 200 
278 54 
139 262 
468 254 
134 81 
234 262 
142 244 
429 76 
297 360 
17 127 
374 169 
289 261 
460 145 
400 315 
450 110 
295 216 
116 422 
186 304 
207 32 
413 250 
323 250 
363 101 
32 414 
272 411 
126 449 
433 329 
158 389 
45 444 
326 398 
80 280 
460 395 
251 142 
400 408 
311 16 
241 391 
280 422 
443 60 
403 420 
168 302 
4 419 
252 219 
89 232 
189 222 
243 135 
387 90 