2
483 426 
693
85 1 
37 198 
314 51 
209 270 
197 342 
195 373 
427 342 
18 255 
278 272 
327 23 
150 350 
10 51 
73 392 
256 87 
481 118 
122 124 
215 223 
122 216 
347 15 
446 374 
95 52 
393 132 
239 19 
149 104 
426 22 
243 238 
470 221 
79 384 
458 276 
408 93 
118 274 
404 351 
9 207 
105 70 
70 94 
368 149 
450 370 
120 158 
338 91 
81 223 
60 268 
341 246 
471 114 
30 99 
430 253 
8 165 
4 385 
282 53 
449 198 
56 144 
247 191 
26 304 
281 421 
221 159 
12 294 
162 153 
460 320 
292 253 
105 409 
156 117 
306 380 
431 357 
380 8 
130 167 
61 313 
469 75 
68 21 
33 405 
163 21 
365 140 
481 139 
157 418 
141 353 
294 182 
111 123 
171 64 
136 368 
119 10 
468 217 
480 128 
327 323 
175 359 
320 291 
167 423 
329 341 
158 381 
239 65 
65 214 
405 22 
228 351 
130 48 
20 157 
335 193 
101 108 
453 93 
391 167 
431 297 
285 356 
34 242 
136 74 
335 332 
295 184 
120 320 
195 315 
425 271 
19 303 
438 263 
110 100 
235 368 
73 107 
365 237 
46 257 
174 282 
249 250 
348 73 
258 295 
103 231 
443 335 
316 116 
348 65 
223 250 
16 115 
444 268 
447 327 
348 4 
80 355 
2 6 
14 320 
130 266 
196 401 
468 153 
123 96 
327 151 
55 352 
155 14 
335 251 
113 1 
278 328 
444 126 
46 162 
26 248 
359 388 
382 379 
205 85 
351 246 
193 289 
331 207 
438 103 
137 214 
384 215 
413 320 
91 397 
140 294 
398 279 
20 6 
92 221 
438 163 
201 310 
435 205 
280 404 
467 129 
249 388 
129 97 
368 360 
250 125 
461 16 
258 301 
196 195 
228 172 
89 268 
454 349 
217 10 
220 422 
463 163 
461 381 
286 303 
67 256 
337 292 
50 384 
426 329 
373 283 
145 344 
411 216 
11 101 
114 356 
451 138 
129 32 
215 157 
2 40 
9 132 
377 135 
17 356 
147 60 
119 197 
229 355 
393 135 
22 311 
205 159 
213 102 
250 381 
455 302 
289 301 
18 199 
262 351 
449 34 
390 81 
172 246 
140 163 
395 158 
264 306 
63 63 
360 272 
378 168 
77 96 
74 102 
2 361 
449 153 
356 390 
380 69 
361 122 
100 121 
123 310 
345 287 
100 378 
226 327 
414 7 
342 25 
166 161 
86 179 
105 151 
323 138 
39 421 
291 169 
228 13 
353 278 
418 125 
126 419 
260 337 
15 103 
139 323 
466 353 
76 112 
76 178 
37 379 
16 221 
343 255 
171 337 
145 35 
62 414 
157 229 
37 33 
418 7 
52 135 
418 218 
336 105 
322 16 
374 321 
325 157 
230 139 
22 66 
438 145 
303 56 
374 113 
262 123 
386 178 
337 400 
41 280 
325 108 
331 192 
410 403 
449 380 
58 69 
312 293 
320 182 
240 190 
407 408 
307 172 
251 129 
391 332 
156 274 
69 327 
189 423 
5 74 
413 258 
103 107 
397 244 
385 13 
439 257 
45 309 
458 366 
356 290 
4 199 
68 72 
242 166 
263 323 
386 344 
390 72 
448 232 
376 382 
221 26 
326 295 
402 339 
195 355 
118 94 
183 380 
288 400 
262 179 
47 347 
223 408 
117 72 
207 87 
448 2 
176 231 
264 196 
334 144 
157 273 
312 260 
161 188 
6 375 
321 254 
28 5 
339 120 
152 230 
449 255 
423 17 
473 115 
105 115 
476 39 
395 288 
432 41 
349 243 
304 259 
302 265 
240 112 
196 31 
245 7 
365 426 
42 285 
216 67 
239 23 
225 232 
64 314 
349 292 
176 337 
379 131 
236 284 
253 389 
238 107 
111 124 
104 81 
277 372 
360 175 
261 205 
241 417 
82 372 
357 89 
418 234 
437 197 
282 210 
150 98 
381 113 
198 303 
284 107 
252 109 
2 122 
453 207 
393 423 
252 142 
369 79 
94 146 
367 327 
42 275 
326 30 
331 324 
468 61 
314 171 
309 399 
146 338 
296 337 
389 43 
117 417 
328 148 
304 299 
197 26 
6 197 
249 352 
315 109 
216 247 
201 389 
279 13 
18 278 
438 330 
32 408 
177 341 
140 26 
188 349 
177 256 
81 130 
24 187 
474 144 
407 397 
253 421 
308 28 
254 9 
22 385 
378 296 
481 85 
16 226 
116 257 
253 240 
325 67 
385 67 
17 210 
336 385 
453 189 
299 368 
92 318 
483 69 
93 210 
400 159 
61 277 
255 248 
101 257 
477 277 
447 68 
125 136 
318 245 
426 279 
89 330 
56 402 
404 408 
164 278 
395 143 
63 74 
151 69 
11 31 
141 369 
217 194 
192 363 
331 282 
317 367 
372 102 
317 417 
291 105 
95 185 
77 167 
391 336 
384 320 
418 281 
63 301 
476 72 
356 405 
71 415 
102 178 
391 244 
177 243 
193 345 
472 288 
216 355 
122 282 
333 239 
386 101 
289 98 
63 222 
215 373 
148 396 
199 404 
112 201 
254 174 
275 179 
331 273 
262 176 
22 20 
98 165 
57 258 
364 144 
118 335 
21 307 
151 416 
285 50 
360 423 
76 407 
300 104 
49 416 
188 171 
152 421 
152 176 
277 231 
368 169 
161 387 
312 208 
327 82 
173 37 
72 141 
26 377 
212 208 
115 311 
205 418 
6 195 
23 48 
374 152 
232 214 
142 242 
452 79 
308 303 
61 114 
80 359 
262 7 
140 28 
194 247 
215 230 
354 24 
150 422 
199 233 
65 61 
452 277 
408 97 
65 254 
132 149 
205 50 
97 333 
30 182 
5 282 
426 63 
357 148 
162 61 
229 326 
234 375 
459 196 
222 118 
283 214 
211 215 
328 31 
362 425 
433 72 
461 321 
359 80 
341 257 
172 50 
165 208 
79 111 
175 375 
59 304 
423 343 
283 258 
72 417 
386 385 
414 304 
131 380 
174 327 
155 67 
140 95 
479 192 
394 80 
103 362 
22 342 
147 167 
142 348 
430 76 
19 101 
197 35 
454 199 
99 118 
143 265 
282 233 
422 385 
115 225 
299 154 
288 14 
191 281 
386 33 
291 145 
67 377 
396 65 
389 83 
286 160 
24 36 
337 413 
136 406 
14 191 
317 292 
215 311 
412 95 
69 242 
157 146 
158 255 
80 141 
278 24 
217 415 
17 114 
200 53 
383 378 
25 66 
1 279 
166 252 
135 414 
62 419 
128 218 
252 79 
84 369 
15 246 
24 425 
24 132 
337 265 
275 359 
438 200 
48 24 
183 69 
198 126 
74 366 
338 107 
35 255 
112 22 
370 3 
316 68 
169 35 
77 369 
273 297 
339 187 
391 146 
311 196 
314 239 
38 31 
97 126 
420 297 
413 142 
266 238 
288 192 
240 191 
277 350 
315 58 
383 250 
289 160 
288 409 
28 232 
39 33 
22 348 
172 119 
226 423 
59 42 
223 209 
409 257 
119 128 
481 155 
250 153 
43 385 
136 184 
279 202 
482 410 
128 381 
352 228 
153 170 
136 258 
480 262 
406 336 
55 367 
142 183 
460 259 
320 388 
434 276 
236 63 
28 88 
477 360 
200 130 
218 290 
276 81 
336 20 
59 253 
446 267 
222 278 
399 34 
153 248 
366 194 
16 163 
170 28 
353 207 
356 20 
381 403 
24 313 
243 254 
387 84 
445 96 
447 15 
206 282 
403 230 
1 278 
429 346 
475 57 
77 123 
169 21 
188 359 
116 228 
471 30 