2
475 500 
619
254 153 
76 470 
333 438 
143 372 
130 90 
117 485 
313 60 
59 243 
337 120 
266 203 
323 277 
115 240 
239 443 
404 369 
307 282 
400 231 
57 443 
416 395 
385 14 
193 364 
442 373 
128 201 
235 388 
317 349 
308 366 
252 227 
9 319 
290 96 
319 114 
69 3 
373 253 
318 487 
379 306 
361 251 
128 116 
29 402 
383 231 
313 408 
233 237 
73 457 
177 137 
80 265 
94 212 
24 411 
463 65 
129 338 
273 60 
127 173 
13 131 
195 433 
349 321 
266 56 
21 248 
120 248 
286 321 
348 322 
466 406 
377 356 
355 467 
411 322 
329 311 
168 272 
185 473 
160 423 
258 134 
428 125 
294 77 
104 189 
40 34 
191 75 
282 499 
308 228 
399 96 
124 258 
460 273 
190 455 
196 321 
471 155 
177 433 
282 474 
174 286 
425 422 
63 43 
195 301 
292 486 
4 463 
471 33 
54 327 
296 460 
473 442 
452 457 
12 112 
450 391 
163 13 
208 259 
367 395 
372 315 
263 406 
128 448 
239 420 
307 227 
234 199 
36 291 
193 139 
120 237 
438 60 
286 488 
73 387 
223 268 
55 128 
129 440 
326 353 
176 243 
262 104 
377 499 
445 210 
209 239 
375 19 
458 123 
391 444 
448 228 
237 284 
269 206 
97 442 
173 64 
248 227 
171 343 
65 79 
466 379 
63 261 
115 241 
75 399 
261 422 
196 374 
245 174 
334 426 
99 221 
339 198 
131 162 
310 340 
164 345 
143 218 
462 238 
468 407 
361 26 
29 335 
459 393 
312 48 
390 273 
173 166 
181 342 
203 334 
389 295 
52 103 
460 244 
468 440 
185 232 
356 261 
63 37 
47 232 
69 6 
288 235 
28 84 
434 315 
175 312 
93 46 
473 323 
168 478 
395 55 
342 49 
300 54 
354 400 
343 108 
318 196 
323 329 
191 317 
387 203 
290 353 
205 314 
238 193 
277 278 
469 346 
266 61 
448 39 
279 360 
68 233 
36 257 
229 279 
436 143 
200 115 
104 74 
395 492 
362 490 
201 494 
357 222 
467 239 
71 239 
169 346 
48 299 
307 30 
349 131 
233 371 
394 236 
382 433 
372 265 
416 22 
65 139 
171 184 
127 31 
437 480 
224 160 
456 143 
14 21 
198 311 
173 261 
450 257 
74 7 
202 92 
125 240 
148 86 
199 159 
202 173 
277 33 
469 153 
404 13 
246 316 
401 317 
45 127 
216 433 
418 451 
443 8 
167 166 
25 457 
58 42 
242 200 
314 258 
94 105 
12 5 
252 171 
365 455 
168 113 
84 223 
413 289 
20 277 
455 386 
441 195 
59 312 
211 263 
415 169 
141 283 
221 414 
261 69 
386 298 
62 168 
325 110 
352 319 
419 102 
169 136 
169 347 
234 15 
155 6 
140 456 
30 280 
373 390 
179 426 
84 358 
390 55 
326 7 
79 66 
362 299 
274 314 
18 231 
389 205 
33 438 
422 136 
88 360 
317 177 
121 56 
313 465 
475 254 
288 464 
264 490 
21 6 
395 89 
248 423 
208 483 
233 154 
362 280 
401 437 
416 231 
391 208 
424 127 
164 380 
287 340 
281 22 
342 323 
412 312 
345 425 
197 23 
347 465 
168 207 
110 482 
235 374 
45 190 
435 375 
388 98 
150 254 
191 2 
470 47 
320 297 
154 320 
304 4 
349 290 
252 50 
443 468 
112 120 
224 282 
347 350 
217 128 
98 446 
114 315 
247 34 
125 142 
248 500 
254 437 
153 434 
49 62 
211 199 
47 242 
164 5 
210 178 
69 67 
451 233 
31 245 
474 473 
165 166 
178 380 
45 57 
196 113 
70 469 
98 31 
448 170 
457 129 
430 211 
57 266 
22 146 
247 100 
174 488 
59 239 
424 385 
263 344 
361 72 
35 414 
110 326 
102 315 
60 89 
227 368 
214 447 
332 309 
366 372 
111 489 
42 241 
265 48 
372 329 
300 202 
188 397 
144 382 
342 142 
214 323 
57 289 
451 35 
190 372 
63 13 
150 348 
425 261 
405 419 
70 93 
204 346 
338 14 
163 437 
186 79 
140 357 
114 302 
263 30 
402 32 
223 38 
324 202 
434 198 
110 53 
245 209 
445 322 
464 346 
410 214 
267 161 
430 435 
475 419 
279 52 
405 93 
53 258 
296 183 
421 460 
269 150 
111 187 
308 244 
39 297 
266 82 
457 467 
2 286 
313 318 
234 370 
420 47 
360 289 
330 129 
405 381 
220 46 
140 380 
245 313 
82 451 
96 199 
296 284 
155 417 
241 467 
441 45 
401 471 
49 390 
384 373 
68 333 
304 122 
229 74 
277 177 
305 371 
460 235 
444 359 
303 146 
3 158 
420 195 
407 36 
442 312 
247 347 
199 394 
20 177 
275 19 
460 346 
341 290 
469 173 
436 421 
340 77 
56 227 
285 87 
381 227 
383 319 
232 418 
405 339 
453 281 
119 270 
329 485 
279 176 
197 406 
205 349 
37 69 
247 241 
101 305 
282 379 
85 400 
149 277 
19 99 
267 382 
261 491 
365 497 
94 22 
185 386 
302 401 
75 218 
230 11 
171 211 
393 31 
327 76 
181 397 
450 438 
327 362 
49 500 
135 416 
2 189 
103 20 
163 11 
400 131 
474 406 
131 239 
207 349 
216 135 
181 208 
62 80 
179 74 
412 285 
101 53 
85 357 
143 85 
462 16 
318 449 
310 475 
293 100 
285 152 
427 218 
324 122 
176 177 
254 416 
441 23 
91 488 
351 353 
309 274 
293 129 
93 193 
235 383 
44 449 
401 53 
29 162 
413 277 
332 114 
354 47 
435 5 
118 31 
233 320 
88 248 
94 55 
102 282 
94 78 
88 14 
173 475 
286 3 
62 217 
289 27 
317 448 
333 114 
438 455 
435 329 
45 446 
273 103 
272 186 
53 116 
191 253 
266 332 
278 166 
329 463 
140 209 
379 112 
72 339 
389 307 
351 301 
467 134 
258 405 
287 103 
180 368 
77 500 
286 105 
228 463 
47 279 
353 188 
163 223 
347 68 
314 432 
236 135 
331 479 
69 202 
270 252 
397 189 
190 102 
364 318 
444 223 
58 463 
426 387 
378 104 
276 35 
36 65 
276 343 
299 403 
67 317 
228 20 
432 284 
470 463 
226 471 
343 156 
408 136 
65 366 
461 63 
377 147 
169 19 
191 192 
91 418 
62 465 
434 144 
267 105 
234 62 
341 470 
187 352 
267 180 
395 421 
161 131 
383 345 
129 474 
349 76 
415 73 
165 205 
179 323 
151 193 
356 148 
244 153 
196 29 
200 273 
253 250 
157 298 
404 382 
3 398 
318 305 
315 19 
214 278 
232 478 
125 480 
389 169 
294 428 