2
490 479 
660
377 438 
160 183 
56 242 
368 2 
171 429 
244 114 
253 99 
38 284 
221 429 
27 340 
119 246 
453 70 
391 375 
13 277 
111 273 
81 100 
218 243 
172 48 
375 88 
103 170 
106 189 
352 158 
63 55 
348 254 
55 73 
255 299 
201 407 
311 311 
42 37 
145 377 
351 187 
223 191 
24 171 
319 435 
480 348 
26 196 
174 93 
143 209 
4 346 
186 50 
380 182 
387 419 
125 330 
36 469 
164 432 
165 465 
230 76 
296 174 
310 424 
360 331 
149 87 
415 82 
128 122 
233 464 
275 188 
463 390 
110 372 
43 440 
10 282 
303 108 
470 290 
400 239 
383 62 
289 208 
163 420 
23 117 
27 183 
133 457 
315 60 
229 13 
354 306 
435 111 
164 254 
39 319 
480 319 
248 246 
411 449 
100 292 
235 146 
10 401 
248 444 
474 395 
346 262 
248 69 
86 59 
437 191 
40 281 
211 201 
400 114 
421 455 
208 309 
358 431 
216 200 
384 309 
385 56 
240 418 
293 192 
273 96 
125 327 
478 9 
243 183 
338 466 
307 161 
389 156 
353 407 
223 117 
396 391 
198 424 
404 73 
379 105 
408 462 
45 351 
69 316 
461 4 
417 478 
295 362 
347 383 
234 440 
184 284 
97 382 
32 154 
407 80 
359 234 
430 435 
436 314 
95 220 
439 393 
267 440 
310 30 
450 275 
453 410 
209 287 
309 326 
213 129 
306 105 
173 361 
468 1 
434 77 
283 343 
66 404 
306 294 
370 260 
203 35 
150 86 
387 155 
113 153 
456 24 
56 49 
268 48 
23 469 
94 243 
475 202 
288 9 
34 105 
183 471 
133 136 
113 232 
108 269 
476 132 
349 188 
204 379 
85 172 
112 251 
220 231 
285 256 
178 420 
271 235 
308 329 
246 38 
378 80 
334 444 
370 56 
1 171 
83 428 
455 84 
104 329 
198 171 
172 42 
282 400 
288 37 
401 110 
177 422 
42 107 
382 73 
401 143 
217 462 
287 291 
335 40 
36 131 
482 90 
87 346 
372 436 
300 63 
456 83 
250 243 
88 317 
461 402 
405 377 
156 352 
304 41 
126 465 
103 388 
405 206 
69 21 
447 412 
419 95 
189 207 
145 468 
118 281 
431 381 
49 414 
427 457 
43 286 
176 233 
335 402 
170 310 
182 270 
8 307 
389 106 
348 447 
105 461 
384 175 
182 8 
192 424 
159 5 
115 4 
397 204 
92 445 
486 247 
301 268 
6 73 
317 340 
457 260 
297 407 
262 93 
46 277 
122 184 
406 479 
53 274 
53 357 
119 22 
346 458 
5 130 
251 18 
173 196 
332 328 
387 316 
347 475 
271 374 
385 444 
118 58 
427 425 
6 440 
299 244 
415 190 
186 162 
105 269 
340 230 
294 330 
422 218 
345 417 
465 283 
78 354 
410 444 
150 241 
24 114 
190 185 
177 313 
42 368 
394 194 
240 363 
434 251 
391 464 
16 419 
368 78 
178 203 
25 35 
188 161 
444 461 
287 207 
52 451 
339 313 
295 166 
310 77 
254 147 
440 29 
165 147 
332 132 
190 343 
298 366 
326 353 
378 408 
176 287 
365 406 
50 333 
124 435 
42 149 
402 155 
16 465 
429 193 
95 329 
89 457 
354 343 
332 202 
355 381 
366 310 
464 35 
472 87 
275 97 
421 159 
412 220 
66 311 
166 203 
357 324 
362 94 
440 105 
105 130 
310 402 
65 387 
333 150 
249 6 
162 425 
357 187 
89 336 
331 111 
112 437 
242 292 
11 294 
23 322 
68 313 
86 448 
186 80 
318 380 
141 79 
465 291 
231 270 
261 169 
148 83 
451 54 
83 393 
33 100 
83 169 
471 403 
468 425 
423 106 
409 28 
161 58 
430 330 
442 184 
487 225 
45 446 
228 128 
333 184 
78 120 
345 216 
386 381 
31 28 
91 359 
147 326 
227 102 
442 217 
138 187 
43 118 
396 431 
107 170 
196 278 
427 469 
94 309 
450 323 
226 460 
84 196 
194 197 
466 141 
38 225 
163 195 
100 112 
485 339 
3 400 
239 286 
170 386 
92 94 
48 285 
187 158 
271 363 
214 462 
283 116 
459 462 
355 60 
117 95 
412 363 
84 434 
221 318 
269 261 
169 323 
293 34 
382 59 
52 296 
173 342 
120 84 
465 380 
190 476 
333 433 
71 229 
367 221 
317 415 
195 456 
159 407 
234 448 
226 226 
152 228 
436 147 
378 202 
364 418 
183 202 
360 411 
12 93 
6 42 
369 127 
228 156 
400 33 
299 362 
115 237 
283 231 
148 66 
220 106 
419 321 
114 179 
173 184 
468 210 
82 140 
380 159 
328 55 
313 164 
352 247 
169 216 
254 411 
77 65 
375 331 
303 29 
31 125 
284 141 
363 9 
196 434 
454 371 
151 463 
274 286 
279 164 
196 92 
462 231 
146 449 
372 279 
98 300 
11 215 
166 260 
388 196 
8 89 
308 91 
322 160 
341 352 
71 206 
412 138 
272 29 
170 96 
290 352 
151 175 
443 46 
104 402 
398 227 
20 438 
120 264 
412 67 
147 133 
473 365 
482 252 
465 36 
75 235 
332 306 
166 158 
302 307 
247 79 
225 232 
125 120 
359 257 
218 474 
248 464 
96 44 
140 228 
19 381 
330 435 
138 288 
189 447 
106 474 
322 295 
262 440 
324 353 
190 80 
42 328 
124 163 
124 177 
22 204 
272 197 
170 395 
453 185 
296 317 
24 315 
265 407 
131 422 
110 16 
104 213 
220 409 
83 475 
484 65 
47 109 
115 197 
482 199 
32 162 
139 16 
14 239 
224 325 
486 51 
236 323 
339 207 
64 155 
29 387 
237 233 
34 295 
296 420 
206 345 
176 258 
46 461 
385 264 
34 279 
4 299 
6 182 
56 236 
280 316 
219 273 
415 397 
80 3 
236 296 
469 67 
156 291 
471 119 
454 51 
470 307 
199 198 
146 403 
186 133 
126 72 
306 176 
318 388 
280 52 
252 367 
269 472 
100 134 
483 12 
469 79 
26 418 
431 79 
117 153 
36 458 
30 28 
275 443 
211 401 
320 276 
1 136 
231 365 
51 260 
229 417 
135 259 
305 334 
341 144 
135 239 
460 287 
138 30 
350 332 
349 325 
247 419 
133 304 
443 275 
258 19 
165 22 
190 327 
257 452 
453 34 
277 194 
277 376 
176 469 
202 233 
159 296 
120 365 
223 413 
238 280 
360 253 
380 91 
52 136 
455 129 
125 18 
119 138 
89 374 
355 70 
313 197 
158 21 
227 339 
105 222 
363 323 
486 223 
151 61 
286 215 
157 181 
401 199 
163 117 
181 471 
404 351 
437 325 
83 91 
22 414 
195 212 
173 191 
118 103 
178 61 
14 469 
259 473 
242 326 
266 303 
2 225 
27 423 
189 107 
407 433 
138 144 
176 72 
347 397 
319 86 
30 339 
186 250 
149 428 
3 192 
226 119 
127 249 
234 97 
484 237 
351 258 
201 2 
271 223 
249 248 
215 286 
398 380 
249 103 
441 214 
8 224 
322 138 
123 319 
67 73 
429 229 
241 198 
413 324 
309 76 
35 286 
352 445 
184 251 