2
415 441 
610
151 218 
50 46 
187 5 
121 227 
285 43 
354 277 
213 95 
32 313 
261 230 
8 77 
84 104 
360 254 
173 169 
142 344 
78 100 
124 399 
173 256 
332 45 
77 428 
206 148 
345 284 
223 55 
330 314 
120 350 
98 152 
216 230 
369 7 
196 112 
115 231 
39 305 
54 157 
313 231 
344 63 
263 143 
156 32 
302 217 
191 177 
301 43 
319 409 
278 392 
223 215 
225 11 
334 320 
73 352 
31 155 
355 368 
152 427 
292 441 
318 361 
410 118 
238 57 
28 120 
345 376 
333 114 
144 263 
261 80 
174 419 
116 128 
414 360 
174 386 
107 250 
85 119 
359 393 
201 22 
13 257 
266 150 
168 66 
152 48 
263 97 
154 318 
228 381 
96 5 
144 166 
369 234 
259 102 
175 134 
310 400 
314 298 
241 160 
399 109 
268 197 
190 420 
165 178 
16 91 
403 26 
113 186 
109 64 
125 346 
77 62 
408 289 
294 352 
398 427 
368 195 
227 149 
154 125 
350 405 
142 372 
226 15 
47 426 
179 364 
212 287 
217 439 
169 16 
183 27 
123 154 
87 179 
94 232 
290 265 
253 123 
268 239 
52 286 
238 70 
67 68 
92 403 
7 347 
155 37 
121 141 
174 436 
349 11 
336 205 
213 329 
230 94 
71 136 
365 2 
64 112 
209 352 
300 149 
82 363 
269 83 
24 195 
232 2 
278 378 
363 12 
163 383 
155 170 
190 75 
58 356 
53 55 
206 99 
259 328 
147 106 
269 96 
410 357 
254 271 
374 173 
341 205 
92 283 
249 348 
115 69 
82 349 
334 162 
37 144 
375 288 
151 178 
54 105 
258 99 
190 331 
373 99 
269 6 
133 269 
149 149 
207 195 
148 264 
142 429 
12 59 
297 195 
399 4 
19 144 
33 96 
362 312 
382 218 
153 411 
64 10 
116 241 
210 36 
261 325 
6 67 
130 198 
138 118 
299 426 
38 143 
49 89 
221 237 
217 410 
155 437 
158 228 
321 11 
23 219 
295 15 
29 230 
94 13 
224 433 
118 74 
276 205 
233 408 
99 345 
349 97 
308 160 
82 335 
150 25 
379 125 
12 7 
193 287 
247 405 
292 175 
294 3 
242 200 
321 350 
21 255 
81 212 
110 186 
91 355 
89 285 
55 61 
278 292 
54 302 
158 19 
3 133 
351 207 
225 330 
142 202 
367 422 
73 326 
293 344 
311 41 
330 173 
311 312 
259 291 
220 205 
51 17 
248 188 
35 420 
348 246 
344 32 
257 203 
145 92 
74 395 
223 63 
264 69 
214 268 
99 293 
234 313 
123 4 
42 284 
289 386 
296 391 
245 183 
121 200 
375 239 
56 287 
204 310 
411 337 
112 230 
301 18 
241 245 
45 177 
301 301 
301 112 
24 17 
65 401 
399 50 
63 50 
80 384 
190 239 
256 22 
372 155 
110 107 
120 244 
94 303 
333 17 
237 254 
1 330 
35 380 
363 198 
107 346 
388 430 
56 369 
371 28 
408 406 
408 150 
201 341 
70 178 
207 100 
315 382 
401 387 
153 58 
50 327 
232 439 
207 424 
304 279 
10 148 
95 400 
166 287 
234 170 
203 387 
49 51 
201 100 
157 114 
370 338 
246 201 
12 267 
80 411 
318 375 
310 283 
306 205 
94 66 
212 21 
266 62 
223 260 
28 151 
76 241 
278 399 
24 382 
15 335 
5 342 
316 368 
126 319 
101 154 
397 46 
160 421 
398 87 
238 113 
308 36 
191 116 
277 316 
202 356 
217 135 
110 222 
66 81 
409 120 
208 20 
345 429 
113 187 
310 401 
51 162 
356 421 
361 5 
65 361 
352 379 
309 277 
209 19 
93 112 
381 319 
103 380 
68 311 
78 72 
324 108 
129 132 
314 8 
53 22 
269 267 
165 56 
215 47 
236 137 
344 268 
82 327 
28 311 
322 210 
333 110 
257 438 
382 170 
357 180 
192 239 
75 1 
72 337 
28 92 
10 292 
367 182 
210 46 
284 94 
278 362 
121 211 
18 383 
364 76 
216 362 
75 205 
307 53 
194 263 
12 432 
134 324 
100 422 
168 21 
200 424 
385 227 
390 250 
212 99 
125 41 
77 115 
159 285 
233 153 
149 421 
158 358 
203 237 
263 236 
341 81 
107 264 
144 138 
115 98 
153 50 
373 128 
131 390 
143 151 
301 303 
319 81 
296 122 
407 273 
282 424 
167 188 
136 440 
117 184 
158 117 
98 339 
78 85 
390 2 
404 231 
324 157 
280 305 
266 79 
338 250 
270 391 
399 280 
240 95 
293 55 
79 376 
41 220 
204 294 
10 365 
81 117 
2 303 
390 255 
240 249 
186 176 
169 154 
64 290 
173 161 
74 169 
233 145 
2 429 
303 228 
157 1 
375 206 
249 270 
60 331 
349 387 
212 100 
30 325 
135 312 
121 421 
221 288 
331 133 
176 91 
156 102 
224 268 
49 15 
362 177 
119 284 
196 429 
60 124 
414 175 
252 199 
333 427 
90 428 
213 309 
250 141 
171 284 
305 73 
240 2 
19 426 
78 373 
391 200 
166 405 
19 266 
384 51 
344 407 
393 9 
238 438 
251 181 
259 264 
92 209 
128 243 
382 78 
105 36 
276 285 
260 160 
194 24 
328 397 
170 348 
162 75 
369 187 
271 40 
94 25 
261 119 
411 36 
278 148 
248 332 
412 75 
164 334 
7 141 
202 225 
139 253 
267 125 
93 19 
407 233 
343 40 
172 30 
356 418 
22 55 
111 396 
191 107 
406 181 
307 104 
34 65 
284 98 
319 108 
280 203 
45 88 
219 404 
386 205 
111 102 
258 250 
26 112 
320 117 
264 187 
364 381 
60 44 
158 26 
303 180 
253 98 
11 63 
242 191 
6 415 
238 308 
167 203 
367 158 
118 211 
289 251 
359 403 
38 56 
70 418 
150 269 
197 300 
398 365 
233 286 
191 260 
83 52 
274 31 
30 124 
35 88 
8 297 
96 231 
16 190 
307 228 
115 142 
250 230 
296 426 
217 325 
198 113 
396 342 
121 224 
34 398 
155 349 
203 422 
200 264 
317 166 
247 193 
148 167 
217 193 
33 264 
91 38 
190 24 
183 237 
302 94 
250 406 
375 429 
352 56 
304 119 
128 58 
302 394 
361 261 
158 123 
320 254 
357 281 
280 13 
358 202 
86 414 
356 280 
177 133 
77 110 
283 142 
212 213 
76 191 
182 385 
45 67 
97 396 
317 237 
179 179 
291 323 
262 144 
193 101 
379 394 
23 246 
152 210 
271 345 
299 15 
96 273 
300 261 
83 279 
328 151 
159 126 
84 129 