500 500 1000
141 408 606
166 313 263
100 175 996
132 164 847
308 218 971
90 322 436
61 282 552
323 484 855
420 71 252
298 147 100
212 173 726
111 467 882
298 164 559
255 363 889
371 7 68
308 494 104
205 318 400
301 291 609
289 303 633
262 358 797
392 376 116
359 202 674
467 474 849
295 181 994
33 351 653
223 228 194
354 362 869
409 233 547
476 312 620
356 154 875
455 293 727
46 100 272
115 392 276
89 27 999
68 442 154
235 299 39
386 407 596
154 422 113
261 274 333
81 208 321
363 241 394
60 280 170
220 183 995
281 448 472
382 279 700
298 483 779
221 113 275
384 202 61
74 5 899
9 259 908
42 474 250
468 236 861
253 179 898
316 107 912
377 175 664
89 129 956
414 324 98
485 198 50
402 137 62
477 25 580
417 308 692
140 335 354
189 221 422
50 390 940
124 253 754
384 96 845
329 231 193
7 62 486
271 276 333
46 164 712
253 265 126
371 224 71
409 419 838
17 168 759
386 126 914
182 116 538
10 118 829
58 270 232
401 371 254
9 382 968
500 426 756
150 469 443
135 461 932
318 80 533
217 331 712
152 243 620
353 437 30
368 21 680
193 179 459
50 350 500
250 286 853
233 267 717
419 491 697
217 195 779
140 391 875
258 480 834
219 188 151
188 123 165
339 239 406
414 195 313
453 361 789
211 291 306
386 490 843
294 455 804
454 246 779
250 232 784
26 491 518
116 455 552
177 403 365
51 334 591
322 273 946
406 121 992
326 375 230
47 152 206
100 178 2
72 236 661
232 258 54
53 102 862
385 413 618
304 177 476
253 15 916
193 177 580
371 174 356
155 74 919
6 390 475
410 493 104
399 199 265
291 262 989
383 101 680
342 197 49
16 194 160
349 168 588
221 205 735
315 497 943
314 358 134
313 283 878
247 29 443
303 176 436
209 415 473
164 442 543
299 209 654
334 189 491
339 191 165
121 157 626
165 103 260
193 346 589
61 79 663
414 149 869
15 453 769
249 230 827
74 32 110
256 160 698
271 111 7
265 191 86
351 80 846
65 32 121
90 286 268
376 50 100
442 145 236
223 168 46
282 159 291
428 135 610
53 122 799
471 237 645
373 274 761
232 354 120
34 288 836
160 86 219
460 358 140
155 139 228
361 483 209
117 70 212
345 247 992
254 378 818
183 361 987
160 200 381
195 31 702
256 324 775
394 177 370
383 431 253
157 389 162
66 470 361
229 66 630
487 192 579
313 210 174
67 340 295
212 379 216
490 385 253
421 76 223
367 166 804
360 57 486
416 32 703
458 276 836
282 203 398
219 353 840
258 198 214
306 145 218
231 459 543
64 169 652
276 75 519
94 235 858
72 91 706
121 205 909
490 250 963
337 488 628
442 39 913
478 355 561
220 126 546
477 396 129
434 435 994
56 213 128
186 258 200
338 400 372
336 243 267
453 307 893
63 286 471
247 199 619
98 352 373
132 161 513
148 414 589
330 81 300
331 186 411
261 280 114
402 105 115
96 184 331
485 457 61
456 347 772
231 229 888
22 298 960
314 492 526
455 83 508
450 135 655
125 422 711
423 373 993
166 128 559
1 53 288
182 131 733
56 36 494
488 87 774
85 237 104
438 394 797
138 419 516
430 223 824
116 5 277
60 203 590
477 12 357
255 7 267
109 28 90
141 76 231
431 15 570
150 471 844
79 43 194
59 191 702
278 34 928
69 83 956
189 262 973
201 104 413
487 477 355
399 383 153
60 395 621
187 319 380
55 349 553
438 427 330
478 81 102
368 343 651
80 441 612
363 485 595
78 409 712
421 3 315
361 114 319
196 254 790
284 76 130
402 493 466
398 75 286
493 250 744
160 439 889
108 390 421
307 416 924
113 295 187
436 365 221
355 489 62
440 463 645
18 372 573
305 186 43
283 98 184
238 191 790
473 484 764
401 340 119
472 118 141
63 7 163
5 29 830
255 287 396
163 183 999
68 398 197
25 450 546
298 156 952
80 34 438
281 15 303
351 189 351
100 455 756
472 464 384
67 91 95
214 316 798
480 84 122
382 224 560
126 467 272
294 175 816
480 364 655
86 443 430
358 198 891
109 314 147
163 368 404
492 381 365
64 318 535
52 97 504
371 413 373
205 224 608
6 284 928
472 460 82
152 387 677
456 395 763
249 235 401
156 348 378
237 177 174
44 104 694
460 218 508
77 429 853
329 252 241
63 367 254
427 262 966
20 55 361
462 450 743
471 159 214
58 361 289
229 150 400
30 80 345
239 258 413
349 34 621
355 121 856
461 327 510
284 375 44
269 221 823
243 319 561
273 149 916
72 396 167
495 22 303
345 396 161
471 61 937
442 213 663
115 103 348
408 110 51
119 418 490
257 248 937
453 222 104
171 327 471
135 353 748
31 427 548
359 136 274
101 279 250
149 284 329
302 35 346
17 431 734
251 188 779
441 267 242
487 369 390
430 374 689
222 214 255
90 456 104
189 360 539
92 405 659
71 250 784
389 252 254
256 204 718
73 421 843
499 133 161
201 299 874
229 233 936
390 170 102
275 18 648
267 83 531
413 315 17
169 401 92
349 493 436
48 163 824
352 66 933
288 255 612
394 109 443
208 245 50
288 296 556
351 306 84
450 85 656
252 387 318
175 318 645
122 96 692
279 262 42
109 122 870
135 400 248
270 418 987
456 248 239
70 28 452
47 282 103
411 126 815
206 117 89
287 111 899
155 87 380
131 105 225
254 131 400
44 166 173
475 73 92
260 276 249
297 298 127
19 133 481
288 458 578
82 378 662
25 349 154
71 88 276
184 490 244
494 29 908
322 109 148
195 8 639
307 242 928
185 366 63
246 91 790
347 37 295
442 124 539
28 394 419
35 175 999
325 190 41
15 125 510
102 450 434
310 362 686
336 302 158
231 473 336
183 174 26
478 476 527
407 69 539
344 333 65
165 431 38
80 385 692
243 205 411
363 376 366
65 72 767
188 329 519
324 320 609
297 289 728
107 123 425
140 220 118
243 26 563
20 360 989
93 142 761
460 315 426
363 33 282
278 22 878
50 345 967
6 460 590
430 466 447
290 193 875
424 78 529
133 197 155
254 118 157
11 144 993
245 132 989
271 126 528
438 403 235
114 372 257
418 483 520
195 93 488
216 252 537
181 88 226
256 49 22
399 37 267
159 459 818
454 239 508
483 393 353
207 229 537
222 386 124
100 485 403
371 347 611
134 281 94
81 251 835
486 379 627
290 349 983
166 280 559
304 401 159
46 201 519
45 295 197
129 345 886
373 317 368
57 5 597
394 100 270
497 281 12
355 3 692
487 441 563
495 72 273
221 492 56
107 136 120
433 44 994
493 117 72
99 87 569
349 318 213
143 19 564
120 12 990
425 123 758
327 484 173
178 170 993
257 234 562
279 308 228
347 54 419
386 402 686
174 349 158
391 48 253
323 181 475
227 435 148
390 129 703
348 390 713
490 282 696
333 36 688
171 420 748
97 199 453
368 278 118
203 454 242
27 285 179
252 121 351
200 216 365
78 130 189
48 452 636
291 298 993
487 309 917
258 498 418
81 95 335
483 397 839
201 27 403
364 68 180
158 377 734
352 322 403
419 283 603
435 393 85
295 262 622
6 325 788
450 214 761
45 429 747
156 210 771
302 216 380
122 476 291
456 247 659
356 336 376
367 378 97
474 499 224
157 431 105
498 61 618
190 342 715
410 19 70
41 128 838
107 78 426
464 20 674
343 186 897
207 350 201
217 435 881
163 403 465
313 468 399
364 430 486
368 8 381
216 358 130
367 232 394
281 234 707
302 454 175
100 37 456
287 210 942
6 267 512
413 285 224
400 438 677
433 442 65
173 120 9
150 364 183
137 420 913
141 141 713
382 105 85
331 113 255
388 414 407
131 132 291
297 406 75
439 119 737
172 67 453
490 275 346
498 135 505
148 361 214
264 170 606
134 268 104
10 488 937
206 31 436
274 81 664
26 309 700
468 154 437
367 287 356
142 128 468
294 2 959
334 297 856
500 41 174
477 148 540
49 232 700
130 66 205
82 246 263
129 193 715
450 326 777
270 296 842
345 278 878
30 342 16
37 133 256
188 195 615
58 415 912
169 468 24
92 343 460
260 303 9
154 272 151
373 393 669
249 328 838
331 212 515
196 228 743
474 344 881
204 202 671
25 158 114
112 424 921
158 499 109
141 116 787
30 426 718
303 225 969
42 352 685
338 137 40
3 447 236
256 391 936
417 164 762
476 133 536
375 212 776
400 16 935
13 91 936
191 328 440
251 31 879
79 132 616
348 63 255
147 271 183
201 251 601
24 459 314
171 290 298
299 192 603
86 341 40
314 98 577
423 106 398
58 118 370
124 362 405
58 183 790
272 265 529
427 107 617
125 136 43
232 254 627
22 483 427
177 310 907
38 255 989
471 28 922
415 186 762
242 315 177
499 122 361
244 54 820
455 15 70
135 176 130
435 154 539
85 498 26
147 286 665
262 84 239
213 147 989
42 296 737
253 26 823
222 155 77
107 125 308
232 63 500
234 129 928
87 327 630
153 485 197
70 213 685
397 144 493
335 327 572
442 40 108
219 347 879
17 403 569
304 351 681
57 63 676
283 241 207
465 29 280
16 161 241
341 89 967
316 65 462
289 254 321
332 251 667
354 399 70
95 421 294
183 195 419
451 282 260
394 312 525
301 217 148
120 394 213
13 197 945
414 46 229
61 78 875
65 497 662
274 131 279
345 40 543
418 58 605
193 324 253
259 185 202
162 185 944
93 39 23
23 405 423
89 203 935
33 398 57
39 12 671
465 109 170
484 190 396
229 244 482
88 48 242
457 47 688
482 143 594
377 237 278
279 163 115
207 371 265
419 193 686
396 35 57
418 154 256
430 45 275
425 463 982
492 327 124
24 90 945
444 475 395
185 161 192
91 293 618
169 366 677
129 289 693
367 73 513
251 86 430
382 91 343
201 31 691
32 365 370
94 261 80
338 234 21
416 107 781
428 119 734
90 328 466
317 496 697
236 268 875
50 444 3
318 194 130
442 132 753
421 348 179
80 202 486
273 399 742
240 461 806
237 26 748
107 218 373
249 377 228
78 114 705
294 260 719
162 481 668
275 84 259
490 386 950
290 306 40
340 256 579
187 72 999
257 283 684
343 300 258
459 283 849
102 471 120
24 304 922
241 189 602
107 30 368
441 367 121
479 179 999
117 195 64
332 238 750
136 296 972
261 42 599
193 340 762
243 484 433
413 104 350
332 131 929
193 73 424
446 208 715
245 409 42
272 343 672
124 35 621
123 453 711
310 397 250
111 49 44
293 437 800
410 435 668
214 248 931
433 5 503
282 39 775
335 287 973
78 264 883
115 129 156
190 263 516
271 116 455
269 320 849
247 477 17
209 229 155
398 348 504
177 195 192
191 127 625
433 323 864
490 153 451
342 364 801
222 247 369
304 131 758
404 115 102
314 164 714
349 312 519
474 325 803
219 289 274
259 96 441
45 170 845
174 364 646
499 111 437
352 354 628
139 467 690
419 288 461
347 268 482
106 197 195
319 327 102
192 208 272
226 273 154
229 32 569
175 239 152
478 84 80
212 164 56
297 329 213
229 358 425
192 325 338
198 38 794
453 499 39
353 339 260
360 79 908
285 497 490
233 379 82
231 74 557
383 228 1
108 274 379
74 209 567
278 397 641
247 39 782
146 210 548
398 461 598
356 190 100
266 219 611
239 26 92
346 175 976
206 431 270
60 248 528
27 313 782
422 284 953
203 137 244
85 80 207
120 345 130
55 350 928
309 54 1
398 183 702
458 184 836
241 43 70
499 98 339
495 177 687
145 473 337
186 268 205
474 425 635
440 65 396
313 274 746
57 361 11
358 423 886
440 478 569
450 18 475
413 154 933
448 42 939
273 129 926
308 306 523
221 28 546
11 268 420
110 167 759
297 449 266
77 396 476
76 494 930
486 391 226
113 8 560
115 443 915
374 45 56
198 176 840
416 37 818
129 499 548
143 313 263
387 256 421
304 203 105
212 210 789
404 11 665
78 137 370
2 61 645
166 376 842
349 407 943
418 30 726
19 121 581
160 326 358
157 121 362
441 356 655
202 164 661
107 175 83
165 89 627
434 89 318
300 370 373
267 68 48
165 227 640
383 12 163
14 1 292
185 226 93
92 3 635
318 60 134
71 306 629
299 351 650
321 286 15
467 27 882
475 205 430
462 306 213
111 377 58
35 140 333
131 165 313
98 20 619
454 66 148
3 473 662
258 307 690
12 59 152
419 380 697
134 166 159
329 387 44
500 270 855
473 445 645
352 113 480
257 479 354
150 180 195
434 274 418
80 124 816
248 443 582
18 323 714
247 221 906
499 184 775
413 153 589
465 355 270
302 340 462
250 59 671
418 482 431
36 281 841
268 7 713
235 244 507
124 299 296
293 172 825
46 18 90
350 75 35
348 52 672
51 126 977
21 170 84
168 290 68
315 320 996
70 280 666
321 383 570
357 299 672
311 165 640
136 100 596
462 233 573
400 77 880
282 26 609
317 111 956
398 5 453
497 240 696
46 175 636
69 181 50
115 19 285
476 21 866
51 290 71
243 482 887
163 467 716
364 110 27
365 6 749
392 389 773
344 97 765
199 161 72
219 105 889
395 231 255
92 27 807
480 124 312
448 210 717
395 298 519
383 311 725
482 384 249
103 482 503
394 31 986
335 425 632
347 231 715
391 12 121
