500 500 100
43 278 603
50 241 837
180 115 368
378 419 726
471 149 750
141 372 635
438 375 58
127 243 231
305 118 630
381 452 517
57 497 600
93 69 972
53 96 22
304 94 553
162 25 554
415 17 277
151 264 588
364 485 127
401 323 357
37 491 20
340 145 126
138 387 119
419 247 146
178 275 751
42 170 248
355 269 464
32 96 283
335 455 615
313 384 381
318 370 155
408 240 497
495 119 993
279 277 336
429 171 166
28 26 892
426 456 615
64 337 241
278 311 714
371 487 549
424 65 150
165 387 147
35 402 472
360 278 224
150 45 132
180 319 885
185 174 255
197 74 699
371 33 442
197 366 56
274 452 479
229 439 463
473 483 383
247 117 786
75 299 941
413 2 489
191 212 358
442 199 669
174 197 700
333 27 557
28 217 782
105 361 219
263 349 311
104 373 1
410 107 206
65 233 902
358 100 432
97 306 612
450 343 238
474 289 339
251 285 733
285 419 260
326 123 208
62 48 751
166 214 220
493 500 637
364 221 865
344 267 149
145 108 872
131 323 9
32 72 468
440 452 18
301 412 38
222 11 459
413 455 614
232 483 712
12 53 485
361 224 461
272 305 873
241 464 447
18 149 620
420 389 230
135 425 153
281 200 6
495 324 473
41 234 467
214 18 595
320 385 185
44 179 480
278 348 441
15 118 834
