500 500 100
463 24 175
446 128 892
26 430 408
61 55 96
27 256 290
255 145 623
479 89 788
304 77 872
354 87 408
411 461 607
207 224 340
7 230 737
103 255 115
66 171 330
155 183 221
155 261 83
445 328 75
438 88 224
110 150 372
141 11 507
298 382 701
266 288 475
157 45 33
160 128 831
365 132 686
259 107 837
338 372 901
327 87 601
194 318 122
10 183 176
56 217 748
237 340 753
120 35 194
468 270 189
397 429 321
270 150 281
95 37 295
73 92 595
37 472 980
139 160 223
254 39 221
277 184 308
447 241 749
240 242 747
362 462 330
281 381 80
295 192 689
470 45 139
147 167 169
118 210 707
203 440 483
473 171 921
233 185 472
240 294 35
303 166 6
174 312 262
216 73 517
234 356 264
1 335 13
75 292 50
365 68 710
116 439 424
88 353 94
306 55 771
353 178 250
364 121 327
172 445 81
172 17 347
316 478 662
279 203 261
223 167 389
61 331 541
498 398 488
375 230 810
204 403 321
338 427 459
200 87 237
38 208 801
446 377 973
15 62 668
395 84 284
89 401 544
445 12 264
225 260 789
113 160 931
175 13 23
468 351 75
113 186 601
149 137 509
99 129 461
135 257 334
205 8 870
256 277 268
242 69 975
338 19 696
57 85 238
352 193 328
472 215 723
496 110 710
319 194 672
