500 500 100
255 215 104
472 191 427
30 240 197
82 343 958
57 195 917
481 98 815
128 416 206
69 112 958
254 183 196
103 13 355
480 312 337
21 289 988
462 291 328
396 380 111
73 59 118
23 375 604
400 296 437
94 39 318
436 128 418
457 195 515
78 383 7
384 448 479
153 132 217
121 445 901
189 45 830
272 46 396
32 96 175
331 212 389
106 205 685
215 332 178
249 387 615
172 29 394
57 17 474
191 317 841
17 343 530
357 453 386
121 329 55
164 462 931
266 409 348
1 179 625
149 439 994
49 396 854
96 454 665
234 427 639
134 211 24
302 24 308
340 46 624
192 157 687
281 299 759
251 38 631
94 392 278
104 325 515
53 391 819
274 333 567
107 37 407
428 295 594
496 403 686
169 499 908
190 442 243
489 455 702
199 289 386
406 226 146
300 436 729
318 179 696
330 334 753
466 165 419
294 167 756
238 287 266
349 240 944
446 359 765
107 53 918
404 239 286
295 40 35
70 299 516
153 468 121
23 307 211
232 43 250
472 225 983
121 126 632
154 106 225
403 201 730
5 441 913
471 24 623
20 126 142
93 381 133
37 316 152
255 271 965
438 483 487
197 373 451
368 69 956
3 186 198
215 462 392
437 453 76
58 497 680
288 374 433
356 197 593
496 500 40
199 491 533
272 9 790
317 466 51
