500 500 1000
345 372 43
371 479 425
213 33 774
70 35 156
83 267 581
134 4 854
2 301 540
285 461 196
43 59 423
405 304 827
50 435 742
365 328 240
173 220 309
369 132 467
482 277 120
26 186 682
15 78 60
391 11 915
351 59 974
462 188 161
182 364 932
330 48 248
352 168 161
278 479 22
171 404 950
200 126 715
439 478 103
411 357 148
120 261 532
341 364 834
300 386 835
228 173 50
119 182 754
329 411 727
53 149 732
341 231 839
307 33 116
148 55 113
277 39 826
375 454 817
96 342 953
227 125 18
268 9 583
494 373 837
141 365 3
270 311 485
178 68 121
279 487 132
397 40 717
478 139 601
417 172 755
377 424 962
413 56 91
413 187 24
54 86 115
496 408 716
465 167 979
403 345 644
89 358 241
206 359 718
336 322 294
140 91 847
343 107 25
496 71 581
77 71 169
176 499 310
118 66 316
201 163 356
358 485 808
380 428 800
11 314 891
182 473 979
489 128 99
248 422 437
175 205 71
374 241 430
429 78 580
492 151 25
21 492 819
116 498 577
208 465 832
110 153 385
490 486 429
130 137 839
336 342 734
300 329 893
192 427 62
108 390 86
164 248 816
3 165 194
405 285 955
349 344 302
182 134 701
397 490 451
138 191 457
11 194 966
155 399 744
170 275 367
3 385 7
468 416 8
359 466 996
441 200 69
175 478 513
111 198 832
222 73 516
70 266 194
484 63 346
407 108 730
289 138 906
195 32 41
6 280 385
358 27 23
433 106 624
158 455 550
24 172 224
297 224 688
394 70 923
224 259 347
384 303 110
472 427 372
411 164 791
459 474 119
471 308 663
481 318 843
100 427 332
83 290 847
389 389 170
433 102 211
417 2 872
382 115 610
131 30 16
259 300 596
53 324 758
485 436 671
238 162 68
206 14 562
432 89 531
457 204 892
197 441 808
484 59 747
219 137 965
284 228 514
273 298 860
458 265 97
261 161 722
308 371 160
426 137 876
499 4 953
346 245 560
180 100 176
90 455 811
111 416 14
318 412 817
72 15 588
269 491 432
302 361 438
392 456 117
289 217 800
192 423 40
201 51 189
350 23 894
376 153 561
249 454 839
111 352 525
386 180 752
488 283 549
497 276 314
18 163 716
150 262 512
347 44 563
200 136 752
121 352 217
59 92 461
62 374 903
198 137 135
136 416 345
203 280 649
451 231 865
263 279 654
361 114 455
346 148 791
324 83 339
450 411 168
274 420 60
358 190 596
37 398 187
349 438 197
37 39 442
300 177 691
4 423 709
440 276 881
389 370 467
333 90 886
491 474 998
469 204 591
273 497 963
249 398 963
448 54 47
70 199 775
421 130 661
162 335 875
445 261 18
106 359 677
464 17 251
292 274 42
237 242 652
151 100 433
252 99 397
278 347 343
44 84 513
7 401 186
411 215 86
391 280 266
82 226 913
148 371 65
104 382 262
460 389 237
497 495 377
121 229 287
380 181 787
312 75 953
101 164 653
280 14 844
139 202 458
379 446 19
193 157 459
115 307 110
115 106 339
259 294 389
461 395 788
1 460 86
192 375 110
306 494 854
18 55 247
398 319 546
116 268 359
430 290 179
332 466 51
341 141 258
435 213 699
328 332 250
241 230 282
105 47 587
405 269 136
134 417 266
51 32 911
240 346 258
393 51 371
429 102 699
307 111 966
270 103 383
9 91 226
29 379 300
462 494 812
348 14 602
74 457 887
389 108 428
170 280 975
121 338 286
239 415 594
279 21 776
449 444 480
134 415 169
268 122 702
373 255 290
373 396 7
245 130 785
382 453 971
345 401 378
200 422 680
465 281 599
416 415 188
474 456 668
263 367 713
313 66 35
68 19 500
84 486 860
472 239 77
327 391 724
60 239 39
295 271 577
91 128 959
307 164 680
457 385 537
165 491 689
370 465 699
224 360 899
252 257 825
203 10 112
69 429 670
455 396 387
263 331 100
169 80 455
381 194 491
401 451 758
434 238 844
118 495 693
226 337 824
9 210 822
303 408 40
189 307 228
496 119 988
363 185 948
154 231 2
150 117 52
400 465 525
72 340 450
424 143 77
331 358 641
169 266 92
52 444 287
224 301 238
36 300 258
275 293 199
186 183 603
410 125 141
118 214 104
35 170 772
414 494 650
147 238 347
365 332 950
151 86 236
312 448 763
465 302 994
296 355 219
217 247 63
64 395 970
237 29 568
409 384 377
331 450 850
474 469 136
82 151 714
175 448 323
479 327 298
51 125 176
392 36 571
138 320 995
367 320 759
32 382 466
311 358 479
207 194 657
27 287 925
176 208 435
140 316 679
84 113 772
340 294 411
137 371 871
302 262 290
240 181 196
273 334 222
222 181 356
492 216 759
277 338 447
58 458 692
72 127 209
83 66 396
390 366 678
336 371 752
83 121 179
161 226 502
161 218 70
426 268 193
238 183 532
273 36 230
31 448 976
154 247 376
264 359 195
352 198 304
475 182 764
52 250 673
337 102 869
191 239 180
54 162 425
59 425 8
184 77 516
156 333 943
206 407 811
199 358 630
210 466 716
309 352 616
247 379 759
312 483 626
312 23 750
46 10 264
422 330 521
253 453 393
306 292 462
78 84 209
375 340 201
451 322 60
138 495 588
261 455 386
58 461 482
203 262 669
411 70 762
45 141 279
151 471 55
129 335 13
456 80 35
339 244 464
237 84 805
465 165 361
384 228 441
305 357 555
270 164 251
251 174 91
68 345 241
463 367 93
213 260 113
148 302 375
95 303 724
242 296 30
353 103 920
455 114 901
286 496 515
215 491 250
478 154 427
481 224 901
184 351 712
461 270 135
187 336 870
15 257 998
114 146 610
388 72 94
224 442 610
394 45 262
201 247 475
4 36 515
374 236 25
364 69 446
369 256 808
35 130 298
173 306 94
327 365 829
45 396 805
431 400 377
52 399 349
136 132 269
258 116 88
25 167 274
13 90 741
476 56 921
442 247 369
26 297 283
231 429 38
102 300 17
343 116 626
178 115 719
440 21 86
177 4 101
146 15 340
9 399 610
269 403 626
439 350 194
117 498 944
90 143 60
189 375 14
13 452 137
8 311 166
296 322 143
128 259 527
376 370 327
24 314 611
300 298 749
488 421 663
8 266 24
265 54 123
372 397 204
415 208 360
58 478 52
386 442 558
382 82 893
486 224 879
244 341 414
368 216 145
151 14 705
491 251 47
425 495 148
29 296 874
328 48 677
292 73 248
22 253 437
141 492 251
136 116 768
77 472 133
258 44 390
150 457 17
92 154 369
243 185 290
239 435 870
112 392 823
273 470 924
403 479 842
62 483 862
388 443 942
163 306 729
284 383 728
317 277 474
468 151 727
291 368 593
478 401 459
390 196 916
481 127 314
280 356 795
435 106 593
321 285 152
142 428 32
172 183 738
251 372 821
84 368 838
178 425 510
182 380 922
69 454 105
492 433 262
346 299 855
378 305 296
254 57 521
155 21 878
131 384 622
422 420 62
439 212 461
385 440 587
133 50 651
398 391 33
88 111 660
82 375 1000
464 203 456
237 50 325
356 21 869
287 340 739
39 330 165
176 36 563
139 386 15
253 234 429
329 207 894
427 478 517
351 331 804
448 421 244
483 241 590
5 406 578
324 430 263
362 177 869
491 319 805
231 170 504
111 57 737
412 323 230
189 474 265
99 55 358
45 480 322
198 395 123
169 319 339
7 437 603
165 53 978
30 463 544
59 450 737
317 66 885
420 130 841
393 283 989
420 376 895
475 466 906
29 350 315
409 55 108
154 128 665
199 82 5
489 204 885
335 109 542
274 272 629
4 375 461
76 57 188
395 155 538
333 443 11
279 220 555
62 359 173
148 98 436
229 44 843
256 284 928
219 209 908
176 267 197
188 125 502
286 373 239
364 163 300
49 75 612
495 60 493
494 287 270
467 278 154
222 24 237
39 382 737
52 69 340
45 235 856
23 283 453
442 490 357
283 403 412
299 80 671
371 177 59
322 161 409
50 29 798
75 97 548
384 56 813
307 161 490
423 366 799
120 330 577
481 309 848
4 409 210
481 272 612
251 297 822
490 488 400
227 170 788
282 85 977
467 14 200
294 493 144
182 128 950
360 498 144
209 144 71
479 397 521
193 18 840
9 325 869
153 95 288
99 500 792
172 480 16
271 285 569
96 395 128
258 198 134
190 302 325
204 176 915
483 286 521
369 433 608
139 461 408
158 398 545
338 463 197
467 406 344
59 39 264
249 164 978
363 12 587
94 211 417
50 317 191
210 146 740
111 283 647
55 321 294
370 272 779
231 231 622
255 242 201
195 138 2
435 48 188
5 333 219
92 459 375
152 230 257
321 86 276
321 362 971
70 388 769
480 374 842
227 457 724
439 132 386
135 237 498
194 367 140
224 211 782
485 121 338
209 496 441
431 309 646
91 310 610
441 461 239
231 479 69
318 456 860
288 422 354
188 317 577
188 98 824
4 472 358
339 191 169
107 380 731
168 310 48
447 35 763
247 217 714
311 64 421
172 281 942
141 453 468
312 352 282
21 91 338
163 138 536
284 411 152
156 451 300
87 110 182
443 52 953
211 499 525
224 327 122
164 152 878
422 197 405
66 134 913
323 358 447
12 223 295
244 103 683
359 297 760
271 384 162
230 477 176
283 359 538
251 481 680
447 280 209
473 289 170
401 496 105
158 165 112
73 313 315
405 310 279
244 262 285
470 292 191
398 249 437
354 380 132
231 191 547
41 230 749
461 345 955
31 403 345
224 283 868
34 364 932
478 495 332
55 387 475
136 72 803
152 318 526
233 439 979
156 113 323
294 169 26
436 401 396
433 330 24
411 219 212
79 60 548
402 90 254
331 477 684
302 80 525
235 494 244
374 353 590
172 106 956
170 490 345
497 336 307
343 479 443
413 62 988
196 73 421
60 314 617
97 289 866
186 110 986
263 307 498
231 91 879
361 334 957
147 483 905
477 489 859
12 165 4
437 280 872
177 21 729
16 205 406
398 461 110
483 233 520
51 352 490
322 27 455
273 69 141
15 243 797
95 97 62
478 377 448
463 444 594
138 363 309
30 206 946
259 143 335
173 251 84
250 294 545
472 163 591
158 53 67
268 10 670
160 329 578
98 418 188
164 63 391
411 211 602
94 42 668
487 263 534
315 45 975
238 188 417
190 103 689
327 393 542
380 350 178
59 232 247
432 457 452
194 354 949
179 345 505
184 359 238
254 142 179
192 344 698
397 77 419
60 234 435
372 309 142
302 61 944
98 124 128
47 29 360
207 213 313
184 294 947
176 57 239
96 209 245
418 152 295
222 78 822
11 463 76
123 28 439
49 323 958
227 210 235
446 375 555
445 100 811
249 11 941
498 260 27
427 87 760
264 382 627
334 192 537
228 226 58
35 327 468
270 305 846
115 286 272
8 456 599
122 277 508
442 119 22
316 309 386
252 83 671
370 220 524
270 133 210
236 209 449
304 200 259
434 323 426
289 375 434
107 369 732
285 186 898
5 327 938
37 310 618
39 306 504
220 55 302
385 214 65
365 289 720
386 127 472
150 431 993
258 331 276
199 416 453
296 39 879
471 494 569
63 388 697
441 51 390
426 12 190
295 294 294
295 63 105
340 469 994
359 150 865
399 122 242
260 441 595
126 380 600
350 142 392
194 217 211
323 135 170
413 496 981
99 405 951
323 160 62
219 454 212
466 336 839
439 482 397
422 473 420
399 161 20
70 416 860
66 254 37
471 239 773
255 299 623
360 448 303
259 476 963
415 435 875
35 4 409
341 269 328
108 210 906
164 212 846
204 461 199
10 368 10
440 238 467
61 497 827
379 486 251
220 301 775
231 124 729
237 463 562
80 456 698
129 365 115
420 429 428
5 395 631
173 250 833
83 419 657
419 29 903
369 200 288
456 99 505
6 324 455
47 16 989
242 155 618
387 145 799
6 393 69
396 23 663
451 326 799
139 1 28
416 298 801
302 296 806
443 318 567
260 492 735
137 470 105
51 330 151
265 385 961
11 20 146
301 356 52
45 180 612
439 484 725
499 177 714
54 76 551
185 316 249
291 251 919
405 151 36
73 269 177
342 7 315
332 442 131
375 254 628
228 343 888
161 133 598
372 100 829
413 68 754
493 429 831
401 489 657
206 480 999
229 485 731
304 178 898
6 145 177
78 363 678
55 137 71
324 348 95
489 243 339
373 333 770
265 120 13
75 390 689
288 232 521
139 280 364
394 353 15
312 169 332
139 383 534
332 77 876
239 62 6
165 225 23
440 53 208
389 183 273
304 125 298
315 214 127
135 254 113
240 420 234
417 36 170
373 315 919
23 317 339
344 210 117
125 283 747
87 66 988
433 171 387
123 21 344
181 144 449
426 194 404
57 308 480
56 290 9
399 294 49
286 192 51
266 74 752
46 391 272
323 116 930
490 254 129
185 373 4
111 288 433
456 31 549
431 325 941
133 483 72
203 348 8
258 234 824
63 217 852
240 434 163
464 408 53
94 478 515
142 182 378
231 394 18
309 214 778
56 437 848
315 418 582
413 132 674
417 412 304
77 498 19
107 19 48
262 169 245
176 261 220
246 99 580
391 38 871
343 224 799
492 126 457
257 476 321
288 163 127
398 236 93
478 31 816
182 412 822
432 227 300
208 291 160
129 397 342
250 317 894
460 398 340
441 464 861
457 383 879
372 408 30
149 186 420
451 427 300
196 16 558
414 140 586
