500 500 100
427 436 834
225 458 828
108 461 793
369 284 905
28 23 68
296 67 637
314 333 515
127 296 310
457 307 20
117 299 520
36 343 760
195 223 728
75 254 980
484 165 518
142 69 645
429 340 121
236 287 7
439 99 17
347 63 847
36 239 586
250 304 404
67 15 65
222 286 456
442 16 981
208 328 624
107 424 872
20 427 235
405 462 389
180 6 515
314 80 285
449 178 986
350 351 669
237 418 588
491 102 900
164 418 8
343 245 552
301 308 625
287 99 690
138 328 795
255 69 95
353 23 275
220 383 502
219 195 761
405 268 244
129 364 634
473 459 991
26 247 522
437 212 190
46 455 469
152 151 111
166 304 608
404 360 179
369 138 670
441 320 161
248 252 745
500 355 576
101 258 887
471 370 322
320 114 861
128 419 90
441 116 177
430 445 579
458 21 519
316 247 795
77 255 792
355 48 384
223 389 827
486 205 131
392 246 750
151 308 968
204 255 107
227 499 412
222 150 19
279 199 646
362 138 788
474 388 21
458 11 947
189 137 139
316 276 518
248 491 298
62 180 479
171 145 855
104 427 920
9 109 260
182 434 445
6 121 205
407 64 629
378 396 753
363 245 811
329 80 71
160 69 588
238 431 994
493 250 886
473 7 400
70 337 4
31 183 885
313 323 681
126 135 866
313 408 71
115 305 957
