9176 444 31
5533 5134
2085 5533
5608 5533
5134 2363
2363 235
2085 4498
1275 5533
5134 612
612 6293
7096 2085
9063 5134
8524 2363
6293 3490
7514 5533
5134 8912
5533 6254
8909 612
2085 782
235 2787
6304 5533
4498 8561
5750 1275
3652 6304
5750 1810
782 7059
8561 2232
2478 5533
4012 2232
2787 8983
2748 5134
5562 8561
7850 1810
2363 2792
6293 9129
2064 7850
2748 4623
8561 7704
840 5562
5562 3696
4012 1609
884 5134
782 6684
8607 6254
5608 4199
4401 2064
2232 6881
5066 3652
3639 1275
2478 7412
7704 3268
7096 6514
6304 4274
3036 1810
4583 3639
782 6435
2363 67
4498 8946
4728 9129
4199 1082
1275 1725
2085 3455
1984 5750
8561 3315
9129 8652
538 5608
8909 7798
5533 21
2748 4700
1145 5134
5174 3315
598 6684
840 572
1725 3425
6028 7059
3425 6518
7152 4700
6881 8120
8455 7059
1758 7096
4623 6077
7798 4891
4623 2598
9063 630
234 5750
2650 8983
8912 5207
7286 6028
5997 7412
3633 3639
7096 7244
8607 3545
1758 5432
701 9129
2748 6308
8117 2064
2085 7560
1507 67
5750 439
2598 4074
3861 2064
7412 7486
8561 3377
3036 5979
5230 4498
6028 2217
9129 2845
4961 4891
5483 5608
8117 276
8607 5003
3747 7152
5640 3696
7378 2217
5480 5533
8216 8983
598 6130
1725 5002
7901 8652
5002 7989
5483 350
749 8117
4789 5997
8222 6684
6293 4621
572 6509
7704 1043
1691 2748
749 1688
2749 3652
3030 4012
1725 654
2064 6094
5946 840
3455 5653
8605 5066
101 1725
3202 4961
8084 235
1612 4700
6130 4453
2439 2748
5207 4599
2898 3036
8929 2792
8624 2439
3696 6340
5955 630
3268 5039
7378 7370
5922 4074
8916 5134
6509 744
666 5003
5750 3713
5038 7244
6146 7244
6130 4358
8916 3285
4074 7084
3377 8044
2787 5166
4372 235
5154 9063
4391 2439
1758 7726
1895 2232
3696 6551
5932 3639
2835 235
5230 5392
701 422
2193 4074
622 4623
422 6995
6463 6684
780 7560
7059 7618
3696 4617
7360 7244
8078 5979
7618 324
5562 6687
8722 21
5563 1725
4891 5858
1329 4961
2122 3633
2354 1507
1892 5946
1136 8607
4789 8713
2835 6798
5922 3424
5392 8637
8866 5653
8561 625
8062 8044
5392 1767
3342 8624
7798 4524
8983 6408
6798 1131
4269 4623
3036 8076
4263 67
4617 3340
9129 7451
5259 5174
2396 7370
7162 6509
4252 630
8637 9070
6695 9129
7412 3543
1879 3861
8084 5062
6684 4282
3652 427
5979 4785
8624 2506
8113 7096
3892 4391
2835 4969
3030 1970
8946 305
1704 2835
7901 3112
8605 997
1725 6157
8607 4159
73 4252
8866 7452
7179 7798
749 337
3633 6824
4645 701
5038 8027
4621 6521
1609 353
2787 4755
1647 4623
4688 3424
905 3747
4524 8332
244 701
3425 8086
1383 6408
2604 1895
6213 8078
7152 3180
317 6304
3774 622
6995 8493
116 2478
5539 305
7412 1399
6881 200
3773 3268
5487 572
4274 3486
9142 4372
2781 701
7244 4522
4776 6028
2348 3543
2478 394
4041 5038
4453 520
8983 621
3307 5483
3455 2015
3036 7545
5920 3425
3307 6713
7097 5750
4997 8078
6824 5844
4774 2015
6652 630
5932 1653
1879 4914
7895 4252
5230 4292
479 3892
440 3180
3236 3545
1765 5154
1383 4975
749 6233
4599 2495
128 1329
6193 2478
6315 394
2085 2093
8966 4282
6435 5991
3202 166
3755 337
3017 2093
6195 997
2930 3774
8562 5483
2610 5533
5429 8455
3894 7486
3029 9063
4087 666
2266 1704
3795 5750
4045 3543
8929 808
1609 8804
6146 7944
6518 1578
673 5920
8086 8998
2907 2598
2170 6652
6118 2787
8221 7097
6214 2396
4199 4663
4401 216
5261 5432
4292 966
5429 2019
3892 6348
128 7694
294 5608
446 4623
4051 1399
4522 6406
1399 7150
8977 8044
7719 2748
2907 2133
7297 5920
7548 2598
3397 1895
7218 6028
7722 2907
3112 7034
2192 4269
8912 4184
8179 7545
6195 2067
3142 9129
7452 3659
3202 6950
446 2492
5720 7548
7629 7486
5259 3022
6193 13
2749 3954
4524 8589
1540 3894
1885 5392
7888 3773
4105 7486
4263 5245
4292 1621
9091 2835
3861 1338
3639 1728
2650 6614
3017 1200
2064 3973
4789 47
5720 5355
6551 7477
1015 7150
422 5508
1956 4645
2133 80
1489 3486
4172 3861
2778 3659
2778 3803
8804 5678
1222 6684
8033 6195
5527 4263
565 8977
2850 6518
6232 7486
1885 7343
5207 7321
2517 6146
6173 7901
3142 6075
6314 3036
6857 1895
4548 1136
8306 2749
8183 3112
1339 8216
6075 8089
7204 5480
6006 4599
1725 683
3482 7726
4969 1361
782 2535
2769 8804
6754 5166
7134 4453
8945 1758
1972 2787
5788 8332
3878 8945
6724 3482
6424 2850
8427 446
2067 2972
1338 7457
4728 5126
3317 5750
5110 6521
1956 3789
6214 4950
7286 3854
1254 3112
1084 5955
5640 7991
3110 128
6714 5922
1580 7378
6301 5678
2573 630
6536 4975
9035 5640
4997 6796
8607 8358
8607 3905
8409 3633
7059 3929
9142 3396
8212 6798
7452 6299
520 2409
6233 4408
7971 2972
7973 3696
9035 2816
3060 2492
4494 6713
305 1406
7888 5493
7297 4642
4815 5392
7079 4645
7412 5281
1028 3878
1956 382
7888 6139
7221 128
8212 3152
3367 1145
639 3425
5724 6687
4645 5255
621 2613
6664 101
7514 1980
7077 3652
8033 7000
7667 3317
7235 3180
2610 7474
7089 8562
1810 8138
8033 493
2043 8713
3340 3967
1578 6346
8589 9154
6798 509
5695 1580
2205 4199
1383 3316
5205 2043
1131 250
6960 1653
7514 1878
4797 2778
7667 6959
2778 1005
4776 5099
7486 6728
2766 744
4815 7931
1688 5941
7101 6796
2133 5700
8086 1312
3795 2764
8117 2239
2517 3503
132 1131
2525 1580
353 2585
5989 905
6614 7573
3187 5126
3584 6684
4776 5168
3221 1254
723 5653
4648 7378
6118 4579
1255 5255
1145 8981
8605 3445
2355 6424
3954 1634
4548 5810
8183 5805
4415 8561
2144 3545
5932 6701
4950 8658
4997 5229
7719 1042
3221 5389
237 3905
1507 7520
3803 8253
8945 6703
5901 101
6579 1005
6960 851
2332 1704
5411 5154
7302 8306
3526 2845
7451 5650
5857 2093
1263 1084
5431 6340
6299 1234
8332 5164
1084 1087
567 4797
1767 3512
6242 5002
2864 1200
5296 2193
6265 2093
2765 4252
3397 2602
7798 566
9075 200
8334 2930
6514 7678
1234 8227
2376 3954
6074 6518
7059 8228
3780 1956
2845 4893
8983 7422
7573 3154
3658 5483
3905 1662
5762 3526
6293 6727
9130 4199
179 4358
6621 7089
1087 2267
3486 3598
7378 3007
3112 4458
4810 2525
2787 2937
4101 3425
7989 8126
5997 6691
6698 6691
6796 3521
4843 7719
5979 4493
2052 4524
6475 621
6220 3455
4079 4045
7875 2573
3017 5333
4599 7149
1005 2680
3696 381
4815 955
4617 9110
7901 5604
2495 6694
661 6695
5066 1392
8135 4079
1662 7661
1326 2907
7768 1691
394 637
639 2617
8143 2765
2923 6348
3854 1675
5997 7440
7452 48
3069 7477
7875 5119
7059 805
1609 2955
3747 1040
8192 9130
3861 174
3924 1040
8562 4067
2043 1607
8907 1234
128 3707
3709 7573
1662 5841
3340 7129
5222 1043
5795 6727
7943 4797
8098 6536
1497 3658
4065 3069
7017 3367
990 5431
3144 13
8658 1150
7895 3402
1767 4585
3396 2146
5984 67
6074 1838
3029 1236
851 6385
851 5806
8098 4747
4755 1509
7971 4940
8179 2968
7790 5941
8299 3236
905 3506
6604 808
7422 7868
6652 8657
9016 2019
919 2217
3402 964
4008 3221
5878 1607
3487 166
5787 1838
7026 2067
1812 5099
1624 6727
5351 6701
3704 2850
6077 8638
1647 7005
3755 9099
7046 6536
3342 7298
4090 3789
2156 179
3933 3954
7077 2412
6754 6619
6713 4419
394 3725
838 572
3984 7629
7440 3559
5003 8035
8299 8695
2805 2439
3864 8998
1956 4241
5852 4493
1930 7474
1254 5196
1281 1399
8092 4797
740 8089
6664 2739
7204 3528
614 5946
4940 9106
8907 6751
6193 341
4341 7719
8212 2347
317 282
6769 48
7345 9099
8562 6493
2043 6375
774 2805
2166 5351
4891 3764
3295 5795
5723 2787
8983 3448
2805 2737
2516 7097
2721 5852
80 7925
4663 8463
1801 47
1399 1734
3436 6695
6640 73
1623 4105
469 4548
3112 967
6265 8273
2273 3029
2600 1885
5038 2669
4621 3937
4106 6094
4240 3892
7182 6028
4524 7419
2405 9129
8463 2321
4054 749
8120 4491
5904 9070
1254 5503
3861 7556
469 2975
4997 6382
8952 1234
7890 4583
3905 641
6560 8607
2807 7059
2617 5734
7037 5355
4674 5166
3212 350
1758 4555
1904 1339
2613 4129
4548 6034
5164 3858
6233 2656
2659 2492
7092 7079
7678 3181
6751 4289
8929 2645
7747 5164
8806 639
8228 5612
1013 2517
7563 2669
6960 2130
6348 7607
5650 127
3584 859
5952 2492
3780 6725
3707 5595
7341 4491
8983 2393
3380 4172
5640 664
3204 6724
3030 3292
427 3715
5527 8100
5765 4458
2348 1342
5720 8486
7584 3803
8981 3218
7604 6220
6034 9046
6701 7279
1338 7055
7232 4105
4835 7204
3441 5389
1198 8183
7492 1263
2573 1790
3634 2645
8038 630
6623 3652
8929 417
4491 7488
5261 4999
6533 1609
4162 1198
4184 526
8050 2146
8221 4554
3639 1913
1769 4648
2214 3396
9129 5249
1322 1904
8607 1123
8859 7134
7462 990
73 3719
5432 6940
1223 2930
7074 7747
565 1403
3679 7991
5750 6225
7462 8780
22 7321
6910 5878
6214 6540
4147 2516
3545 6472
2405 4735
6687 204
5821 2347
5062 7497
1812 1840
4989 4623
174 984
7005 3589
5761 5608
2837 3380
4665 3342
3715 1292
6182 2645
3279 8143
614 3356
195 3803
5568 1403
2845 7670
6509 70
1838 2062
5527 2428
1406 3222
4125 3022
4554 7353
8916 2251
285 840
3441 24
6619 1109
1698 8605
8016 526
1509 833
2835 4845
1123 8619
9035 6374
641 7515
5866 7150
3954 3392
8102 1790
2492 192
1730 4458
8183 5943
5866 2722
6727 1762
9083 9129
9142 5260
1801 334
4051 7757
4644 5487
6301 4010
4818 3017
3707 7589
9169 8183
2963 5604
6621 935
1028 125
654 1103
4394 5255
192 2272
4572 3342
651 3482
2815 7005
8183 3759
9038 235
3214 8027
3595 7888
5166 8108
8838 4105
2525 4242
7768 4553
7564 3559
8780 982
341 1502
5167 3112
1874 7343
4553 4675
7511 7694
382 1192
127 221
766 8135
54 3397
5724 4238
5076 7798
7804 4493
516 6698
5595 4281
1381 8638
3652 5739
337 3171
4010 8614
5805 8627
7868 4243
2342 7604
6923 6579
3017 2129
3696 4977
4286 1728
504 2396
326 8306
2166 513
4129 2086
6315 6124
5734 3991
4254 7457
3633 8400
7973 8242
6846 5604
8314 8463
8242 1477
3994 8695
7556 1016
4984 4494
7103 6374
2741 2506
4351 1874
5856 6727
1200 4652
3526 3873
81 1840
7888 529
3110 8387
1529 7722
5724 6019
281 8912
2645 4046
1621 8877
8233 5734
1665 8143
7335 1123
1855 6146
7351 935
8763 2251
4493 3272
935 6616
3589 1601
4567 1612
7065 509
8135 5288
1682 2765
2943 2739
6087 2943
5841 628
7791 5795
469 6858
2741 3921
3878 5454
1473 128
8984 1730
4373 7477
6811 7286
6791 6518
9089 8638
6921 326
7488 1101
4491 3146
7059 4771
67 2505
8575 5989
3582 7563
875 8113
4997 4694
2749 4523
3679 1308
2937 6063
5847 2669
8695 6772
4948 6340
2266 8840
2792 4315
4105 6321
6728 7955
4756 5562
8214 1403
8562 7217
2037 6299
2164 1308
6943 8806
8112 294
2517 4858
4599 3252
3445 3058
207 614
4090 4643
5336 4238
3183 6301
8227 7570
3317 3176
1767 3004
1145 605
6995 1793
8570 4652
6811 3694
2376 6526
5696 4281
3607 1255
2559 2963
7037 8590
4334 8590
8212 7068
1743 5806
493 7259
3924 3467
5041 7235
3817 529
6118 2032
1295 4242
3436 1372
1485 7000
2766 9147
622 2158
6754 1169
6304 5530
997 5144
3612 4747
3396 1721
4087 9085
6612 2972
34 2158
404 7217
2787 2712
8125 3402
6619 1737
6308 6058
8341 5196
2700 9106
1200 2981
7130 317
4491 5721
7972 2955
88 341
3265 2659
2132 3780
8475 5788
3436 1649
3058 4005
4982 1609
769 6701
7768 6686
3784 166
3316 210
7950 125
8658 3399
6077 4267
6938 3342
5788 8431
7483 5432
1037 4950
5992 2396
2822 7101
2516 698
2358 935
6684 5945
8191 6724
579 7570
7370 4824
8405 5508
5038 1639
4369 6182
6385 8432
34 3757
64 6406
5249 3324
3521 508
5734 7332
8986 4948
6815 5493
244 7027
4594 1878
3661 1145
4269 6031
6252 7895
6511 324
7694 6196
7378 5256
3202 4895
7747 3664
3909 3187
4652 2560
6220 930
4961 9034
5900 3455
8266 9142
2774 2968
2700 355
612 7947
1749 4645
5249 258
88 3485
6134 967
1428 4755
8695 1947
7258 4046
4975 9116
1568 8804
2211 5389
1040 1203
6253 3455
439 2969
7002 7798
2099 8966
2610 8295
7160 6521
1578 7392
508 1365
9082 1295
3112 7758
2937 5409
5945 2564
9075 6977
7248 614
7232 8863
4610 8143
8179 5839
6254 1449
1082 8185
6698 3203
4722 3486
7594 1198
1634 4799
8722 3851
7345 2378
5110 2357
5066 5896
1275 9028
70 3657
5204 341
8607 2310
125 7708
3017 7672
1491 258
8440 8214
8159 516
1234 5082
321 4843
8652 1071
1029 905
2211 7713
7791 1533
7991 7709
5950 382
8463 1594
489 3424
3741 8722
3933 505
2108 3482
4975 5400
7074 2940
5856 1997
7043 7286
6857 2010
5530 6150
7670 6249
7085 5389
7587 5904
8607 5463
7487 7335
244 4660
6077 391
2522 508
3688 1682
417 6023
2122 2437
2518 7563
6614 8009
8478 7989
1198 662
2940 6722
6075 8424
2602 4561
8531 3212
7515 4157
180 1322
4281 5535
222 5979
7483 7992
5243 3317
7840 7068
4051 6873
4218 4458
4674 4495
3696 5596
6798 2237
8780 299
3825 4269
6703 51
8378 7587
2953 5411
1263 7504
8196 4243
2027 6881
6969 4961
4670 8120
1541 3004
5154 2541
6034 2110
4594 7517
2573 4915
8706 6075
4493 7354
4290 4674
4407 5222
8981 3951
216 6339
5018 3069
9070 7390
6940 4244
6332 7589
641 7808
5723 8085
8180 1737
6493 4853
6573 7573
4617 1000
5051 5596
4407 5931
4981 3905
2629 8478
7573 1619
4810 8936
4037 8432
6783 3180
3445 6990
1338 8156
526 6668
7511 6845
5260 7446
3397 2594
1329 7041
8112 9057
7290 4351
4047 2237
4495 2115
7339 3218
2940 4465
2197 7758
7065 2633
7390 5323
7252 4694
305 2569
3340 8132
2086 4881
2941 930
3957 9091
4017 630
4263 7299
7487 2910
6881 7113
8405 8315
189 2712
2205 5613
7213 2378
3367 2994
3140 3445
7813 3582
7448 5041
6653 4373
1840 8329
3029 6141
441 8016
650 8102
1518 5323
2064 6902
4797 3385
3176 5224
6771 508
2669 280
8760 4054
5230 6097
134 1109
3152 8851
7130 8902
1260 8120
5557 4041
5839 4658
3967 5630
2910 2477
8198 4893
782 6303
3888 4240
1105 1372
5932 607
3632 4999
2064 4332
3600 6772
5617 282
3341 1428
2396 9153
8469 1365
2082 6375
1970 523
5288 5418
4766 9169
3236 764
792 3187
4218 6563
6439 195
7360 6280
1371 7130
5571 4797
119 1392
5825 8859
8528 469
513 1770
1647 4009
7390 7529
505 8422
1055 47
2983 2700
4781 1169
7821 8562
514 8946
8779 2564
8194 2748
6857 6443
1451 8607
5059 237
1584 9063
163 5038
7499 3036
8652 6201
5981 6375
1593 3265
5932 4549
1254 8320
8387 7948
4470 6728
353 452
7183 67
324 7949
6921 2018
6033 5533
2132 7779
8330 3482
4389 439
2600 1468
2940 7274
5955 7932
612 814
1040 2386
5611 4315
1578 655
2090 21
6463 4836
8108 2868
5778 2994
258 4397
749 7132
1342 2601
3385 2202
7068 7173
7545 752
5630 5471
7806 7604
2668 5608
5559 2969
3993 769
532 6614
8113 6234
7069 5739
8992 8637
1111 4728
7532 3396
8987 6424
7667 1482
2428 1176
3397 7189
305 3982
531 5134
4305 3725
4304 5563
9088 7341
6097 4563
5242 2310
8766 6769
7210 5261
9129 5745
3202 8492
8050 2883
6941 5858
6177 5866
5716 6769
6435 385
1445 774
6201 1988
5003 883
5566 6031
1647 7282
1320 234
4979 2569
6509 6159
3202 1193
1361 1546
8062 9018
2513 8570
5336 3869
2533 1342
3512 7841
5823 2015
3178 8009
4634 5508
1042 4833
4792 7392
7246 1234
5066 3469
8979 808
8998 9103
4109 5066
2019 8282
8113 2636
637 1202
8952 3941
4522 3714
2078 237
4207 2898
6031 5766
2331 4269
7419 2313
8907 3712
6269 8405
6077 5541
1885 1870
651 686
6365 382
479 7234
8657 5105
4218 9135
558 1895
4966 6621
3246 6845
6720 1870
134 8480
3486 2314
4775 8102
5366 6141
3861 8264
2211 5373
2015 4787
7043 4143
2164 2350
8329 7087
603 3933
8027 113
3784 4514
4120 324
4685 6232
9095 1790
4623 8449
968 7258
6752 7925
1728 318
2251 5357
7563 2799
2544 7991
1734 3918
4997 4273
4914 1162
507 1956
504 8055
274 4090
5464 34
8085 688
4465 8170
7680 7149
9079 7790
520 6240
5720 8467
7083 1322
2434 6521
1584 1836
530 7932
5614 5259
7532 4107
8945 1279
2719 7452
7971 3423
5941 3724
441 4285
2818 1428
7161 7089
545 9057
6157 2059
8609 4685
2110 2834
2931 5943
4953 8185
1000 8634
6182 7658
204 1726
2201 6299
54 2620
9088 3098
54 6052
6170 6551
1734 2490
2799 6059
2094 4818
5239 4645
6208 479
5399 7378
7793 6031
4610 8879
6077 15
7511 8433
3036 1611
7504 3549
4813 5611
7055 2031
8310 2940
5478 6424
4269 3638
2205 8995
4534 6233
2948 2082
5323 6423
8295 3883
6439 336
7274 5286
2115 3624
74 7452
6375 5520
7431 1956
5500 5989
2834 450
7448 3215
8473 7298
3396 2919
5739 7019
3140 976
7134 5049
4364 3380
8222 4508
5056 7972
1417 88
5357 2809
2735 4663
1840 5685
2347 537
6762 7392
74 4149
8138 5597
6280 7193
3424 878
3933 8904
5064 1698
6083 4858
1770 8435
1649 5275
6684 2641
7935 6233
5056 7915
391 8930
1381 7942
6134 8318
5842 8194
7206 9135
7224 9085
199 3712
1985 7589
1874 5906
7951 4561
5358 7043
2157 4660
3624 3107
7980 5766
8445 4688
2114 81
3436 6774
1580 8530
6995 2361
5745 6062
2141 1621
2907 2095
2130 2568
3436 4239
4349 5596
1509 2081
3085 4548
4326 5750
2645 3770
7221 6810
6678 4282
1222 2227
7351 8778
4372 873
3773 8867
5762 8814
4824 6103
3688 5876
4747 4211
3690 2363
8838 8663
7817 7560
6174 8966
4902 9135
8475 8401
550 6796
6019 5177
410 5979
3200 7232
1230 3918
210 5887
8589 4967
2348 32
4546 6857
56 5076
2133 5648
2572 2975
8626 1339
508 7900
8111 4289
7499 4547
2633 3157
7000 8898
1834 7618
3952 1236
8341 3554
6834 1593
696 7989
7217 3463
1200 2281
2131 2108
8120 3906
5389 7167
3292 2077
5571 3922
1879 2377
1895 4428
4799 8802
4509 6612
7464 2239
5483 3986
7560 677
8326 6714
6871 2533
9149 3704
6959 3782
3291 8432
5858 682
3157 6215
8253 3970
3775 4997
8556 4685
3883 3767
8329 2369
4147 4
707 2940
8177 4548
4795 3467
4787 3475
2577 163
7937 2031
6070 5723
5009 489
4123 532
3693 5900
5810 4511
3110 7797
3085 1923
7817 5616
4849 4428
1869 4269
1730 2630
4891 6799
1603 7345
3269 6621
1964 7529
8221 3156
4840 8341
7920 2059
8337 9135
5994 4358
3483 8983
7823 3022
5126 1268
3719 3537
7803 1838
3304 1879
5850 6752
1585 4617
3540 4269
7589 6105
1662 8958
3658 8465
2829 4824
9171 2735
1578 3508
3285 4964
859 8012
1540 39
8995 5125
2923 2408
3119 6423
7486 1297
7452 4204
2102 7345
5256 2914
4662 8867
1060 3757
7678 609
8084 5569
6146 7031
1392 5149
1495 7931
6524 1013
6840 764
7360 8518
5156 2347
172 4394
2765 4410
2242 4634
2396 5183
4585 8854
1996 6668
3614 7077
5222 4852
3249 9091
6999 5351
346 7629
8841 6798
8465 918
329 3712
7452 669
6604 8673
1304 7594
7768 1499
8985 3144
7725 4143
3315 2190
3305 6293
4391 5089
5630 5581
4117 641
2146 7801
8251 5788
4125 1969
3791 641
7869 3545
8461 6293
5209 7232
8454 7584
391 7877
2592 4491
3909 2913
953 5041
4107 6045
4824 7745
5897 3215
1964 319
6994 8251
4594 7385
7354 460
509 7785
3185 6254
8695 2274
6536 7163
919 7734
4334 5369
4642 7655
6882 8473
6607 696
4997 5456
7101 7426
5696 3703
5640 5626
6321 2451
7680 4647
819 70
1505 505
3975 5856
7545 3045
1665 5289
200 5974
7480 337
201 9079
122 5064
5919 1281
597 2541
8865 7942
791 1281
5596 5676
7234 6895
5262 350
1749 5163
6652 7127
2908 5183
2533 1503
4869 1879
6948 7150
1759 6811
8454 436
5946 1019
1728 4294
7899 422
976 991
8930 9118
1378 4123
7339 5689
554 9149
8729 163
349 3305
1505 1036
6845 3364
4061 7130
4663 1592
6332 1562
573 4981
1403 3371
192 7706
4009 5715
7032 4012
3218 6241
4762 2633
529 6844
1071 5176
2031 5592
5357 5085
4563 7461
1601 6775
8885 192
452 3262
2874 6845
2964 9063
6533 5682
5168 2692
799 930
912 3986
6268 2506
7912 1980
930 5435
6834 4014
628 3930
4046 3184
1044 7734
2263 8952
1298 3694
1807 2604
7026 3695
7108 64
8695 3039
72 1594
5900 2417
6529 5262
6718 5568
5463 4707
2478 9006
1619 2596
6686 105
355 891
1646 8867
2451 8746
5819 2669
2592 1244
3973 259
4209 8113
2266 8618
929 3377
1124 7206
6856 6265
3773 4050
199 5588
710 8192
7493 5682
8454 3857
2486 2251
4891 1745
5635 234
3203 4527
7504 535
232 1255
7204 1501
977 1087
5208 8320
7448 3640
3446 1541
5840 8570
3679 4380
8767 5296
3795 6979
3986 8525
1121 4634
1670 74
5975 6062
2569 7914
6773 780
8944 5795
3689 9129
5289 7309
5212 8227
3272 2579
2656 5103
3000 1870
1970 6394
4244 6587
6867 5723
666 6122
707 6854
7580 3004
3504 612
1964 8365
1711 1647
793 1904
2263 421
687 6208
8255 5850
6301 3710
8749 4290
7745 1660
1741 7950
506 4509
5119 4119
752 3391
3254 9147
7048 8467
8190 2129
7793 5693
4464 4755
8603 1507
3482 1017
6769 6119
8287 2095
6684 3824
8 538
1005 4955
7032 1648
7258 5583
1838 1638
1509 4986
5052 422
7996 5715
6691 3597
8706 5704
3528 3376
4623 6729
6463 8775
6219 1869
5562 2637
1726 1602
935 5769
927 4534
7756 4774
7483 2183
4263 8961
4648 323
6823 3715
559 7127
8866 3788
7645 8998
2529 1338
5769 8319
1913 6342
5245 7442
3689 5934
4046 7023
4364 5104
7618 8237
1766 3858
531 671
39 4270
336 2305
5105 2466
3249 3845
8159 1041
5965 4940
3322 8916
4248 5595
7163 1781
897 8979
3734 8909
6565 7937
6744 8253
1540 481
7990 469
9009 80
4791 200
7797 7693
1970 3414
2396 3609
5827 8183
2559 945
8626 6470
4585 3648
8861 572
4762 3790
179 375
8872 2251
2864 3761
6019 2356
1423 3755
2996 3512
2908 5453
4585 8642
8267 7224
2665 74
902 6097
4739 1648
6857 9008
582 5678
5288 3076
3931 7890
875 1330
3933 6467
879 5648
5356 2114
3448 2699
655 8532
6892 8050
1169 4618
7354 2563
6640 6212
834 4999
4141 5245
2781 4421
4652 4582
8125 583
7252 7380
4097 7758
6278 5805
326 6835
6475 5553
7828 9075
4852 3622
277 5099
6511 694
6278 1922
1784 341
207 2303
7848 4645
8644 7163
8242 6387
1417 1231
2117 2495
3184 8678
641 1424
8283 3857
7493 2441
8299 3943
1639 5864
6044 1885
1760 8838
359 4610
8125 3001
7949 3251
6922 8814
673 5785
7109 2314
2787 893
3568 6075
2741 2685
9038 3890
7731 105
1766 6123
1406 92
7985 3559
6487 7944
6938 5203
571 9016
5224 2341
2869 1578
1177 3688
6471 6193
5743 5243
4254 4126
7832 4771
7281 8627
4248 2206
1711 7349
2400 782
2728 6979
3890 5107
6097 8574
4815 2826
4968 6315
2963 257
6741 603
1951 834
2082 6107
6894 5154
9096 1725
3752 1342
6823 5265
4608 740
1675 6595
4770 793
6854 1433
695 9110
6696 4608
4056 6959
7600 199
3929 8148
1271 3543
1650 3000
4545 6815
3912 8266
5205 8825
5636 8877
2934 4966
5274 8062
136 4369
4728 187
1103 8723
434 8673
598 816
2162 3741
6501 172
927 1265
3671 6941
1762 2670
6741 3539
2085 1117
5599 7709
7259 284
4871 6103
6725 8353
504 8292
8944 3417
1897 8902
554 4932
7198 7097
2591 7134
5515 7160
5454 4459
475 2077
1784 1159
3751 3367
7217 3439
2980 1503
7514 4234
6628 3873
5478 6972
905 5735
6070 4909
329 4080
3508 243
7323 3634
2143 5418
9075 1434
6073 88
6845 161
7449 6614
6427 3589
6705 2869
3570 7037
1438 3376
5468 8084
2311 572
6571 7985
158 819
9060 7972
6695 8209
6570 3967
3370 6308
6333 116
4318 2110
8038 1865
4135 5778
6305 4914
3634 5758
963 4674
8616 6960
8295 6168
6007 2669
6854 4627
5907 630
5826 4234
122 424
1071 5744
5059 1492
9008 2587
1743 5843
13 3497
2893 8763
1438 2646
5509 2964
1492 2547
368 651
5623 2281
1176 4082
4123 8245
179 1882
4035 3582
6772 8976
8159 4343
2644 2067
2274 4480
4388 9016
3644 1365
2363 932
7173 1201
4350 7779
492 7370
1326 2922
1339 8421
4538 6724
5937 2955
1297 6956
1273 6950
5051 5479
1449 6450
5464 7498
3285 9084
4969 8864
1210 3912
3895 9147
6324 2680
2108 5210
5569 7650
5541 6322
8037 2396
8403 4915
6019 591
7719 4962
6094 7367
8333 1041
8948 32
9051 7589
3994 3407
6122 7906
397 4662
5427 4199
8314 7240
1885 6869
8383 4675
1582 654
764 1791
9063 8182
4036 4494
7389 9153
5888 1273
4509 8327
219 2883
523 2800
2187 929
6675 2764
5483 26
5544 4555
2067 8844
5653 3496
4620 1424
4649 3295
6640 1421
7722 7350
63 5539
2801 5693
216 4597
2589 2129
6319 6619
7081 15
4102 1602
248 2164
9071 4999
603 6598
6640 411
7183 4830
7576 2522
1702 4141
7033 1234
3017 8246
4479 625
6059 4913
6529 4396
1745 1347
7145 3912
5967 935
8676 2141
2536 3425
8657 5631
4339 2910
4482 368
6225 7266
2211 2705
5539 2912
1615 1201
4608 7288
8654 7493
5761 7773
9075 6326
5670 1951
404 7927
5497 3937
6587 7662
2195 2722
7340 2082
5159 3873
8950 2239
154 5583
8352 9099
7745 7093
1814 614
3315 899
7259 4438
5272 537
2166 1296
8635 3759
6187 6130
7262 6845
3540 8782
9118 5378
9173 3883
879 4847
749 5726
7362 1793
3892 3880
2858 3894
2971 1970
7159 2764
714 5229
1433 9032
8990 7389
5586 2010
6994 7384
5060 558
3487 2291
6215 5311
2258 4644
6972 3196
8118 6269
2568 94
1052 6840
6617 1492
8637 6164
1443 3770
4940 4018
5695 5010
5048 9091
6929 5612
3716 5685
2741 7854
2323 3425
7845 2122
1675 6932
5052 2065
8593 8170
4990 7189
6808 4050
1156 6511
8893 7848
6463 593
1863 385
5319 5941
4212 3597
5040 3423
7765 6823
3582 6706
6916 180
5795 5433
7935 8453
6910 53
6007 5026
687 8526
6076 1044
1345 1580
3196 4655
5911 1870
3660 1292
57 1646
1193 2188
8883 5819
8029 2955
728 7768
8863 6574
7111 5311
1114 2994
4634 4922
5899 766
6195 1302
4745 5002
3461 3582
4199 3516
3952 7582
2737 5977
5393 5557
3178 6828
2700 8569
2400 6462
5778 8783
148 3526
5272 6490
5882 3119
2865 7488
845 1105
6198 2085
5904 3433
5945 3415
774 6992
7584 4161
3203 4197
4069 8222
2635 7101
851 4731
7692 688
2609 6892
9048 6691
2943 7114
3622 4697
7577 2211
6063 1122
6820 2393
1126 8135
1892 7575
3831 7768
815 195
7172 4843
7424 1052
8264 3070
3276 3869
2478 1069
4617 7135
600 4438
1180 792
4728 4432
8784 3767
3415 4275
8146 2019
4662 3961
2650 177
2238 5205
4901 5356
481 1841
4881 3834
656 3864
6573 2647
4924 3107
3402 8884
6076 1461
2325 6164
1928 963
8718 2641
1000 4122
4566 3424
6744 3758
6252 2830
6346 3074
7898 1810
3962 7440
7515 5970
3142 1729
950 1609
7331 2609
3794 4567
5166 7954
6610 4924
3822 4199
8583 2800
3308 7384
4109 3244
2829 1537
4428 1600
8491 8898
8249 7041
7677 774
3875 5932
7102 4620
8097 5864
8659 2778
7756 7458
1257 4239
5493 8868
833 4007
5906 3897
7299 3052
2052 2462
7899 3049
1128 7087
3232 4318
2829 3610
7401 5126
3845 1328
416 3719
6612 5117
8950 1983
9010 2093
281 4911
2170 2118
3553 5156
113 1388
7262 3164
1524 5373
943 2830
2050 1600
1875 6922
707 8043
2843 8062
3951 4262
7007 4373
381 8873
4125 1910
4665 3700
4922 6847
7453 8461
1707 404
2190 5817
7425 3391
1438 3756
8892 8562
7987 6574
3505 1765
4959 7650
3553 3916
6057 666
721 1507
6941 2167
5450 2700
2466 9108
3626 1882
4864 5205
343 6686
3612 8439
4193 3864
8286 3176
6410 7449
7502 3864
4156 5378
4159 5578
5120 6070
7647 8779
5147 2728
4397 4322
5674 6783
1632 6382
566 8692
8111 3422
7516 4109
4009 1547
5980 8984
5612 1277
8983 4702
7166 7650
3729 7345
1158 9118
5168 6862
2059 5526
1407 6107
2073 2864
8029 1816
2659 5625
5262 3900
5955 5081
4788 3660
3806 4648
7341 8226
6062 4678
7068 7698
132 6788
7028 6686
3709 3116
3157 3981
5198 5479
2043 5469
8289 8958
8092 8704
5461 2129
8031 2094
8109 5461
4902 8030
8474 6811
4017 3258
1978 6751
1947 4607
4747 5884
3799 7704
6656 5048
8126 7735
8692 9162
4056 2797
8333 4167
7065 5444
4845 4365
7925 1437
3751 8989
3910 1392
4967 8285
280 4368
1464 6424
3657 6284
709 6691
299 1067
1687 6326
4212 3935
8393 5183
1316 6990
7171 1052
1668 4975
3788 4347
4582 6635
5557 1938
8838 5684
1503 8595
8737 2358
1697 3822
5829 5899
2533 6880
7537 7282
6925 7808
6914 7065
2307 3324
7803 2848
2377 9040
5003 8311
5757 7661
5652 5487
5224 1469
7449 6414
1469 4769
2025 4707
5457 2291
3315 5954
3729 5340
5818 5119
8693 2486
6215 395
3729 713
9103 8416
8283 8340
3353 4339
6116 2893
7370 1720
3789 7683
7734 511
103 5952
8419 5038
516 8675
7481 7935
5762 4222
1111 6957
8000 3598
4870 1505
4460 2064
7894 4621
5284 9009
1769 3928
7968 2635
7636 7281
8646 8624
71 7442
1391 7564
2321 6444
721 1094
1844 4143
1430 7232
6732 3626
1732 6834
2131 20
2197 4178
7572 4981
4154 3845
5003 5
6223 9091
279 4597
1560 5850
3804 6728
9046 4581
2800 5698
8742 3505
5960 7189
1766 2575
5571 533
2735 810
9008 6674
843 505
5730 5166
5712 234
1109 6877
1432 3652
1398 3941
5038 8342
1834 8955
4961 3809
1687 4390
1041 1852
8248 5941
8170 8272
764 2044
9073 8283
6867 1351
2337 1647
7652 4407
9030 5110
6359 4522
6857 7414
923 4674
1167 368
5567 1468
3790 2425
1738 3875
1092 3181
8320 3514
4162 1130
2943 1139
5984 41
60 4634
5464 490
4103 5856
828 5411
2801 4713
1128 2900
2356 6384
8109 552
3086 8306
5505 4122
5683 5952
1083 6938
5894 5222
3358 4119
3704 6949
2424 5461
2672 5527
7750 47
1287 64
1318 2214
2658 5652
1169 1651
119 3998
7687 3834
1059 5922
7220 7162
2573 3201
1036 5023
6696 648
104 6828
3233 2735
2314 2398
434 6723
6103 5299
838 8468
7573 3230
8865 3219
3716 139
6240 2553
8009 7858
3810 5563
6315 7305
5211 3652
2073 2024
3610 5246
4771 7397
3517 6713
7750 2160
1275 3591
8142 6118
6920 6514
5430 5818
1406 6890
8086 6144
7016 6653
105 8052
6977 738
180 4250
7736 5478
7680 4329
129 8530
5989 29
7327 5117
185 5049
6919 7340
1739 8120
5788 722
6890 4335
2719 3243
5598 6769
8126 1555
7545 4377
158 3071
4547 1214
4111 5505
5818 2614
8618 4894
5612 3926
3537 268
1921 4728
2574 1101
3364 6967
407 3485
7463 8950
7023 485
5554 2242
8351 927
7706 1140
7709 2703
2980 4452
2047 3875
8183 3189
4120 6181
6487 2875
701 5549
3127 5766
2314 8769
8904 5416
1770 1261
6923 1168
2588 326
4713 906
558 1606
8867 2726
4686 4961
6063 7568
2926 2602
2607 2822
7199 391
7504 4203
9103 3509
2037 2500
1734 4938
1606 449
9088 2246
3029 6283
5765 4194
8968 416
5750 1775
5125 7494
1750 6028
9067 2085
1598 8713
2382 7698
8242 4486
1860 9060
9157 1501
7065 3278
2063 7350
8463 1377
1165 7159
3861 6282
8694 8884
7876 2914
5906 6665
9015 6342
2901 2600
2205 3956
8990 4094
4315 1108
3501 8989
6881 118
8316 5526
1887 3422
9109 5856
259 5880
8460 566
3712 3406
2797 8488
4662 7700
1242 683
4983 4962
238 6201
6224 4655
8337 6485
1508 2273
5551 6565
4720 529
8697 6305
319 4684
8358 6361
633 8120
5359 8637
3258 3515
3291 5890
7179 2844
5342 2569
878 7008
7389 5587
2081 7107
999 1980
6769 8594
6826 2332
6705 5663
5009 4246
1331 5527
2115 302
5094 2826
6322 3138
5262 8395
3511 8000
1510 3724
8290 4240
6809 1231
1496 4840
4140 5099
190 1766
1223 5892
21 4198
1015 8014
180 3280
5262 1027
8132 6976
365 8877
2822 1170
8715 598
9133 7529
5759 3511
5056 7730
1976 2059
4012 6445
4047 847
8636 7575
7995 4789
4358 3705
5542 8439
5128 2937
5881 2187
3092 4125
6496 1615
1926 537
2101 1728
7758 9061
8786 598
7302 3717
6862 4751
4534 2060
1249 5
2443 8722
5664 5821
8024 1403
5073 4212
2386 3898
3579 9133
9003 3184
1975 1816
3679 3335
4243 1820
4998 7234
3834 1722
8218 4263
6269 1068
397 3073
6995 7047
8448 8353
8649 5640
4523 2504
3669 7791
3285 223
6825 2102
6937 8365
2047 8971
7667 3008
1132 7397
5196 356
3937 7656
4154 3785
5205 1418
4211 2928
6508 3770
9022 9040
3677 7084
5626 5708
6287 4428
2386 2751
876 4594
3521 3983
840 1574
3831 6789
6614 1626
4924 2565
956 5583
6653 4812
2428 4115
8956 4102
2536 8081
8977 1246
4329 1319
6976 3481
1548 185
3503 4255
904 8182
9006 6663
6640 374
2788 1980
6877 515
1430 7507
5010 8926
1582 7147
4286 8335
2955 1544
7423 6741
4591 3399
1621 3095
3230 8908
4981 568
3296 8644
379 8908
6077 1269
3272 3604
8511 1131
2316 1675
2539 6972
1914 8352
1331 4816
7068 8732
8127 8098
5838 5592
1314 7480
3590 4591
5903 7680
5795 4945
559 1608
5841 1382
8448 4185
782 6399
3943 8513
890 8111
1311 8431
6788 7921
1507 1014
6110 1745
6467 5697
7809 3007
1069 1528
7529 9066
3825 4993
3102 1165
4825 6487
5559 3523
1155 6052
6353 8290
2841 2928
1447 4126
4751 5341
8649 3306
8841 940
5698 3197
5653 1780
8941 4675
3222 6323
3337 6490
8682 2025
2331 5193
253 1707
1694 7813
5730 3431
1641 5766
2944 5099
863 6995
3790 6650
3532 5881
8 6580
3227 5907
8315 1080
4912 3204
6910 7001
1000 2088
6324 8819
4106 5877
688 7337
6877 2208
23 5653
4791 4926
8201 9040
2305 3530
98 189
8913 2356
8646 8527
6146 7811
6131 8012
57 4226
7781 9133
967 5621
5275 7896
6688 6783
6876 7069
6381 2064
1289 7425
6673 4135
2862 1156
5997 5637
5709 5082
1049 1593
5274 384
3349 4198
436 8083
5881 3798
3217 1406
4956 7971
2078 2470
6498 7813
7965 6323
5529 1265
7187 4840
7920 6522
788 127
2433 2477
5958 3864
1609 6434
5284 8631
4550 1489
8730 7731
4933 3516
3855 2470
1733 5444
7520 4362
8779 2184
4172 1849
3915 8676
7885 7483
6613 4252
328 964
4642 7940
2975 2213
4715 3589
8409 615
5773 6242
4193 4363
2607 7847
5954 889
7146 2971
1992 6321
2776 8416
1150 1771
5960 8477
1955 8306
7153 3888
2746 4847
8124 1308
8203 8014
551 6565
3207 4554
3193 3340
5453 1188
5413 5663
436 3332
7800 5066
4054 8947
4658 4076
5204 8116
4140 8101
639 8051
2863 819
7400 5366
1824 2573
682 1977
4664 573
8868 3063
6360 2443
5994 6886
2712 5605
4700 3760
9147 7715
3604 6787
2165 6467
7436 2291
5130 5980
4420 2094
1889 7791
2920 8419
8575 9166
6774 7203
6610 6930
8330 4503
9117 3156
336 2177
4097 85
8484 2641
5541 4152
2080 8055
3859 2541
1860 2333
685 4707
4972 6854
3866 3612
1772 6423
179 4874
1677 4833
5328 1670
789 1501
1628 3854
4366 139
1079 3187
4763 3622
5153 92
112 6741
2332 8381
529 3266
7942 5181
4158 8287
5180 815
6132 4047
6394 6596
5224 3028
944 6006
2431 8644
2907 1048
6159 1010
5208 8404
442 1922
7179 4132
7730 2161
6719 6408
5796 6028
8439 3588
3635 1698
9017 5209
8378 2006
7442 6160
8029 6648
2600 2582
6454 6570
4038 4491
137 2569
7559 977
4881 138
2450 1897
6705 5330
5910 3276
40 6950
1896 2157
8639 3791
5900 8683
7512 185
8950 7659
2268 9088
5611 4217
4358 1138
5239 3224
5489 2323
8947 6113
9142 5962
6583 3119
4057 446
6838 2393
2820 1726
1926 3168
7580 1459
7245 4997
6497 5810
5934 2234
2565 7531
503 5483
3228 7494
7822 1824
1106 4563
8695 7347
1990 8314
5932 2471
1784 6372
3166 1878
5663 1440
4282 5312
2932 7451
2094 4003
4781 1920
1186 7258
3105 7652
2143 5291
61 3380
3802 6867
6437 7026
2001 511
3423 1523
3543 2674
3705 5988
1300 8778
6009 4459
8184 5557
5967 6356
4441 6701
4546 7919
5617 1862
4236 5689
8872 4073
5355 8171
6728 987
5794 219
5565 6828
3861 6606
1870 3270
4583 5014
7500 4967
8126 3234
5561 1468
1628 2248
1645 2062
3707 6318
1864 4799
3404 5503
727 48
5901 3348
8381 2894
5806 8261
6945 3984
6950 1053
6471 6512
3755 3361
7987 2022
7303 5125
6572 5174
7457 6099
2573 2453
8390 8637
5765 5686
5996 5712
501 6493
5890 6029
506 4632
2545 2539
2500 936
2167 3519
8098 1439
6348 6329
6117 8605
1592 770
4353 2081
935 5143
1378 3969
1445 8878
5835 5778
2923 2989
6219 2389
5792 1592
3266 8057
6274 8109
8018 7948
5052 3263
3457 6713
7272 3423
6156 3049
4724 6318
4307 8904
543 2617
4273 4602
5305 537
1174 489
4525 5444
1819 4156
1332 5409
663 5196
1501 2627
83 2495
5630 262
8298 1598
847 8834
5992 1115
929 5651
2131 7263
368 2058
7945 9057
7069 8856
2299 4665
6522 708
4979 1366
1518 4827
2984 3758
4889 328
291 3184
6623 3974
2670 4333
3928 4890
5307 7258
2605 7290
6719 5175
5925 3707
687 860
5776 1592
6020 379
6664 8974
5577 875
1 3803
424 7506
5042 8979
1381 6014
7912 5791
7923 6773
1561 6522
2067 3010
4459 3611
4857 6873
2791 6314
7243 6640
966 1098
2004 3200
616 1518
4577 5612
2093 784
7635 5844
4665 2673
6290 6723
4035 3687
1956 1746
2203 9060
6363 7680
2624 5393
7340 3115
4690 6490
5996 652
8371 3105
3165 1381
8492 8994
2089 4008
6216 1275
3559 1587
5780 3747
5627 493
615 5233
1670 2542
5256 5374
6746 7499
2338 538
7830 7650
4205 3900
155 5340
8616 4422
6613 5377
847 8499
2224 5418
7923 9148
147 6329
8912 2662
4648 4032
2650 3796
1636 8603
1772 6566
2700 7088
3294 5330
5415 1651
7701 5708
1249 8582
4578 2369
4285 1097
2473 7563
1597 2299
552 6459
6608 5932
4700 4183
5110 2123
607 6777
3020 7804
3623 799
5305 746
9103 6911
8692 1166
4391 2375
3829 6113
92 5221
6442 5943
3291 4598
5541 7770
3353 8754
259 5692
7132 1782
2302 7046
2133 8733
2154 9057
4376 8319
6758 1124
2412 7375
9084 2870
45 5144
8985 3096
7927 3299
7965 4435
8885 1935
6459 7938
2791 1692
2325 3284
2358 1830
7424 2695
2932 4462
1333 7589
6938 8860
568 8464
5382 5272
3664 8522
3055 2787
8036 5529
663 3429
43 7781
922 148
1848 282
8699 1501
8395 8240
3898 3449
6941 6422
3250 7919
2143 7528
4627 6096
8233 3167
5243 4398
744 5813
3734 1348
3262 8025
5000 5765
6575 883
5244 8635
4947 2932
4663 3736
7632 816
6286 439
870 6772
5989 2388
6422 6192
7172 2717
618 3030
8261 3868
4003 8225
7888 4272
6286 7064
8833 8460
8868 1323
4494 7631
4539 3926
1481 7797
7983 8678
6456 4491
3435 7877
149 5357
6003 1287
4590 4341
431 8143
3992 7127
3562 5159
2278 1734
2439 4489
6212 4496
7791 1616
5166 7195
6443 6345
4098 7486
4539 2240
1765 8187
2776 739
1047 7848
1392 5999
6439 5523
2044 9019
6173 2097
2065 3373
3989 3715
8346 8101
6642 4459
1508 3345
3673 8916
639 7579
8983 3800
7390 2294
5616 3525
6082 5196
4601 609
4838 3171
6525 834
5251 489
8125 7044
697 1123
2559 3099
2921 6808
2507 9079
5103 7872
1404 350
5264 2085
6337 5890
2817 8562
5229 1498
7213 8259
7123 1459
1131 3328
1366 4758
4828 4598
5836 3358
5119 7518
9061 7553
4721 3624
6980 2408
6927 5739
1645 5050
3518 3263
5349 7001
7884 8936
4230 1560
826 967
132 2687
4421 52
2027 8451
8119 6774
2412 4316
3754 279
6276 3055
9041 8713
5717 3974
2956 4183
1791 643
3625 4322
4713 3743
8076 5870
8565 8326
6649 3715
8941 2116
8520 7303
3810 3034
1263 7976
6783 2372
8883 1135
5501 875
7366 3553
8001 4774
609 409
2120 3183
8229 7734
5404 5023
5860 3759
1271 7913
52 1025
4555 5742
7870 7913
6390 47
211 774
1873 3063
8913 4463
1844 5873
2417 8927
8855 1688
8074 1615
4186 3233
4417 3207
2216 3935
4306 614
284 44
2320 4285
7141 4051
5921 3341
6473 5611
9 8486
5890 827
6023 5828
1793 8344
3486 7117
8257 8760
6777 3572
4522 8374
7426 5574
4003 8088
8144 2211
7408 6323
7727 7652
2134 904
7702 4792
3610 8189
3491 9154
8118 6506
9066 1031
5496 3501
7095 651
5656 2525
4007 4264
5510 7290
6271 8867
3725 7505
8935 7987
8939 407
3213 8841
1001 1874
7392 3556
2019 9037
5255 7176
5786 2858
7507 8738
2737 1251
4605 1580
254 5307
135 4857
7963 1330
1383 7780
1772 5271
2371 6134
2841 917
8301 1428
3553 8472
2372 7
4919 1437
9048 2028
5781 8763
7426 7264
3371 3033
4220 3110
4257 7366
4806 460
8219 4257
5191 223
3206 7872
8742 2360
6598 1026
3891 1365
9130 7681
1476 3467
4020 1814
4002 5588
197 1314
5671 3295
7054 1108
4583 7416
5711 2542
7379 3659
7501 7927
3242 4246
2901 6035
5797 5557
1968 4056
7024 4020
6146 4454
8990 1506
4605 1563
5631 8539
2240 724
4047 796
4453 9013
4791 6457
6340 1693
1487 5794
5277 843
8228 4053
5994 6863
669 3544
6231 5336
7424 6267
6612 8567
4846 878
935 8507
5121 2378
7301 1616
7815 2605
119 1446
2087 2680
8721 5444
988 8085
4479 5972
8935 7787
8164 3993
900 1200
4546 634
3344 3817
3745 6856
6626 2486
2549 3399
5943 8175
824 7832
701 3277
6812 1628
3848 5274
5302 2862
2638 1308
8858 1297
4131 7032
3778 7016
7790 7718
2325 2689
6432 210
9084 2269
1015 5728
1017 8382
6995 3064
3556 861
1046 7607
5551 3229
6757 9075
1632 1907
5393 8869
5183 3955
2563 8394
3235 1668
2831 2371
2980 2328
1771 8689
1007 1230
3214 4798
919 3959
7653 7103
3110 4449
2262 538
5295 5650
5337 4700
4449 8362
1822 8769
5175 366
2376 1735
7458 5830
6072 7587
8759 8209
6804 7693
6676 3509
4663 261
1001 4529
8117 756
3993 909
5907 627
4741 2019
868 6072
2719 2576
1254 3567
5934 6860
3457 2697
8763 5978
4880 8292
137 9049
8722 10
6150 4406
4119 292
7102 668
2448 4797
4657 7109
7160 8495
631 3212
323 5420
5020 5984
4049 8746
1042 4680
903 7704
4230 9107
2179 8642
5662 3315
3627 1824
7402 3714
7577 7539
5663 3394
6319 7721
1376 1749
6233 4706
2498 8177
3832 4067
3703 4930
7963 5112
4883 2668
3227 7891
1959 1739
6180 2576
863 306
3354 7931
1536 5393
5072 3709
2283 4891
9015 7676
1674 4818
373 1437
8986 1596
3981 6222
6488 4349
1391 2866
1424 6889
847 3682
5008 258
5518 6895
535 162
1292 1119
7543 7134
4733 579
7872 96
2681 3164
1449 5923
8479 3790
960 2375
3753 8228
3639 7654
7632 5655
3615 5444
3671 3188
8504 6287
1005 5132
7179 8623
73 4325
5837 7730
5578 7544
6212 8817
975 1801
1010 7599
3788 3129
5261 8490
5649 366
5405 4045
1445 5498
6343 8282
8254 7537
2062 8415
8638 6395
647 8569
4514 8996
5669 5323
6797 5785
3194 582
8174 2361
3275 6424
7190 116
3978 6604
1269 7012
6501 9104
3928 4323
6951 5830
5550 2018
4368 5061
1258 1255
1961 2190
7389 9122
301 2848
3052 8711
1699 2450
2185 3171
9091 7651
7179 7855
3158 1636
769 8420
4613 4979
3367 461
3286 2116
9070 313
1874 7472
3829 3849
8729 8934
3895 3561
8942 8344
4663 8882
4660 2716
4258 4157
4808 132
143 6094
3080 2088
8296 1988
4825 1778
2163 955
755 7235
3917 3890
6360 6325
631 2678
6157 8005
2886 558
3366 4057
3025 2439
195 459
3166 4266
4420 5095
2313 1811
2268 8205
2090 2228
8069 1223
4261 1926
254 7039
4221 5974
7241 8138
7128 8118
443 2361
7619 4674
5932 2392
33 3028
3605 3127
5665 4401
2942 7424
72 4851
7764 2183
279 8677
2314 8331
4065 2707
3619 8635
5426 5984
6454 850
471 7719
3369 8416
5740 8463
1283 4634
2802 1646
5690 8116
7026 3019
6137 3855
5244 5990
3414 2126
7373 1322
2063 3281
653 4864
1401 1198
4092 2829
3418 697
2857 982
2357 5532
5396 5483
8680 8455
6659 7477
634 6430
2142 3883
5154 527
1932 5107
8430 2968
2009 6473
963 8258
7093 3245
4597 6569
5417 1421
2892 6454
5854 6220
7944 5019
7578 8326
7166 7857
8177 1859
5910 3960
7715 7558
7318 3895
8531 1521
6709 8138
633 9144
7598 5655
3036 7953
5722 9169
2339 2232
2202 6203
357 47
3586 2386
8422 4796
4492 129
3709 3923
7217 8621
6870 4067
7838 2268
2870 4935
657 1737
5929 4664
720 2310
1613 8283
7789 2412
1012 1424
6207 3989
611 1781
721 1227
7563 4299
8605 3827
8150 5769
6069 2834
2610 4309
491 6123
7559 3476
4559 8524
8401 8136
248 2873
2603 1067
6930 4308
4375 7379
144 3993
8228 8412
960 6864
7592 2912
1148 7734
6972 6717
3935 1556
1448 6315
6510 7480
7205 5608
3505 6913
6400 2437
2264 7093
6515 8159
7835 2587
2489 1
6187 1901
4923 7244
6722 8039
4391 3816
1046 7186
4638 9083
6893 5284
8089 1064
1253 2205
6123 2381
7824 3017
6594 2131
781 3729
4729 7243
1111 5507
7492 6102
8072 4162
7756 6379
3827 5645
8601 1115
7787 6568
261 4569
5597 7447
2472 2602
3947 1177
6206 7800
724 8662
9121 8301
4653 1109
1600 1712
3774 3259
6954 6977
4437 3918
7325 2392
1732 985
5351 8195
2852 3340
2251 430
8942 8991
4697 8602
2254 8124
8177 1346
8025 363
4630 7607
2777 1489
5242 7612
1704 6750
1791 6716
1546 6875
5041 6238
1400 3060
4901 3471
3161 2321
3979 5873
8941 3621
5539 4560
260 1468
6097 2854
3491 2021
2277 1961
3711 1682
1999 781
5382 5270
8321 8732
4227 2424
2115 8541
8319 2367
7653 6912
2593 7480
310 6568
8684 8885
1499 8794
4405 96
4262 8508
4940 2222
2266 1538
403 2576
3306 4188
6698 6272
6078 5328
809 7279
2592 4639
2397 621
4548 880
7353 7566
820 1275
8672 1323
4956 7300
2135 573
3336 633
2951 285
40 4298
3630 5554
8743 1810
9168 7378
5420 9131
7244 3087
2645 4112
3359 1745
5684 4426
6509 5459
3011 3183
429 505
8251 3507
733 8562
5642 4010
5444 3037
7342 5243
4740 4663
1181 248
6192 2772
8201 3401
8232 1428
6640 1425
107 7240
3987 5073
2638 8506
2607 9125
5229 1357
7660 7325
2968 8046
1005 2482
7762 3761
5248 1316
2566 6249
4037 811
827 297
6457 8933
7904 5996
411 1815
5602 8467
6448 8676
1513 8913
1996 7613
1990 5976
7588 8528
3727 4480
545 3569
2093 6731
1952 3888
776 5970
5745 6708
661 8476
4254 312
2354 76
8511 2966
2251 6109
724 7986
8727 2968
3293 1155
5784 5676
8737 7260
8545 7971
4128 4922
6319 6519
6372 3464
5736 1721
9085 2279
7147 7977
5288 5874
4795 495
8141 5577
3566 5430
4989 6296
1398 7567
2405 608
101 5927
5281 120
6913 9062
9025 2239
5854 1723
4901 3454
565 7633
9019 6567
828 1493
3014 6134
5979 2008
1316 6313
8031 2784
6838 812
1006 7059
5644 3332
6881 7620
4209 594
4838 1539
2163 2293
2449 2108
9113 612
5492 3322
7187 645
914 4480
1250 1404
4055 2162
3953 6241
8851 553
4959 5465
4767 6164
4877 281
171 5635
8501 6992
6927 3173
1500 3869
8813 434
586 2217
8354 3180
8961 233
222 6165
3241 51
4655 5148
5341 4011
1246 5201
7147 6010
7978 232
4688 8489
2757 7350
5189 4787
6492 3624
4716 6123
5221 6413
3421 3129
8864 712
674 2015
2730 8352
2429 3422
5885 1879
5224 1960
7412 732
2883 2326
2633 8275
291 227
6723 3478
4339 8768
7728 550
4334 5628
5651 7311
526 1020
2043 2402
6116 2639
5331 7027
7029 8902
5355 4535
6172 5626
203 5934
6941 393
7027 6704
8778 8167
2050 4866
5261 5402
658 2331
9048 256
425 5469
1076 2010
2412 5969
937 1901
6200 7213
395 6898
4855 3017
3746 6877
42 628
2625 6957
3737 5204
8721 7863
3263 3472
407 7810
1737 3843
1507 1890
8534 7553
831 7735
5691 2627
2197 8667
7114 6690
8987 8788
5191 5006
2711 8695
8542 4406
603 2785
6459 4214
2569 6806
7738 6343
3838 943
7801 7617
6268 347
4262 5445
3823 2167
8007 9010
7070 2142
558 729
6519 2447
7902 3992
2714 2968
985 4446
8085 2411
2397 6260
7251 9070
6349 7612
7933 1249
1296 2324
3481 6086
4394 2419
838 690
7856 5724
2034 7704
6093 3206
7488 3443
6009 170
5906 6581
8057 3637
5037 883
5887 6389
4817 2751
7258 7540
1158 1290
8456 9142
7228 8112
7273 2217
1939 7647
3167 1416
8937 45
5128 7207
6533 2410
6735 2669
5181 7391
8883 7415
5782 148
313 4957
5991 5141
7968 6350
192 1948
4699 6598
6747 1121
1068 5488
8357 5478
913 5323
7177 3621
5761 4249
6407 977
446 7964
951 4494
532 7105
1086 4514
3291 1393
2618 7147
2093 7156
4595 3755
6480 4909
6299 1527
3335 4434
2405 1288
7217 5252
7871 1687
7085 961
5738 6789
2405 2847
3107 8789
5186 4810
9047 1048
8255 5714
336 9115
9048 6050
3486 419
3974 5438
3596 8125
5105 8828
2930 3862
3131 2034
3522 1020
96 4714
5850 3585
1836 4726
8348 7797
427 1909
7519 2050
6346 7883
740 3742
4018 5799
770 500
6118 7625
6400 5719
6332 2706
1257 6266
4614 6869
3306 7479
999 5525
3867 485
8260 7506
4514 1742
4096 5174
4699 8650
6920 2552
6672 770
6135 7389
8270 8743
5641 3543
8127 5701
2616 7528
1166 7013
5905 7375
135 2343
4801 8504
8136 6043
6294 6838
1263 7689
8215 5328
3142 6590
4504 5571
3059 80
6322 7591
7393 712
6326 4562
6532 9046
2212 6170
7028 6830
4627 1828
1266 1892
3800 6657
5324 2809
3482 8370
3 7656
7665 6930
808 5293
9169 6158
463 2052
2391 3737
8773 2170
347 7271
717 7068
3000 894
5737 3008
2263 1531
3586 5871
8525 6905
5956 67
6647 551
1847 216
6679 8101
7943 7359
8182 2828
7174 4252
7702 6460
7250 615
8185 2023
6126 5596
6124 5681
6066 4715
5009 4313
4872 1615
9130 8350
3328 5951
1350 5319
2384 6350
149 2344
3501 1963
8739 8789
8333 5993
3953 3400
4210 3827
8417 3250
6039 8662
2396 8822
1131 4028
3209 5402
4996 6870
421 5809
715 8872
4908 250
6406 7219
3534 7985
4085 6359
1387 603
930 790
2615 8995
1167 839
962 1028
4487 134
7516 1367
4683 8983
8160 7618
292 1805
7117 7849
4479 5570
8798 8822
1020 2959
6864 6603
4917 8415
1317 7543
2649 6450
6179 793
6029 8566
73 7897
9106 3650
7448 2476
2851 7193
2019 6564
4419 8581
2181 4653
3837 1068
2323 7555
7724 3213
8709 6144
460 5624
7721 1272
204 8047
391 3018
4789 7324
2961 2674
3314 403
3608 4601
8467 7201
2380 4398
7081 8336
7724 4190
8845 7923
2054 1645
8483 21
6866 6840
5812 3719
6527 2577
8554 4945
5867 7345
1882 8244
2580 7059
6086 6307
8574 6380
5877 2416
3462 2841
4212 5639
3240 5921
7787 4423
3991 3665
7726 8932
6601 847
921 4273
1134 2408
4105 7283
5513 6182
7545 413
1283 206
5702 4090
5751 4926
5618 3181
1433 3643
2484 8644
6262 845
3002 893
2205 4510
5005 6741
3156 8017
1398 5304
4559 5851
2516 6816
8730 1577
2435 1165
1045 1649
8050 2300
7191 8602
1705 5126
901 8941
6188 850
7557 7575
2392 109
2925 682
4352 922
240 2892
3943 6226
240 6210
7630 5708
7442 451
6436 3767
1551 42
3051 5975
8364 6943
3853 7568
760 407
4154 1335
3387 8299
5140 964
9045 2678
677 4133
8709 6264
5448 2585
6029 6879
3032 1007
7551 7681
4140 1856
8601 6689
3520 2376
5034 4756
6775 3283
2709 4613
4754 8992
7099 2956
578 2772
8325 7487
567 1091
1160 3036
6455 8031
8457 2326
8496 6787
8419 1196
1763 6995
5436 4220
6726 5867
1845 5851
2086 1788
1405 3778
5569 3493
6828 3077
3429 4802
1422 3752
3959 4215
7834 1645
3090 281
3038 7735
4451 6340
6632 3240
7437 2417
7028 667
8091 356
3462 517
4136 6266
4778 3401
6669 8456
3275 3691
3532 644
7720 7248
2549 3021
4679 4634
2165 3420
5755 4731
7658 6091
3518 5300
2057 4890
5722 4819
1916 6083
367 7353
3569 3653
7340 7060
4970 8495
6985 1300
8699 7930
8466 8055
1568 6759
4927 2195
5921 1967
3138 7295
8225 3220
6493 3902
3939 2559
4770 4099
1591 4453
6347 2064
1344 8292
8236 8933
4616 1469
263 1547
1585 8003
9118 2916
5803 8466
4597 7165
718 1328
784 78
1604 5904
3572 4100
3384 5509
1758 2304
8285 5848
2977 873
7069 7170
5629 424
5173 6278
5601 8478
3221 3882
5362 4652
4686 1676
4181 5644
8584 7390
7961 4057
5823 6793
3829 5422
6176 1275
8302 3957
376 5119
2349 2875
7392 1549
5911 3053
1470 5599
1056 1477
6505 8942
6033 1364
3200 4024
5742 2155
2245 4465
3367 6404
9020 8574
6987 3138
2286 8759
5637 167
3991 3666
5944 8715
3444 7309
5155 5844
2779 7353
6150 8294
4868 7937
5177 5268
5369 4180
6072 8750
6057 4403
2185 2430
2159 2504
5790 8124
5997 6328
2145 3022
7879 3140
7064 202
2721 5101
5565 8224
9159 6269
5495 2776
577 3356
4096 8552
5973 5535
2853 2506
5598 1900
6675 4164
177 6415
5161 4658
7070 398
4132 6024
3595 3547
8837 7847
3536 2706
3993 3412
5413 5353
380 6385
8953 4007
1524 882
953 1715
4298 5381
1235 8845
7355 233
2034 1673
5827 6369
6988 769
4247 26
9082 1774
6356 3678
6678 457
8062 287
2520 816
2535 8620
8006 7360
4044 7187
7129 6832
3931 12
5458 4912
1872 1928
3064 8145
1852 1189
1906 897
1053 8397
1804 5048
148 3159
103 9065
2192 6915
7190 5519
6950 7057
8072 1532
4134 4970
8431 2148
4265 5722
1777 7698
1082 4609
8266 5555
8057 3346
1325 7273
1597 4116
6646 929
1729 269
1627 7995
1786 9117
2415 5427
7428 5125
6010 1817
6993 2989
8170 1894
7327 1375
4253 70
2404 3229
572 4709
4042 5616
3564 1128
6857 842
7710 3677
1422 8110
8123 8242
5560 2262
7302 8213
1795 7854
5475 53
2073 3042
8381 7236
7683 2053
5322 2801
3946 7128
4512 3653
8831 4762
2782 7146
4958 6653
7582 1057
3948 2490
8546 728
2775 6234
3754 5434
5669 6026
7950 1024
4236 6494
6775 3885
77 4560
3022 2282
3423 7853
3151 5742
3388 8601
2462 3839
6876 1065
5996 6852
3778 4900
8392 5193
4585 7409
501 5476
7794 8083
4188 7372
3076 7227
8793 664
5516 6665
1569 6173
4952 5461
805 1085
6109 4696
7192 963
3936 4605
3343 4872
3132 3018
5580 5840
2707 165
1406 7223
544 5636
5546 2242
8726 1203
7634 6116
2787 3015
8111 308
4072 3233
2220 4097
2425 3551
2325 2457
4932 1940
8955 6639
7638 8977
5704 865
6570 6484
4961 8880
4160 7013
1212 5639
5447 3505
8236 8252
3676 8513
6148 6224
7422 854
6276 9105
732 4573
8130 2080
8013 5064
7417 3931
6474 2615
6272 6802
7648 7715
3142 1370
7807 4451
4662 2189
5698 2511
6884 7944
341 9158
3891 2935
7583 7973
3417 2152
6474 6982
181 3299
59 4005
1068 6237
3450 3433
2707 8279
6780 7391
6347 4892
3519 4807
53 5741
7805 4997
1299 6871
2626 5852
339 1498
1175 2926
7098 4183
2890 8132
8927 7410
2364 8930
4026 7655
7456 6249
312 6236
5158 4218
2137 4119
2471 7509
9173 7018
4124 7599
6604 2340
2767 5555
2536 5398
2772 4271
1191 1563
5541 3319
9116 8276
634 2814
7175 7339
1676 4312
7077 6088
8834 3840
8778 1374
7260 3776
6486 935
4528 103
8539 3968
6049 3322
5314 5641
3160 1156
4738 7579
4229 1560
8386 7440
427 178
2793 1302
8377 2656
4320 4149
2205 6550
5865 4806
6503 6415
316 3086
4796 7786
4026 8032
6605 4403
8614 3744
8889 1345
8918 318
2915 7731
3366 8137
6154 8404
7498 6040
4978 1603
6504 7781
5977 528
4847 5966
2521 4407
4364 4225
5608 4687
1677 1893
2718 2320
93 6653
379 2379
3823 1217
8959 8946
4304 31
8365 5228
6489 4281
48 2255
846 5836
1562 5188
4496 3440
2436 2749
7492 7268
9086 4487
3032 1454
5186 2055
3284 7267
7268 6419
5847 8519
1565 359
7368 5981
4028 4071
3289 9016
4675 9174
8008 3998
1030 1370
2753 5728
2896 5233
690 1552
2055 1868
8918 8121
3558 774
8609 7602
4998 617
2648 8029
75 2313
5365 4889
5097 1623
330 922
231 5478
7196 119
7384 7287
8717 3849
1016 6256
2503 5026
8036 3740
5379 8403
3723 8420
1722 7478
3699 1186
6590 6354
6729 3738
7715 3646
8861 3772
1109 3997
7334 6871
7366 8068
5474 7
6022 3551
8441 4140
8999 1855
5987 9017
4014 3411
7256 7813
221 7825
6072 6576
822 104
6362 1548
2515 7724
3540 5087
7831 2869
3332 7137
3738 1727
7363 1130
3819 819
3997 4942
9096 3257
4056 2666
8698 2381
4359 5583
137 6692
518 2913
8109 198
4779 6990
9175 6880
443 3489
3380 5078
5766 6965
8741 1726
4161 5192
1895 205
826 6295
5349 6002
1091 5011
8711 2169
8588 8865
881 6869
5213 664
5927 9128
852 7845
3394 4564
3855 342
1751 3154
7711 3537
2549 8951
2745 398
3744 2442
2948 7628
7560 3287
5804 5396
3846 3803
3993 4348
6671 2835
8728 3867
6553 5903
8163 7563
990 5982
8532 6888
803 559
6975 8750
453 7258
8686 2360
2502 8638
5888 8890
4863 4955
1882 146
3662 2765
6631 1425
1737 3927
3557 5722
5768 598
1078 7830
7365 5311
2540 509
6233 7382
7495 4249
5049 6453
1712 4698
8783 1486
295 113
544 5171
6799 1618
5536 5614
4062 7921
6842 1296
5598 3333
8812 1496
250 8964
8496 406
5272 4169
6653 3182
7013 5092
8387 5912
2103 6321
5449 1562
3141 6182
2866 2682
6785 7149
4780 7582
7186 1680
1269 2882
1916 8388
2631 5255
8960 7145
1717 5559
1565 7546
8038 2100
5659 4813
5472 5400
49 5164
4222 2346
473 5965
5275 3405
2580 6288
6539 5885
5513 592
3576 6144
6963 8476
7220 5397
6208 743
9109 2026
7433 3105
7168 6503
3454 8764
3640 1789
4553 3016
4464 5528
2129 6681
8166 1879
2691 1952
4331 6436
2860 5356
7941 3926
6977 4139
7111 307
9089 2570
7201 857
4665 5855
8648 7220
3475 228
4820 307
959 2239
8113 6936
7266 3592
5809 1483
1413 7171
2426 4602
7277 4489
6058 8398
7844 2026
3460 4275
7877 4600
7874 7872
3964 6299
7946 2983
5032 7179
6475 7042
4392 5929
4890 3047
743 4842
7001 3024
275 6581
7487 2621
8464 1998
4259 5463
863 995
4807 1945
1856 6760
3214 2836
8548 5735
2560 1589
2790 4294
127 5666
3695 7624
5840 692
3083 41
3685 5134
4461 8883
378 7034
257 2640
4894 4654
4175 5249
6205 3077
8826 6349
6586 1983
4000 4160
6865 2650
5198 2218
8608 7028
7908 8768
634 7371
8610 4997
4411 1131
682 3766
207 6557
4626 1489
2679 7841
7571 5934
5869 5952
3511 3326
3937 1802
2825 3751
235 3267
6115 5411
3025 1851
880 5729
493 1635
3725 4457
5251 86
3758 6753
8853 8546
3061 5064
2079 618
2403 7371
8043 933
4151 3549
4167 2474
6689 4023
1985 5075
3688 9064
6970 2142
76 5045
5537 3228
8869 3797
1172 7001
1347 8850
6161 3165
5306 7891
8898 8131
7648 7615
8174 5237
4935 2548
6005 4073
6846 4440
4342 7480
5338 7543
1705 7444
2901 7136
655 1858
3686 7938
8752 7098
2992 2052
7096 5301
2818 510
219 5971
3266 7984
7174 6466
5999 8482
3598 6851
5848 6885
1147 5463
1701 7302
955 9167
359 6089
4138 2314
1809 4491
7539 7603
3765 6236
1632 1022
5162 1817
1159 1703
6535 884
5988 8805
3176 4425
1625 2685
5680 6808
1686 5678
4379 2637
3480 350
9052 7341
6915 7269
7107 4536
2977 6053
3225 2152
1468 8073
5765 1112
4444 2511
1569 2252
2882 389
123 3784
1366 1081
3726 2165
4113 2216
6859 8704
2889 9035
386 7735
9164 5628
4643 4928
6491 5333
5355 5139
1638 3350
5948 5847
5652 5777
393 570
1463 572
4050 1564
8618 6338
5219 6182
444 3193
5398 1806
7664 8266
8291 2372
8617 7625
164 294
995 5443
5662 7049
7020 2158
5986 5132
8179 7435
7445 2300
2265 1568
6152 8605
8647 1646
8609 4166
471 786
4673 8953
6106 3070
668 2121
2960 4535
7255 3853
2933 5696
2621 6017
2468 4771
224 3579
1963 8389
1774 5466
3709 1664
7097 2608
4949 5726
5493 6615
8885 1953
4479 4052
787 6264
2082 6734
2390 1065
3471 1714
5141 309
4611 5738
8722 6872
8792 2603
9112 5032
1443 6163
17 8491
5745 6849
8413 5990
9057 2840
4904 6329
7184 5680
3333 6850
3019 856
6021 515
1375 7737
4928 4991
5687 6717
8740 8721
3000 606
7624 1444
8107 1859
5260 5241
6026 5194
6635 182
7596 179
276 293
2260 6494
8168 6921
4505 1682
168 5409
6539 8042
2930 1225
1356 8853
1192 7565
1808 6089
648 4725
8346 6300
460 2029
4950 4860
581 5952
6918 5189
7746 4397
1526 9083
8749 2199
217 2417
7956 7559
9077 5209
3266 6310
9173 3587
6803 2873
8199 5365
2446 2187
4011 1827
8744 2799
478 2703
2571 8746
7452 2794
5424 4989
7266 3899
7316 6595
5063 3096
8057 2236
3929 1063
4967 3199
3080 498
8045 6091
210 352
4946 2802
3093 6617
2180 2044
4539 7386
996 8519
9033 7803
8684 4251
396 5424
9071 4104
9028 949
5460 436
5620 293
8924 6604
5054 2405
3295 3174
5549 3081
9037 5485
5587 4110
1409 2371
5556 8124
6631 3374
7040 5655
4107 8687
6514 6125
4121 7128
1817 8307
3894 969
6223 5035
7471 5535
8025 4875
4212 8891
7002 6312
1241 8499
5740 333
626 4020
4433 5595
225 533
730 204
1665 5345
7398 317
901 5343
5227 4341
4821 1568
6866 5283
312 2284
5365 3732
8539 7312
5096 5758
8349 7483
1284 3376
1168 9074
1713 732
6742 4914
3210 7312
6308 4386
6248 2248
5280 5461
3905 7843
758 8989
7064 8940
8618 2499
7380 1590
661 2871
256 716
7713 5658
3896 3983
4250 8827
7239 7195
7672 5517
7063 5780
7781 6764
3573 310
1286 7683
6325 6928
4690 8685
4221 3510
4578 8821
275 915
5983 4771
7530 3462
40 1831
8962 7720
1966 666
484 5780
6132 8462
2250 8935
5913 3015
5236 8352
7254 1290
4788 5335
6709 3123
3966 5997
2444 3952
1841 4519
5085 4761
8725 8754
8887 5894
6603 8446
8479 6341
5435 4187
247 593
5750 7846
840 4384
6272 6528
5362 7021
4471 5870
3713 5185
4452 6416
4374 5874
3757 9123
4248 1757
5389 2750
4083 8984
477 1814
6547 6122
8954 8044
7987 6730
4092 3720
3186 8029
296 6031
5164 3357
8162 4792
7509 3865
214 4375
1486 7513
7127 7657
5930 3695
926 8833
6392 8190
999 6968
1625 3571
8810 4154
2107 6219
2231 5740
1707 5030
6777 7003
6366 444
425 6562
2091 4229
3706 3212
8318 8262
1960 8928
3693 541
1239 1875
652 3065
3856 2672
8813 7753
226 3970
1 2684
8545 5044
157 7074
8749 3718
8335 6624
8705 8860
5294 5804
6680 5627
1289 2048
2548 6344
379 6250
4591 5384
3160 7090
7327 1127
3908 528
4705 8033
1700 739
5278 7658
4315 270
1636 2667
6606 5440
8406 1859
6875 1113
5350 8934
4901 2244
2055 5100
9072 3251
896 6253
6682 8454
8800 8124
2395 7182
6371 2274
7770 1088
1842 852
5000 2370
3752 1354
8405 7777
8667 1480
4202 1459
2831 8911
1805 6814
3354 1899
7616 4815
2255 8708
9028 680
8068 9140
8606 8654
5164 604
3590 3763
1857 9003
2764 3452
8949 4126
2766 7131
8090 963
6260 6558
7998 2711
619 7564
1986 685
3426 1112
8298 4231
8204 3002
3730 7989
3162 1055
5298 6793
5141 145
3903 9
2894 8356
6683 7057
4094 5169
836 5720
3870 6889
6809 2876
7199 1821
5351 3438
5080 3719
3795 8997
1879 844
7830 8066
4026 9043
7589 9087
4173 4020
8704 470
7000 2949
6438 6564
3404 3111
4289 6420
525 633
4885 154
8669 4630
7897 87
3777 8330
8687 4382
1318 1245
9055 154
135 4765
6134 862
3988 7518
1099 4982
3961 7249
2576 5861
2189 6600
1637 1091
2982 310
5622 2050
4990 1306
547 8072
83 4402
7641 7474
5800 5970
6838 1867
6666 2640
1711 300
5397 447
7358 5714
4631 3910
2026 1642
3815 7375
5068 8252
4896 6119
3702 7095
2074 9171
3216 3929
4170 4926
2165 2595
8695 4752
2243 2858
7039 928
424 2911
747 4012
9082 3465
2817 1213
4678 5668
1870 5957
2053 1075
4086 2845
6605 2033
7245 4283
7011 6470
220 6315
2970 2737
6032 7553
5237 7144
8056 8331
6685 1529
5516 2702
893 4084
5772 3258
7030 5648
7419 636
5272 4070
9124 6832
6684 4288
6279 1564
5322 8080
5249 2742
4279 429
1196 8521
7312 3985
8444 1127
3277 6833
2171 2141
4482 623
2156 4873
2551 7781
244 8625
8267 3398
4393 8123
8029 3368
6882 8186
762 2928
8614 4750
8288 3790
8784 7338
8729 2257
618 3649
1736 6160
7100 1714
519 8033
864 6988
1416 99
2087 4666
613 1651
4731 931
1363 8276
1689 6820
1645 684
5512 6967
3944 6864
5346 8616
7678 5707
7996 4337
4914 596
4741 1681
8493 5632
6048 1361
4037 2317
7302 1450
9016 8497
866 6514
1965 7065
3168 5091
4247 2946
4192 3804
3247 6325
7540 6841
7073 4273
5041 7285
6342 2401
6543 1430
7209 1824
8868 5936
4381 6488
7757 3919
5312 1390
6912 6060
1514 2707
3548 60
9149 5022
5122 1428
5011 6776
994 7947
294 1554
4449 7094
4694 5267
5330 1898
661 6041
5762 1206
5699 2331
8651 5780
5643 8711
2105 4076
245 6350
8868 3057
3011 8181
5953 5236
8700 2360
9062 1833
5083 5517
4684 2698
332 5087
5165 6586
4829 7571
1596 2938
6283 5455
7931 4793
5290 9171
346 387
1112 1557
2891 6205
2884 764
7314 9041
7214 5858
5867 1652
7705 6532
4291 3882
6565 2139
3261 2424
7835 7981
3264 3482
9003 3458
7688 789
4232 5536
441 8973
4976 8219
5575 384
2070 5681
7729 2522
8096 6932
8550 5736
9123 3329
807 4815
6904 7825
5153 574
4712 3024
6151 4512
1073 7565
2382 916
8186 102
3625 8281
85 4898
4668 2185
3232 9151
8657 7723
601 470
6255 8693
1396 3213
3463 6778
1319 315
4012 1133
6934 6234
7173 3950
4645 6962
603 6693
4306 7911
4663 5287
6112 8113
650 6018
6883 1940
1013 6953
7154 2010
9063 8060
549 1788
9068 3817
1596 6795
1863 6733
6495 3544
1455 6156
7730 3149
4704 6492
2026 7732
2269 3145
8324 7047
8884 1550
6072 7552
6831 4192
6205 4450
9026 2357
2338 5718
5941 6662
103 5667
8700 1360
4282 286
6883 5380
2115 5710
3312 1014
28 6851
5103 3642
620 8199
2660 7545
3009 8998
398 1107
7733 3328
2895 6416
7061 5739
5839 7106
2100 5001
3161 7957
2797 2652
6166 4741
943 5093
2570 6546
5820 6044
3545 9111
8405 5325
1487 1643
6922 55
3607 6997
608 8731
3776 1205
6397 7390
9165 1404
8537 3467
362 5836
2515 2247
8683 2590
1907 5754
1050 6678
4844 3590
6630 7360
7434 4870
2531 7236
6799 1883
5017 6276
7384 939
4373 8919
5483 1426
6500 165
4875 6190
3406 7866
4421 3874
2393 1294
794 3569
3318 865
2535 6411
7972 1218
2489 3945
8731 7686
3156 3288
9014 8949
661 448
1090 8784
872 6692
218 3196
1278 6683
3386 2566
3833 5925
4195 4778
6137 640
2364 6817
6624 50
2846 3866
7212 6382
7599 7237
1960 115
7421 2815
4323 6781
657 290
4106 7696
7197 4810
6740 5567
1738 6402
579 4089
3104 6564
6733 5015
8590 7675
2554 8924
7128 1144
3835 7638
5063 9137
4537 4976
6479 2148
5238 2006
1071 8963
2955 8235
5614 8823
8543 460
6545 3353
1116 6450
5427 7489
1092 1209
7058 2122
1688 2768
2237 6633
3721 1498
2242 5348
1743 8338
6531 4658
7501 4854
5425 8444
1802 7880
33 6952
7169 3504
3586 2196
4021 5017
1613 8975
4392 2729
8378 9012
639 1581
5451 1115
5705 964
2034 8140
4378 6182
8886 3878
1525 739
8426 6905
4410 1149
1379 4156
1609 6418
1558 4595
4285 2878
7914 6183
2868 2508
676 1836
1601 2200
599 758
1279 8653
5032 8849
7697 2735
657 468
9060 4314
2951 142
2 7847
1887 5254
2377 7852
3496 5352
8071 8476
7482 471
8899 5415
1181 6636
6129 7063
1151 3948
2887 7338
6087 8147
5907 3781
437 4086
349 8681
8894 5850
699 4492
980 5299
6276 7524
651 8437
3416 1858
5037 6047
6107 5924
6505 3313
7739 6970
6756 4917
8734 8926
8293 4846
2538 4364
8493 4060
3569 5675
6141 4717
35 7612
5906 5406
7270 4972
1223 1224
6207 5027
3563 8837
6331 43
8111 89
7977 8540
4388 4748
3287 5231
5955 4319
8661 6119
2210 2787
6428 4670
8690 7514
3922 3555
7745 2743
8592 3612
521 3055
8796 8198
1306 2174
1137 6571
7232 1100
1412 6318
4403 2374
7587 1494
399 7174
3707 7475
2489 1667
4245 901
8363 2801
3656 2008
2832 8658
8596 5966
1973 4715
3651 2379
8837 5760
8455 4859
641 711
6133 8804
7535 8060
2202 3529
5051 7778
1696 3312
8534 6711
7754 7273
90 2504
5427 8917
8278 200
6311 7635
2296 8851
5350 5531
6038 932
8517 6881
2606 8610
2588 2867
7391 8781
6095 904
1165 6292
3231 3547
7011 1352
1379 5749
7222 6828
7310 652
497 9063
3261 2413
5679 3472
8172 2669
4790 6954
5600 3180
8188 285
8836 5705
8816 2845
5404 2140
8818 9107
1506 3667
7343 4277
6717 6548
1102 928
968 7051
522 6830
5412 2712
3124 8663
9002 2513
364 5461
8588 6748
2582 2287
4414 4590
7823 8755
2399 2896
6476 1424
8885 2042
2310 8500
2982 5334
4696 6016
7837 7940
8409 7748
3159 2039
5455 3884
2294 3395
1153 803
2014 2396
6053 7296
7098 7086
8754 7233
3201 121
1208 1606
3784 7640
3295 3820
231 8263
3673 7684
791 4130
937 5004
3252 2675
7100 6171
8936 4759
5595 2353
6900 1985
8912 7523
564 4046
784 6401
3463 8703
5694 5597
8428 5399
7464 5935
8313 4291
2002 739
6668 5859
3430 410
5901 251
1630 3396
3719 4650
2728 1163
7826 2667
5178 3657
7741 6326
1363 3117
1068 5908
8791 6371
2787 1104
3813 5693
3954 8745
2833 794
6467 311
3038 4944
6225 8452
1305 9074
1062 4940
6667 8741
2974 3029
6092 5704
3718 8239
814 8770
3023 2067
4042 2003
8492 7966
5903 2352
6008 980
9007 2765
8931 439
2128 1391
3513 4634
2999 5979
7422 3499
3816 1719
741 1894
4851 2906
2160 4481
6416 6634
2099 6175
7024 725
5069 7664
2046 6401
1109 3382
5808 3554
6373 7201
2497 6324
5600 1003
8740 2487
8856 4530
2581 4623
6107 487
8270 3410
4373 3808
4947 5798
610 2645
3342 2000
6104 5887
5817 7771
6424 3675
2732 9051
8559 54
1174 702
7742 5529
943 2957
5240 3991
8720 4159
2945 7026
2946 7178
3995 2966
3996 146
2320 5257
3551 7717
6199 8116
164 1911
2597 8102
7763 4891
4995 8759
8060 8208
2917 6122
2312 4462
6577 8448
7817 5414
6519 6458
2623 7421
7316 2819
2836 1571
1138 5811
6097 1373
3268 5564
8842 1165
2223 3277
6306 1263
8343 7768
790 175
3795 5895
79 3809
2997 865
3402 5462
362 8231
1107 638
3970 7783
255 2431
3016 6874
1761 956
1751 4987
2440 2906
6003 4256
2266 5499
1905 2675
8833 8896
191 57
5309 5430
4056 7917
5974 2789
6423 5441
5702 183
2334 3859
834 2770
367 7116
965 4116
3534 4311
6046 3736
1359 6315
8808 8332
6372 2527
969 1143
5783 3839
8791 6080
5143 6316
7870 3681
7408 8809
2077 8019
3748 2426
4224 6381
2936 6733
2965 5140
4985 786
9152 740
5538 2187
660 8854
6397 3177
6710 5565
5468 2927
3408 1316
3710 8459
8341 7185
1187 7197
7608 2022
783 1175
7988 203
411 3325
2676 4453
6625 8669
6762 5316
7345 5673
6870 3100
734 5499
2475 2975
3786 1955
7056 378
4521 6546
947 6177
8929 3097
2662 2182
2102 5615
5793 1287
5206 8951
6643 5899
3282 7269
6322 1794
7210 8980
1325 5215
1339 6853
2478 7839
6869 5088
8801 2742
2811 6151
1441 6233
5534 5011
167 974
9014 1941
2738 8162
6206 2069
6968 7924
5798 8586
2950 607
358 8052
9040 3613
206 4473
1334 1342
3892 8154
5032 6786
5794 9053
1334 5484
4588 3939
3137 7251
407 3805
1054 4444
2089 8688
4055 8410
4263 4284
551 3692
4676 3640
730 3914
4208 4461
355 1074
2443 5879
2918 6564
3807 1812
8795 5997
8860 2651
7317 3326
801 2917
273 6898
423 1356
3477 2833
4268 4082
2727 8518
2414 3039
662 773
3919 8048
2826 1543
1887 6391
3672 3424
7273 3498
1487 602
2127 6488
381 2812
8748 8337
4475 2299
1229 9165
1159 2275
1242 7816
3064 7819
364 9093
2557 2682
2648 1490
6837 4362
8751 4752
8861 6011
4063 7715
4283 2501
7593 8950
5285 3875
4667 2314
6540 4809
3774 6297
3628 1791
1520 7349
2033 9100
4228 3556
8015 5059
1161 2772
8391 421
3822 402
8125 3089
6059 1199
6516 7131
3060 9141
5918 1717
7692 1419
3347 547
9081 7461
8123 1394
1437 8022
8604 7577
7120 7135
3872 2656
4768 3657
8369 1412
983 3682
6329 3641
200 2856
3655 7618
2229 1208
4221 2049
3802 3130
856 7110
4116 3977
6323 1066
4575 1439
7782 8550
922 2904
8402 5911
1803 6732
8572 3912
6507 2819
7281 5217
1185 4203
7304 2542
2968 8762
9095 1429
4593 8606
3208 4927
5544 9156
2519 8490
8220 247
141 5608
4065 6618
6015 7482
458 9175
3655 2514
3355 3563
5158 2991
2934 7999
7253 2477
2791 6909
4773 5541
516 4939
6629 1455
2399 8753
7362 7496
6173 1924
3771 6851
7265 3861
9053 4612
8832 4984
5144 1709
3066 8805
6517 4010
4663 6257
2861 6192
1623 3828
3671 6298
6164 7407
2703 4142
4213 7033
585 4643
4030 4853
6134 4321
6902 7387
8131 6000
1336 5474
8234 2449
5777 2011
351 8975
5319 678
921 867
8668 3384
3717 2071
840 345
8452 474
1386 3661
7872 3253
4834 5037
5415 7574
7845 6611
3163 8949
5864 3442
6516 3106
1276 4522
7125 3182
3422 1179
5594 5794
8679 394
5321 2866
3318 6055
4765 1716
9070 3447
2018 9102
4597 6138
4753 673
2115 2109
5063 4576
2401 7476
8193 5578
5740 7045
3934 4591
4423 3647
8339 2195
4709 2704
7851 5001
1946 5829
3448 3120
4864 8702
9050 621
9163 8594
4686 6178
7362 8347
5284 8510
6495 1918
1932 5928
5917 4343
5576 4668
4902 874
19 6788
1407 1545
5384 7374
1365 1903
1291 2073
7627 7689
8998 3911
869 3173
2096 3724
8879 7865
2136 2989
5187 9060
531 4861
5317 1743
8191 546
8226 6421
5198 5320
4058 8319
6175 6227
9134 2095
1011 8220
2045 132
4624 148
8126 1706
892 3778
595 696
2407 5553
722 6098
4497 2102
7460 7555
7024 7469
3732 2990
6906 4110
483 4575
7509 8900
745 5761
2257 2421
5108 3861
5159 5419
8274 3933
4997 4278
8964 8133
1281 5195
584 8406
6042 135
2510 1526
5197 2443
3870 624
2561 4754
3078 9
4888 1904
1306 3383
5584 380
5934 7743
4605 3577
8063 3746
2948 6641
8027 1414
1281 2947
3016 3879
4468 4653
1352 1051
643 7078
7895 1032
4068 2346
6894 2899
1232 4940
2301 7872
7557 1118
7361 5876
4484 4880
2412 7022
4624 7333
8790 9007
7317 8660
111 7810
7646 4226
3466 6613
1933 1670
8480 8134
3836 5669
8815 6059
510 6513
4174 8998
3963 3772
8254 3205
629 70
2221 585
1407 3769
4936 7624
266 1059
5026 230
9007 2758
580 5594
5622 7344
242 8358
7126 773
5829 6523
4201 2844
4545 2209
4295 6567
4290 6836
1836 3027
6388 697
533 4604
7498 4826
7534 6471
2988 6719
2800 133
7539 3818
3060 8114
2815 7211
7690 3968
8256 8882
1333 1919
8549 1372
7673 8683
5490 794
110 7370
7943 2330
5114 3197
8144 2810
2977 4596
841 1158
6111 7407
6564 6147
769 5849
7638 9098
4799 2270
6108 262
4039 3194
4479 5727
4157 3195
4722 4022
7859 8466
2615 813
4311 1154
821 8607
342 5368
4757 7135
1124 5672
5650 335
9019 8280
1259 3422
5385 1398
4064 5795
2173 9168
6940 7014
1570 6675
6889 5883
9014 2290
2639 8368
9009 8250
4445 3127
6313 8535
1109 7294
3198 6817
1004 4166
6148 4742
3256 2869
4005 2233
1953 4163
1501 5152
232 1211
7997 8859
7508 4000
55 6477
7291 4124
8957 2154
5299 455
8509 8614
5457 1120
245 4703
6873 3728
7693 8041
2329 868
5218 7831
5886 2428
3678 1979
3607 7485
5494 7803
939 6447
7251 5893
6173 5111
7775 4220
8419 3172
4395 2718
6620 1693
6716 6204
494 490
6727 3616
6454 6065
3616 4501
261 1599
5557 486
542 317
2142 9021
1799 3788
5679 6998
6209 1899
6107 3565
165 989
2703 4689
5929 476
7251 7960
7569 342
6418 2315
2071 1233
6793 1243
8923 4871
7769 7469
655 159
7714 5120
7796 1594
1483 9101
3532 5116
931 2773
4882 5101
3149 6973
2386 1881
5553 7892
194 7187
4871 5961
1591 7749
3170 5441
4589 4949
2020 6418
4533 1986
5462 6393
4500 1828
7527 7781
7455 5563
4703 5344
6954 6027
9073 8169
4435 5801
2549 3674
4034 2052
7206 8901
1683 3288
6327 8493
2336 8975
5399 1657
69 3650
8372 4285
970 5990
6964 8884
3457 3842
1144 587
1237 4895
1193 5308
642 2205
1115 4941
4971 4664
8299 1764
6101 1960
3134 1722
8643 2312
7497 2688
3082 4392
6570 910
1552 3101
7179 5502
3331 836
4103 1617
2395 5403
3314 1971
7289 1692
7373 2098
3415 6868
4425 8656
7842 3961
1268 2634
6580 8920
2615 8799
4338 1647
9164 6946
1353 4154
117 7742
9047 772
5823 6461
8626 8064
6697 8229
7049 8165
5070 4947
7383 7064
6364 7255
3571 4516
5944 8010
1893 4357
1806 8707
4398 2952
5557 3552
4359 1573
4360 4747
5058 3985
5746 224
8767 1488
7306 2862
2998 8483
6535 4764
2823 8071
350 2786
99 3550
3972 7210
2434 3321
3368 4693
4953 8265
3311 6000
6671 8157
5740 6244
2856 7605
229 145
8371 6247
2849 4838
8564 6681
1595 1059
7479 4177
7585 3944
729 241
4961 1666
6064 5231
2524 6050
4940 871
4042 9039
5098 786
8422 2153
145 877
716 3303
7759 287
7698 7119
1346 153
3359 1411
593 4340
1749 2051
151 5023
6707 1037
8079 4940
2987 5009
8206 5434
7815 6955
4244 6258
9056 9037
3758 6805
6582 1781
8737 4317
3302 7683
1293 8295
2020 4287
5332 1140
5670 7538
1588 7660
4086 5949
5545 4610
7180 4139
2804 5888
8041 8308
3269 405
5276 8946
5408 6574
1313 6288
5725 8455
8658 6483
100 943
66 1707
7188 1273
2655 2099
3559 5390
2694 7099
8722 5771
6609 8682
286 415
2556 129
795 6515
768 6059
7395 2951
31 4456
7974 7196
8223 1203
4713 8200
3114 1296
7212 3118
1695 6204
5361 1156
2677 4824
7671 1897
2204 7908
1989 7068
1266 252
628 7208
2 2780
3820 3040
8015 2226
3048 6011
6682 4383
8780 1886
3125 1881
4956 5822
9002 2888
8848 4585
122 1995
1012 934
2908 1204
5284 4302
6186 4026
4632 3999
1306 2038
3031 4012
2681 5388
561 842
5226 910
1083 6768
7322 7113
5133 6624
2976 4337
556 6522
7831 6896
1678 851
2890 3320
8442 4151
7634 6004
5202 1037
4488 3669
390 2484
1076 8202
3396 7429
8902 8067
5916 3644
3301 997
1096 8246
3645 4852
5181 3470
8807 4057
3365 8182
1373 7642
4789 2455
2772 2198
196 3187
3363 2471
4507 1794
897 4954
37 4003
4328 871
1722 3938
2677 5815
3768 8272
37 8876
6473 1343
418 2490
6743 2921
2408 7200
4051 4841
1530 52
9128 1724
4619 772
3733 8080
4037 4176
6248 8895
2030 3452
6438 84
5963 1339
7344 4472
7809 705
6843 3644
5437 4364
8103 727
1064 3451
4417 2813
1925 1288
5740 6386
4617 6534
998 1273
2072 5010
3216 6185
2762 8879
4043 5531
3096 65
5774 4338
7403 9087
2317 2528
4457 3338
337 348
480 2268
2812 1583
7231 8441
7666 6287
3741 7450
108 8055
8080 555
1033 648
124 7960
4515 1634
2954 8971
6159 8587
2667 5013
7410 6425
6978 5975
7307 839
8670 5294
2887 7035
6556 6126
289 2099
2168 739
5563 472
4027 5655
4468 6541
209 4463
6897 7636
4684 2783
7261 5224
6918 1937
7878 974
653 4839
4241 8747
5193 9078
9007 5410
2769 7313
3278 4584
7882 6471
3495 2073
697 8544
5208 6465
7051 6036
8497 2723
184 1405
2872 5709
8712 4776
3218 5329
3094 6425
633 8436
4980 3460
5747 985
3212 2643
8819 8075
6638 8331
2016 7702
7142 4312
7939 1293
558 779
5139 992
7903 3178
1854 725
6784 7651
1447 1471
7148 8518
4335 6383
1763 8230
7526 9135
1987 4654
1110 3406
1270 8290
4777 3704
2261 5417
8519 7052
1631 3609
7108 3372
1009 7673
4577 7293
2419 1504
4543 6267
6216 4848
5062 7357
3913 4871
6208 6229
8827 7015
3150 8073
4580 1082
8423 3315
8178 7580
8599 1193
6365 5250
6452 5575
5142 2090
3797 1837
8846 7203
8460 1950
2576 7674
9031 4126
4542 2835
6270 6434
6085 746
9098 6763
5334 4973
1576 871
566 4876
4168 1916
2493 2221
1754 7539
971 6581
6761 4207
6897 7975
2318 4703
2876 3599
8905 5695
2641 5832
5421 3382
8670 445
3812 2707
7561 7656
5235 6929
6585 2792
1934 7048
2206 4640
759 1102
7093 1792
2761 3866
3379 1377
4518 7258
1012 8040
4925 1068
6887 328
8293 2306
7537 2558
8443 3742
5699 5968
8714 5632
6715 8524
1274 5772
3018 1190
2375 2897
1951 8470
4338 941
9042 4262
3574 1102
2040 5910
3076 3876
965 4066
1896 4570
6473 7441
4672 8449
8852 638
8363 1876
1452 2424
4027 8938
7614 5523
8836 3239
689 2229
5924 5102
8482 2693
6755 3853
4506 2204
4549 8613
5764 6618
5873 5028
435 6885
4344 1441
428 2067
3468 5617
1852 2663
2771 1281
4529 7377
2490 3088
1508 3044
3502 163
4565 611
6284 8655
1728 3298
9028 2491
298 8178
3759 5031
3093 9119
6289 8891
3335 360
1127 4216
4736 8035
7896 5753
4513 4706
1748 8113
1644 2471
2041 237
4488 354
2880 1698
3494 8216
201 3976
4061 6167
6783 925
6990 6765
8347 130
1584 2763
3474 8014
8991 3323
5974 5071
7303 383
4586 4950
80 1516
7130 2463
6908 6833
3945 5160
1312 978
6931 5392
4448 1481
6628 7004
4577 9036
9090 8257
1219 336
8228 8425
5297 2099
3138 5959
9141 62
5469 3722
74 8538
3697 8520
4276 5317
6947 6225
6344 8367
782 3121
3543 7606
8161 8015
3581 6761
4652 1787
749 3362
1778 2083
3631 6553
3081 589
377 7604
5258 3837
7299 38
2481 7281
8368 6469
2738 6235
6285 9083
5433 6971
757 8613
7217 1252
6379 3793
8738 9145
5384 215
2725 713
4343 5360
812 1747
6128 2475
5401 9119
2774 1620
1389 7246
5067 1234
1755 7987
7510 1476
4682 5333
1943 8228
8641 159
6655 5975
5581 8210
4823 8055
2995 8101
5110 7533
8787 6994
7484 3076
1826 2048
4985 3863
2759 6925
7840 2821
1 4656
8598 1057
1442 2504
7311 3413
5337 2056
5520 5504
3812 4148
4439 1345
7466 6573
8086 8434
5839 7010
5942 1394
8671 2266
7068 6544
9172 5941
4413 5097
9004 5425
5677 7899
741 3143
2899 8053
3122 2316
2584 6706
2125 7564
6379 6136
6493 8547
3553 8612
5373 1238
7916 204
7902 7388
4066 6989
1343 4960
3274 3414
8501 3091
3575 8603
9103 188
3732 5582
152 2834
6197 8203
3420 5733
8361 6250
6982 5327
3980 6575
3347 3352
574 5603
1410 1365
1708 4210
7959 6524
3644 7006
392 1496
8781 7229
8830 3521
4452 3006
4828 6309
7751 5735
9161 7187
4423 2747
6393 4540
6127 1287
6978 6766
5318 7971
3913 1095
8949 4744
6983 8266
4491 1310
352 3381
8804 2178
1006 176
790 5609
6192 4710
137 5731
6861 4160
8757 5631
6433 3086
2685 6334
6688 7326
8178 5756
4608 212
3792 7289
8524 5391
8792 2967
1077 6101
5279 592
8905 7202
4691 5968
1646 8580
2713 7374
560 532
3147 3809
2485 989
4075 3358
5898 6467
8903 7578
4048 1318
3206 2327
4323 3026
2432 6127
5337 2715
5774 4081
5539 1880
4084 4635
2806 7483
6355 3894
3850 5639
1866 3180
3081 2235
6697 3290
1275 3684
7459 1686
1902 7951
7945 659
2879 859
6285 2526
3648 7470
3330 3407
2801 4004
6661 8318
5123 1028
818 2377
5933 8189
3762 2390
5802 7116
4367 4284
8176 4489
4349 6142
8568 455
6336 3395
8481 8825
6417 1361
7206 2657
4330 8766
4014 632
9115 2744
4591 7376
3709 6779
1066 5012
6281 8587
5964 7374
588 7972
4603 8604
5641 8155
264 3568
6245 76
4514 2271
5108 6552
3541 974
5700 338
2461 2216
8099 4608
1839 1643
2496 1807
3113 102
6521 3378
6739 2759
7677 8105
8514 796
4370 3743
7829 8926
3904 6696
155 4794
8020 4465
6482 8130
6226 8376
4479 5232
1185 8696
285 853
3121 5845
9150 5922
3149 2420
7953 1479
6369 7886
7525 7376
6656 4429
249 7306
635 3085
2194 5432
4857 4474
7842 5732
2229 3887
3967 5940
7107 5371
6848 262
5199 2887
5556 8736
4659 8159
3250 3901
3195 6251
3204 7873
5022 1141
648 4772
7979 3195
3248 3249
4751 4541
4077 1258
4005 3192
4615 4049
4160 5326
4415 3432
4651 3094
1605 4315
2061 7793
4811 9062
1807 5315
393 7427
5243 1671
3136 5999
764 6143
6335 8711
2827 5924
1756 2081
5100 4921
5595 7601
6168 942
4939 3075
8762 4469
8211 699
885 8387
8930 5118
4718 6133
1448 320
4974 7513
6013 607
6211 8005
1464 1658
6412 6355
2415 7216
7562 6867
1691 5524
8606 2993
7554 3471
8513 1215
987 4118
1754 6162
231 4025
2859 7927
5915 2630
4060 5607
4282 7418
1651 1157
3881 9152
4927 5129
7541 5790
6364 1962
3409 543
7814 2976
6876 5372
3059 4409
4905 4779
2939 5945
5868 282
7684 7962
4144 1585
4218 5543
4238 4865
6169 8400
5324 5807
7406 7227
8529 2457
1638 7278
1642 4727
1467 6011
3761 7818
8459 6986
4696 4431
4760 591
5910 8633
5863 4566
5086 3712
4463 5339
7109 8122
5682 4943
8408 4308
4519 6081
1837 5347
5821 5938
4455 2229
3217 2345
2411 2755
246 3059
8809 7663
5853 4714
3999 7242
4306 7703
1198 557
4189 5903
670 4475
7547 6433
5386 5528
7712 3182
2175 3866
8309 8072
783 8965
8328 1365
2665 1954
482 2864
3580 723
3102 6942
2736 7178
1644 1309
3544 7864
5548 7851
156 5110
68 2171
6068 1308
3654 3817
2124 8398
2296 5074
7758 1125
7292 6661
8515 6562
1082 5150
2114 1460
8429 2558
1470 4918
835 7010
5926 5582
5420 1566
1072 6070
8061 7875
8727 3109
1384 6668
1613 1458
5722 288
7138 656
4937 2608
8039 5313
7767 1246
6270 7740
8972 7593
995 3860
7356 164
3390 8111
3958 4560
1212 6441
6320 228
2522 1572
6426 2872
1152 8291
8497 7621
6530 1862
6738 4192
7715 8921
6784 7320
7597 6315
3090 7225
4303 6923
8758 2703
1669 5327
6507 465
4195 2151
5619 2591
9140 8716
6317 5453
5947 6065
2275 6440
3311 3779
1226 6167
3514 3602
1321 7583
2617 4040
6015 4355
4671 2577
4483 7841
4988 4893
2249 7841
7182 2230
2694 2256
8277 6865
2676 4418
5072 6878
1665 6377
3601 6197
6677 2201
6293 303
2298 3030
873 8304
2850 4520
8152 8778
7067 5097
9076 2457
6263 4840
8241 7975
5272 1718
3103 7015
2595 2084
8239 3389
696 1248
1478 2988
3079 3467
6033 3783
4400 2925
1413 8600
7257 8467
6392 4310
7737 1710
2963 7413
8634 4019
6121 2633
1659 2919
8721 3603
3749 795
2863 5292
4661 5298
4490 6949
1466 2526
3364 2760
8693 4994
3285 4920
1830 4963
7958 684
8438 4753
3708 2656
5862 4739
806 4627
7932 3925
6051 6113
1283 2456
1397 6180
5772 907
1740 6867
6246 4274
1436 4894
8207 8015
5857 5939
2005 3506
4006 5671
7465 5604
295 7158
8617 6829
7561 952
433 7461
8628 7119
8450 7254
2662 8345
6790 941
4711 6193
2546 5929
3955 2619
1453 935
4633 7373
5393 2756
3407 4558
7915 2530
6376 6128
6302 1966
4713 8897
5014 2007
2575 3524
8511 2112
5163 2962
8261 6702
5504 7669
1672 6724
4817 5376
3578 1990
3026 858
7536 7218
1536 5273
2890 5423
1614 4189
5654 1361
679 3246
6306 7909
7092 5646
9077 7836
7967 9111
3731 4255
2458 1810
5524 4412
8756 2585
2861 1768
2359 5534
6062 3811
6005 8551
4324 2817
7053 421
5648 2808
3643 8485
6973 8970
3965 2660
1362 6276
1228 876
7982 1852
1334 5752
4196 6467
1927 7384
7215 1211
432 1937
5266 1277
7118 5977
2465 8241
7562 5998
3427 2298
5366 327
7229 2292
4182 5002
5593 1434
9092 121
5782 7893
4086 3255
5395 3014
6061 300
2684 5109
8271 2887
2089 4059
4361 2942
6229 6792
401 3411
416 6839
4035 7774
6216 2035
4345 4169
2207 2429
5058 4016
7953 5024
3173 6468
1411 5834
5494 6801
2423 7449
6378 5140
4146 6462
7284 1213
7624 5214
5931 6405
6958 221
4533 4206
7055 2383
5517 5220
6288 5473
6851 5633
244 27
6505 848
1456 8955
8104 2346
673 131
3044 5200
2951 2583
2916 7025
2550 1055
778 3178
7969 1757
9084 8498
6817 1542
571 7346
7273 6654
1503 1142
5007 4146
3459 8272
4240 3844
4224 6721
5024 2578
7699 2870
5063 7926
6915 2611
9138 5864
4114 1893
4126 3056
2085 8839
3327 2082
3560 501
6239 3721
3043 342
2289 39
5991 2708
765 827
2720 3449
8183 8093
390 8385
386 5394
921 8803
8429 6037
8871 6975
918 8269
2447 7668
3160 150
265 477
1931 7750
7468 7635
1826 5428
887 961
2986 8104
1966 7910
1368 6572
2579 2612
8870 1091
1744 3033
1615 1813
3045 7420
1942 1136
3357 7643
6891 2027
6818 3415
6056 3810
8777 3811
884 2479
438 3349
9153 6907
1182 6017
7517 58
7220 4137
981 8506
7164 1433
3271 6237
5879 1472
5843 496
2620 6370
1072 1679
8411 8514
7122 5371
2877 2918
6367 9034
3018 6917
3101 3062
8660 4867
864 6597
8721 5282
7363 3680
6645 9034
5578 7685
8300 4337
1530 954
4345 8070
6066 8487
25 41
4629 1132
5643 4478
1982 5061
8774 8020
5137 803
7071 7063
7190 5106
5240 1216
6100 3822
7940 8414
5576 5135
8553 1786
6991 8162
683 2295
5572 7824
460 6658
1996 4191
4708 8889
2606 1355
9001 8960
7144 706
2813 2068
1220 4594
4862 8363
4281 7121
8201 1280
8874 741
235 2191
2973 8917
9064 979
1420 1544
8915 3151
4472 830
2047 7993
4573 4552
438 973
8084 703
9120 5168
5999 3012
7496 7622
6855 8768
8577 1078
5065 2962
8670 8054
3324 2460
7758 2824
548 4206
4134 2555
2765 7970
2650 7716
3169 5774
1871 3626
5234 7851
4145 531
6749 4694
4898 3297
4884 7702
1414 6555
1340 7650
761 8411
7151 4634
5832 9058
5247 2996
2562 4655
8797 5353
2880 3533
3139 914
8455 6149
3191 8878
1567 7274
2670 1002
4553 2671
5225 8121
6683 8761
563 613
5016 3736
6403 2630
8380 5649
2225 232
7328 64
4217 9005
6384 3871
1086 331
5334 1039
1461 9132
6470 5046
5202 82
8328 8558
700 285
1912 3537
6277 7965
860 6822
629 5789
3384 7036
3854 5467
261 6243
1829 5186
4192 4015
2629 236
6598 6660
4532 6315
8145 2445
3535 5897
6854 5831
5998 1184
7347 7139
6357 7479
6261 5823
6576 7772
2842 563
426 5038
5109 6
539 3693
5350 8776
844 6184
8597 8878
923 2734
7521 8709
9059 5913
2297 2659
534 3491
3591 6481
4609 267
8645 4775
5043 4132
1183 4821
7013 4606
5482 2400
3035 6681
5558 2546
800 5398
742 7213
1349 8332
3368 7490
3893 716
8931 719
6542 5074
1849 6974
7833 5653
1850 4633
4599 6202
1654 5063
8149 5105
6423 3473
7936 5674
775 9133
5656 8106
8741 4749
6155 2516
1565 1164
8563 110
1993 8949
5863 400
5160 5902
1251 1661
7143 8902
1846 7633
5891 507
1742 6145
2317 4296
2537 1062
2038 948
1776 8580
5392 7330
7503 1604
6714 3310
3031 704
2740 9015
1610 5563
2662 798
2280 5045
8026 77
6857 1207
2854 2176
8366 5711
575 3413
5343 6478
2701 5639
6388 11
1285 8281
1282 245
6897 6030
8741 4095
6591 1733
3708 7276
2511 5263
6379 1800
1726 7929
6541 2467
4940 7066
6712 8339
785 8104
1683 4887
293 7280
4242 1579
2259 3537
5470 6209
6725 3393
5370 3937
5775 5951
5661 1627
8454 837
7490 6140
1301 8485
6160 5127
6035 7062
1559 3350
3305 7405
3531 682
729 2690
7776 2786
6770 8227
6381 731
2407 4641
1377 6935
4903 7837
2452 5938
8170 8505
6706 5179
590 4242
1793 7072
8691 1775
6984 7290
4592 2981
3066 1023
4225 4346
6538 2356
1312 7549
7053 8847
1180 1861
2365 4392
7276 8666
9106 1256
7336 76
5610 8377
2725 2459
102 6670
7438 2566
6001 6455
8267 6899
6421 1684
8942 3084
2686 3220
6561 7378
8785 2869
4344 8305
7898 5442
2248 4300
2980 3801
9066 4571
4329 6259
3995 6961
8438 3419
322 4189
6788 1517
3593 4871
4746 4298
1021 2491
7928 2588
4994 3583
106 1529
4332 1240
2011 2308
4832 8872
5142 6813
2019 576
7490 7934
6819 5468
6021 8002
8890 239
3535 8028
4237 5989
7075 4825
5729 8906
6118 3108
3617 6081
1929 7128
5528 7381
2606 7115
6352 5214
1896 91
3750 3044
6607 7140
4800 9091
6597 169
6064 3663
5151 9095
3971 4405
3109 1247
6311 6584
3294 4856
1431 4117
5459 3940
6063 6589
5514 6541
1535 2230
9017 2903
1358 8541
3618 8810
3378 6827
7979 6588
1276 2427
680 7918
5055 364
2125 1307
8322 4350
8034 2536
823 1997
7731 3403
5446 6203
538 6084
6924 5533
958 6682
8268 1693
4073 9127
7586 2531
1252 7082
8562 8355
7637 7702
5234 4737
5640 5688
2483 6649
4072 8881
6052 1994
3500 4849
5460 6054
6783 412
3856 5216
5387 7492
4949 7812
4150 1852
8922 743
6882 8247
2138 6193
5925 7887
5271 4219
1070 3632
6602 4298
2147 3219
1362 5033
2066 8096
9056 4910
1732 8993
6637 1403
7226 4444
8059 2038
9122 726
2075 5918
8342 4804
310 7181
1530 3456
5620 3830
4430 7324
7708 7369
408 773
7691 9051
8523 5337
6622 3233
4477 9090
7695 3994
2796 4926
5366 5182
1139 2905
1785 5014
4297 7563
946 4209
8227 7867
1981 4438
2451 488
9170 5352
2025 4899
4622 1118
8447 1223
2664 4715
5207 8701
2694 957
2532 1890
9114 8071
8173 8945
5179 4155
1984 9143
6090 1041
4489 4280
5713 1237
4164 8820
5333 2186
6844 8573
1369 8708
3852 1
7581 9104
2838 8636
4481 7760
4164 2104
7839 4499
8914 7461
4774 1173
3238 8
7024 4692
5567 4093
4235 5965
2783 2979
4371 7075
8838 855
8888 3036
1007 8312
3525 1402
708 2150
5084 5179
8970 2642
1303 8367
4916 495
5716 3942
451 6944
7799 4915
844 6559
2959 8129
4701 241
733 8502
5100 8095
6273 7667
4233 694
1511 2832
3013 1420
2012 3614
5965 6358
5882 8615
340 1147
1178 2922
4007 7124
4732 1713
441 3128
2181 36
3119 1622
2534 2503
3205 6794
454 4297
5979 5875
5577 8632
1515 487
4361 4934
72 5190
5170 7886
7792 7591
6067 2400
464 6190
4637 8872
7820 8584
3466 4293
240 4502
4928 213
254 1435
5341 160
2422 8763
849 6473
6821 5111
4878 5724
3267 3005
2126 1629
5823 6431
414 6621
3847 3140
1908 965
8866 2469
5606 6319
4144 5375
3477 1197
325 2814
1691 4336
1823 2879
6068 6499
1771 4723
3889 4011
7454 3009
3133 8963
3223 5555
3479 1280
751 2166
4033 7020
6549 2014
1327 4790
750 2425
4904 4574
3544 7542
8058 3822
2525 4628
2958 5596
6736 4798
1034 774
4517 3244
7585 1783
4940 6291
4161 8317
986 1281
7649 5345
2273 646
2752 8953
6935 5647
8576 2806
3594 8865
4356 7187
4550 8512
3228 2924
2454 1014
1917 4785
6643 3434
8555 1216
2373 6501
754 1860
1944 2629
1465 4523
7480 2909
804 5671
7672 1853
5638 6824
168 5407
7308 4502
1221 3037
4625 5468
2219 2510
7456 4436
3739 2026
5 1835
506 2509
1590 3334
3873 5253
369 5080
4399 4431
2500 8359
7076 6363
2276 4043
4975 9000
6024 1663
6372 6578
104 7862
5505 524
4094 97
2544 3546
8961 2464
3663 5303
7833 1129
6829 8153
4991 2683
2567 2231
908 9084
1512 1737
1194 2794
5223 6587
2467 562
7331 898
9044 6606
4544 7227
463 5540
8297 305
1348 7550
1958 3739
2940 8664
8063 4171
7238 5420
5113 3157
8998 6966
3437 1184
3693 2172
5079 4040
2046 1553
6767 6276
3072 4894
6663 5090
7157 1671
777 4540
2854 3527
4108 4715
7092 6627
5732 8829
1957 6487
3453 892
1154 2978
8765 2232
5146 184
9097 6563
665 1959
1974 7465
4907 7465
5634 3730
6593 4981
3835 6071
8085 5131
5909 2958
388 8090
6041 5814
2532 4153
9176 2469
361 7243
2368 5070
1173 2241
1337 7740
8379 900
5565 2628
8483 6396
4786 8015
3920 8834
126 985
2944 1843
2076 5223
7079 9029
2731 5741
1035 6321
6110 3054
8604 1685
5618 5029
8839 8004
817 7373
4526 6108
5779 6678
1122 467
872 2113
3360 7331
8996 2661
1779 6855
6266 8323
4091 6755
1058 2021
5962 675
2881 493
8357 8735
7105 8857
4029 5711
5634 2754
4031 113
5770 2695
3735 2413
1369 7155
8676 4805
4931 8764
7682 1439
2500 3826
4149 1385
3543 2362
6699 1301
593 1171
2309 8700
8888 2803
1428 6745
6025 3164
1481 540
4743 6885
2769 8011
3904 3050
4587 413
4427 3242
4474 3668
1264 6288
194 7439
4078 3419
6166 5383
3606 3060
5764 6368
5026 186
1379 7644
3226 5141
2285 1218
6259 4223
5358 2710
210 7091
3080 6933
1027 7752
9027 4113
6891 4965
2569 8578
7744 4094
4314 735
1694 7396
2834 8978
7757 95
9136 6852
8710 5740
5294 3190
8835 5689
2970 802
9146 4618
2504 6189
48 3300
2622 5664
2017 6825
3135 3279
5767 1374
6330 1714
3179 1494
7921 8023
536 8977
3232 7595
2104 2092
7189 5579
4929 7819
6176 6114
4850 697
4660 993
8569 5522
8728 1888
6012 6569
4844 7230
6147 7411
1427 6545
7679 4996
1740 1891
7609 4757
7780 1731
3886 5943
6104 3068
5590 2585
527 3155
5374 5833
419 6230
1534 4346
7611 671
6496 8674
1484 4361
6520 6372
3273 4883
8516 5326
3924 5452
4132 3620
2586 7715
8384 6277
3834 1093
2380 8843
8135 8243
972 45
2106 4911
7315 1116
1546 314
7135 681
1986 466
7802 3702
861 2523
1018 6910
1773 3029
4088 2312
3900 1575
193 8650
5581 3339
3899 5172
3228 5547
6945 8579
8988 7977
7576 1798
5568 6926
1574 3949
1570 569
2394 2148
3938 6275
920 7437
5220 6217
3525 7623
1785 8284
8772 1533
3990 376
832 8701
2545 737
5124 7343
9094 5578
7023 512
759 1146
7188 4127
6057 3683
1030 1949
5427 5591
695 1341
1462 1021
8536 4222
6782 4355
4556 6110
3701 1707
171 763
929 18
1408 7478
2214 5660
6079 228
7948 7994
2603 283
9112 371
4508 278
2488 200
8033 2696
5491 8464
2111 3689
6502 3537
4784 1133
4246 5816
5477 3201
8453 7352
7755 5055
6370 9155
4670 2512
370 4258
2724 2310
6451 5442
9023 4709
5367 1162
7038 989
7104 959
8560 492
5914 9056
1368 7194
4870 8128
3263 9160
5713 2351
1532 8622
8768 5703
4594 1936
3435 1752
1690 1879
1288 7610
8982 6014
402 4822
3145 3148
1089 6365
4485 7318
996 4551
272 37
8867 4260
3340 1825
3375 4225
139 4886
5511 6349
7329 3873
8535 8811
7841 4677
456 8163
1008 4346
4301 1761
7766 4241
7890 6939
8585 6757
4179 4480
3218 6903
6667 3309
8115 1031
3043 895
825 6873
3629 712
8910 4733
14 2766
3814 2779
4568 2624
2648 672
8453 271
4041 2599
5115 2528
5036 4534
6422 2418
4681 6173
2319 1763
6120 2132
6664 691
4404 5648
5747 3670
4327 3295
3126 8860
3067 3089
5053 6014
7613 2543
7080 4833
1604 7364
8051 4557
304 715
9109 7112
1559 3841
2327 8824
4646 1422
5589 7070
150 4831
8242 1877
6429 8468
2215 6593
936 7247
736 7578
1315 5845
4247 2855
1866 4906
7491 5423
8373 8272
8747 9069
160 6537
7687 4803
3615 5136
8533 6525
1797 1440
2494 6350
1395 8001
936 5310
3415 4695
4467 48
5763 5856
5384 4354
6672 1753
2013 6465
7590 2172
8746 9054
3153 6849
7430 3540
69 5657
4385 7876
4477 2885
3787 4365
4706 8458
7393 499
30 1982
5427 8418
1312 2335
8719 5698
7491 3175
5573 6950
8291 5138
3428 4291
8139 8908
2387 5046
3237 1998
4736 1832
5872 1751
1895 8065
6828 6599
9109 4200
8238 4195
2798 4547
6644 8379
2629 1324
587 1522
5307 8094
7432 7183
4814 340
8375 9149
1061 2209
6221 6199
2747 2438
8122 2733
381 753
140 5865
3932 1539
4911 114
2902 6326
3492 9092
7653 2632
1602 4730
4424 8180
6194 2512
6800 4606
2419 3538
8839 5748
409 4879
9069 8724
1681 886
7626 749
2320 8875
8665 2171
6233 2366
9011 2109
8578 6409
4009 5145
693 8968
2314 8862
6760 5985
7141 7473
2977 4013
4442 3696
4476 6074
7861 1067
7133 1570
4897 2798
8819 4165
9139 7227
2480 2961
1656 8939
2827 1474
7736 6153
3905 8158
767 8898
911 6024
4013 344
1195 346
7733 1038
4466 4410
3214 3046
1380 7262
9040 1586
3063 2385
8990 8967
4719 7575
502 3480
7521 7399
4850 7788
4387 7862
8021 4613
2679 6901
7907 1094
8611 1455
3186 1519
8869 1633
2795 3454
4044 1991
8136 8771
7275 6243
7634 2985
8838 5506
5885 5077
8983 6996
2546 3877
4072 6464
7394 8124
3484 7167
1565 1655
6082 6398
674 4783
8763 1796
6241 8217
1388 5057
51 5184
5607 7707
208 1285
7443 306
4001 2761
8733 2119
772 8925
1651 7784
3003 5216
8557 3590
5102 372
292 2036
3299 3260
8501 748
3425 3907
4441 8303
9126 3102
5639 7905
4754 8077
8494 2855
6457 5269
7922 2380
8655 649
4734 5134
8708 8399
599 4416
1769 4669
938 7706
3911 6592
7228 5521
2129 4447
6449 8809
1440 3041
783 7761
3885 3488
1521 8640
4418 1818
1298 420
8943 5745
4443 8686
7319 1002
9168 2322
8151 5534
8503 2236
5363 6838
5356 5706
7404 2426
3311 9080
8969 666
3211 4728
7509 8197
3373 6807
5221 7348
2406 6860
7861 5486
1915 9139
5687 6651
6351 9015
7795 2940
1374 7881
5238 7009
771 4726
3636 7665
3698 79
6528 3351
829 5852
5585 577
5918 462
1748 173
8087 4023
8248 8396
8629 6586
3129 2288
2502 888
3586 2149
7748 6554
6957 7467
7952 198
2253 4348
4509 6737
4755 8082
4481 5364
2653 1224
2949 5439
4863 5889
5021 3390
4837 9001
1884 7444
2008 6981
8136 1640
1262 3982
5816 2839
5047 5749
2654 8543
4903 6700
5955 4531
2177 4992
3769 7860
917 8360
6335 8571
3542 3691
1391 16
7639 2641
4912 924
243 6446
1415 5043
5025 1009
4636 5908
6218 6735
3821 1369
8916 1457
5552 4959
3214 797
9043 46
7827 1243
8111 9024
8407 3936
923 4951
5481 6575
5995 2182
5934 8630
8591 737
4782 7716
8471 1907
1656 5824
1475 9155
5354 7552
6191 2831
8049 4647
5846 233
7522 6973
7050 3549
1607 7889
3217 1267
2753 2929
6279 5157
6228 8814
2 2147 2605
2 4258 9075
2 3393 8632
4 236 587 5517 9067
2 758 3048
2 1145 1549
2 1543 4040
2 2887 8630
3 3404 5784 5896
2 673 7558
2 354 2063
3 872 2451 4371
4 323 2054 3029 7120
2 5559 6950
4 1840 4459 5722 8523
3 1060 3303 3816
2 3255 3294
3 3193 7127 8036
2 3719 8778
3 3658 5344 6390
2 240 1037
2 7032 8313
2 2056 8636
2 2328 2908
2 377 2051
5 895 1042 5485 8655 8670
3 215 441 542
3 957 2175 3745
3 5503 6692 6810
4 1232 1559 1770 5376
2 1510 8589
2 2693 3217
3 2769 4968 8905
3 474 3640 5032
2 207 9023
2 7289 7566
3 2434 4594 5848
2 4152 4400
2 134 7037
2 2924 3501
2 4290 4932
3 879 1022 7110
2 507 2476
3 56 5064 7521
2 5714 6749
2 2258 2899
2 655 2240
5 2708 3804 3993 4352 8897
4 3176 5654 8338 8743
2 6711 7855
2 3611 6286
3 533 1911 3885
2 1248 2492
3 2554 2651 6608
3 308 2390 6063
2 3005 7464
3 117 5925 8316
3 3828 5226 5826
3 4580 6781 8367
2 1166 1603
2 5783 7500
4 1625 2898 5381 6812
3 2264 5204 5745
2 3844 4274
2 2373 5169
2 7184 7501
2 4057 9154
2 5214 5884
2 782 3334
2 3548 6257
4 956 1235 3594 7943
2 1229 8257
3 1148 6315 8187
2 2405 7439
2 2281 2837
3 4164 6431 9144
3 5157 6665 7378
2 3857 4587
2 3454 5446
2 2846 8001
2 4898 9032
2 1000 1529
2 1685 8233
3 1912 3603 9034
2 623 912
2 1810 7204
2 411 9102
2 1367 8806
2 4814 8924
2 461 469
3 4555 5108 6641
2 2340 2480
3 26 4118 4613
2 98 9060
2 3823 8623
2 1267 1765
2 5585 6953
2 2442 4273
3 190 1857 2371
2 1033 9036
2 2643 7158
4 195 2098 4802 5050
2 1601 5493
2 3047 5138
2 2907 3223
2 4190 6360
2 732 2053
2 2786 8380
2 4456 8276
3 4200 5013 5045
2 1428 5879
2 3837 7345
3 530 3064 7197
2 275 2968
2 1643 6290
2 912 5561
2 1204 4424
3 1733 8402 8834
3 3039 5981 8649
2 2616 5562
3 5217 5629 8980
2 4228 5234
3 606 3201 8326
2 605 7058
2 809 3345
2 703 7119
2 3325 4125
2 5470 6491
2 1936 6283
5 377 2970 4007 4148 7920
3 1849 4726 4820
4 1512 5098 6414 6823
2 994 1269
2 4235 6858
3 3696 5128 9122
2 2223 5789
2 1093 2594
2 934 7109
2 4707 8764
2 4420 5030
2 2609 6520
2 3089 8744
2 6326 8178
2 1111 2714
2 1331 4668
4 219 409 759 6119
2 2133 2524
2 352 1400
2 615 2759
2 2776 5158
3 2442 4755 6176
2 7263 7697
2 948 6930
2 796 7584
3 52 1339 5063
2 2973 3395
2 3398 8260
2 1697 7519
2 755 8462
2 790 5436
4 2409 4155 5579 6253
2 3781 6985
4 487 817 2098 5985
5 1477 1896 2538 4819 8197
5 2154 2272 5304 6355 8836
2 2725 6059
2 4551 6954
3 1186 7005 7074
5 161 5016 5679 5853 8668
2 2450 8769
2 4278 8750
2 1989 8827
2 1802 8308
2 4384 7700
2 5380 6060
2 594 1656
2 2561 4664
2 2692 7808
4 604 5193 5353 7392
2 1185 7326
2 1438 7720
2 3041 6042
2 1322 5613
2 866 3337
2 1920 8645
2 2396 7071
3 4344 4611 4956
2 272 8619
2 447 3419
2 1825 8287
2 1829 2663
2 2999 4533
4 2404 3269 4702 6926
4 1630 3277 4142 7098
2 1145 2994
2 734 4795
4 476 1129 2203 5644
3 770 5444 7235
2 932 9095
4 298 4059 4071 4197
2 7949 8008
2 362 6045
2 34 6875
2 783 4954
2 193 6441
3 433 2313 3574
2 3479 7972
2 3519 6183
3 1734 2981 4219
4 3755 4230 4423 5063
3 651 2071 5942
5 99 3213 4767 5095 8698
2 45 3873
2 1644 1890
2 3568 4358
2 830 944
2 4764 5568
3 1997 4492 6219
2 4017 8058
2 2060 3012
2 2993 9060
2 6191 6691
2 95 1967
2 1373 6172
4 1523 1640 2540 3206
2 4946 5466
2 7265 8143
2 567 4248
2 6307 8439
2 789 6257
2 2797 3009
2 3096 6600
2 6436 7469
2 2240 5799
2 1433 7329
2 6212 7246
3 3158 3402 7507
2 1973 8196
2 5215 6784
4 914 1583 5617 7912
3 5204 5528 7088
3 1366 3606 7650
2 658 3967
3 1507 5095 8946
2 4930 5381
3 1479 2358 4397
2 423 4816
2 4364 4639
2 1947 4778
2 8498 8675
2 1229 1648
2 7394 8472
3 908 4657 6090
4 1581 6348 6530 8125
2 7442 8856
2 7682 8580
2 1239 8566
5 1462 5647 7121 7345 8235
2 1385 4344
2 2195 5725
3 2906 3562 9046
2 7258 7604
2 4790 9107
2 2503 3605
2 5797 8322
2 3126 6143
2 496 1998
2 199 498
4 511 1350 3896 6054
2 5715 9025
2 3262 5194
2 1750 2249
2 191 365
5 800 996 1128 3917 5192
2 6264 6918
2 4181 5534
2 2541 4437
2 103 1556
3 2172 3724 8112
2 1726 5641
2 6683 8303
2 6000 7999
2 1266 3869
2 5820 7975
2 5371 7234
2 3297 7392
2 2478 4940
2 2114 4808
2 1554 3521
3 2539 5473 8918
3 2749 4721 6068
4 3758 5795 6529 9071
3 467 4247 5070
2 3674 4105
2 7818 8482
2 4954 9164
3 3576 6746 7028
2 268 4889
2 633 905
2 3061 3637
2 682 1731
2 1040 1961
3 364 4844 6952
2 2545 6552
2 3875 7007
2 4027 4754
2 1958 4043
2 910 2500
2 1288 8395
2 1368 8650
2 3511 8516
4 3064 3341 4437 8207
3 6020 7022 9058
2 898 2048
2 2899 6968
2 4615 7456
2 2211 4129
2 4655 5825
2 4559 5907
2 1507 3234
2 2106 7726
2 1331 1687
2 2991 8174
2 1385 2618
5 91 1576 2850 5276 6160
2 3914 4004
4 979 1535 3869 7922
2 85 2750
3 2157 3511 6456
2 2142 6980
2 1991 3077
4 237 2956 4114 6579
2 5863 8463
3 6526 6607 8536
2 1610 6740
2 3798 4006
3 3177 8129 8480
2 5784 8543
2 1785 3418
2 290 2702
2 1876 8508
2 2266 5882
2 3241 7232
3 1842 7248 8777
3 5813 6789 8924
2 454 6856
2 1617 6953
3 2035 5486 7527
2 1204 5555
2 2923 4077
2 327 8443
2 3390 5962
4 1927 3428 8009 9028
2 464 4352
2 3294 3409
3 1232 1382 5037
4 3983 4582 4601 8164
2 1746 3986
2 5676 7724
2 317 1848
2 5469 6737
3 701 3711 4813
2 2391 8046
2 5298 5409
2 2541 6555
2 366 4053
4 1779 6148 7294 7412
2 737 5033
3 2006 4088 8937
2 2258 6545
3 1857 3204 3824
3 4321 5125 7883
5 1206 3827 4246 5272 7668
3 3053 3405 8686
2 4544 7836
2 3024 5481
2 5720 7189
2 2582 6944
2 2958 3275
2 5526 8797
3 3032 4460 7777
2 5514 6485
3 293 3973 7445
3 179 1010 7334
2 1439 8956
3 639 2306 8585
2 2332 9043
2 1693 4570
2 1929 2282
2 270 3133
2 2805 7099
2 3594 8476
2 1125 7065
3 271 5328 8398
3 1611 2412 5939
3 4911 8212 8988
2 1637 7676
2 1775 3178
2 638 7921
2 708 6499
2 840 3985
2 5920 7115
2 3689 6433
3 779 2152 2842
2 6006 8958
3 576 2791 3537
3 1592 6665 6984
3 2395 3125 3668
2 1387 2734
2 3684 7978
2 18 1498
3 6577 6790 7175
2 4581 4683
3 4978 6311 7475
4 2047 3683 3808 7375
2 2088 6016
3 344 6055 8852
2 3116 6567
2 6832 8267
2 4555 8021
2 2981 7726
3 1675 7083 8699
6 1685 2219 2994 6531 6602 7119
2 169 7754
2 1238 4218
4 713 1848 1861 1913
2 2860 7288
2 3677 4781
3 2461 6329 7555
2 4029 4887
4 5143 5313 6104 8755
3 1216 6841 7161
4 2336 2703 5397 6539
2 636 832
2 397 1337
2 534 9142
2 5101 8692
3 2974 4277 4894
2 2049 7358
2 2231 5396
2 1763 8253
3 3379 4548 5347
2 168 4448
2 1105 4078
