5041 104 1
4636 1877
2486 4636
771 1877
4636 973
771 4252
771 2482
973 2817
2817 179
179 2944
2482 935
4636 2312
2944 4092
2486 1463
771 3142
4937 179
179 2732
2618 2486
2486 4614
771 491
3894 771
443 2482
4092 424
4214 2944
2003 4092
2983 2312
2817 877
20 1463
2732 4880
1475 771
1598 3894
2373 771
1419 2486
2944 321
2386 179
3752 443
1106 4636
435 4252
973 1577
1106 1519
4092 1048
4614 3767
4452 2312
61 3894
3596 321
179 21
624 3142
1475 729
3606 61
1745 973
1141 1877
4937 665
935 1762
3207 2732
2872 1577
1766 3752
1419 4078
4799 3596
3415 4252
3415 3531
665 3151
4821 1141
4459 2482
2482 3665
186 4092
2003 1224
935 1128
3767 2213
351 1598
3427 2872
4200 1106
2799 2003
3665 12
21 1986
435 4185
708 3142
877 2475
4286 771
4273 4799
2383 4821
3233 4880
2769 2213
1090 3531
3207 1771
2383 3500
3606 3892
771 3688
783 973
644 2386
3038 4937
2817 4041
4252 2669
3688 4681
351 4393
2737 4880
21 1105
491 4093
877 4671
12 3164
2312 2439
2571 2769
4799 4145
1320 3500
2605 1320
4636 790
1771 4729
2571 3278
4200 2633
3233 1334
2665 3688
3665 1860
3755 4636
2415 2944
3688 4820
1860 1876
4782 1577
2665 795
4681 725
4671 4542
2605 1236
56 3038
4270 644
783 962
1114 3038
2613 2817
2944 3350
2514 1876
3200 1762
2563 4214
2627 665
3920 1114
1219 1519
641 3350
3892 2198
3427 3423
4681 1439
153 435
1133 4252
3468 153
4452 589
4636 341
1105 4259
4041 4638
4150 2627
3601 973
2944 1181
1254 1745
1133 3828
3685 2669
2433 3500
4185 3298
1870 2486
1475 1034
2386 1238
3425 3298
645 1128
3688 459
2114 3892
3965 2003
4455 4821
644 3069
4636 1058
3278 3891
729 1045
2633 3543
4770 443
980 1519
2542 3920
153 3687
962 4343
3159 4681
1238 4137
1058 3075
3891 854
4919 2415
1073 1254
128 3596
3946 4041
1685 4137
2731 4937
3601 524
3375 729
4252 3931
3159 4071
2482 3403
4794 2114
1141 4686
3854 1073
2813 1463
497 1745
4782 3360
1150 3601
783 3556
899 4686
2769 3431
4100 2731
3279 1860
1747 2613
3403 2853
491 2002
1011 2003
3732 3931
5026 4252
4286 852
2213 4347
3156 4770
1220 2813
1336 1150
4671 1386
4455 2584
2943 2482
4671 3765
1475 4855
1114 260
3765 3369
2884 2817
3207 3847
3665 2910
2446 4614
2386 1318
1958 1141
4185 4208
4415 1336
3069 2368
3537 491
3207 931
3075 998
3279 3399
4459 728
2910 3121
411 2003
3439 645
4393 1683
4071 1447
2275 260
4183 1318
2165 3298
4824 4459
218 3847
781 2605
4970 524
3279 1919
781 2909
1011 2471
790 1997
1191 1133
1465 2003
2623 624
553 1683
1128 605
1447 615
1598 1663
179 862
5000 624
4452 156
4855 1112
2296 341
1598 3643
2627 1351
4638 4322
2595 1336
958 2415
4989 3415
2097 128
4138 1439
4614 3792
2386 3624
4828 3732
2555 4322
971 2373
321 3171
2514 3861
3765 2447
1396 3427
3527 645
635 4820
786 2475
3732 399
2909 3379
743 3792
3862 3415
128 1656
1745 2189
2754 4100
1766 2547
3894 4564
1318 343
1842 790
2486 1449
60 4137
2595 2232
4614 4891
1128 3078
2930 2383
31 1181
1370 2853
2921 781
1105 978
1519 2308
2633 3004
435 3684
3685 4098
3606 1247
2032 2584
4104 1396
412 998
466 978
3665 3992
1183 2433
3942 5000
3737 3423
948 1877
186 4149
3350 4365
1449 2890
2890 4594
3601 2707
3847 3434
618 3992
156 180
3931 2317
858 615
3732 3941
2446 3932
1133 3362
2373 1632
2938 3004
4829 3643
94 973
899 4284
774 3427
466 1944
56 4839
3932 1820
3477 1048
1314 2813
1694 4594
4273 448
186 2069
973 2381
4455 1559
3954 2032
1238 4034
294 1997
356 4100
1090 375
31 4406
3200 4476
4281 3732
3755 1616
1712 4149
3828 2998
902 2097
4614 4192
595 4281
4483 2623
4100 1339
2627 2253
3946 2196
2275 4309
1354 1465
4185 4044
2994 2872
3652 1133
2693 3279
1370 527
3931 104
2884 4665
2069 2907
624 3015
3752 530
2994 1344
2013 1314
4867 3078
4799 3082
2003 4142
2211 862
3427 4859
3369 712
4939 4259
299 4880
1034 4310
1270 2114
4583 3399
260 3414
2584 2416
3151 3264
4929 4183
725 4417
1745 192
5020 4686
4454 2433
343 2689
1597 3891
2884 2776
2384 4406
4995 466
399 2575
1237 375
3643 588
1439 2488
1158 1254
2613 274
3029 774
1589 2447
4387 3941
1447 2528
1692 2486
935 3988
2706 2571
2696 2769
4308 4406
728 656
3643 3020
3468 990
1508 4214
273 3069
587 21
1192 3360
2528 1162
410 3894
1351 483
273 248
4310 3627
2566 1192
4284 3823
2737 1376
2141 2446
400 2584
3156 1955
697 1351
2253 3772
1539 4270
1449 445
3032 94
2853 1687
980 2119
3038 4900
1181 3654
2211 2537
1247 4943
2696 1500
3159 1359
3647 343
1451 618
1860 4910
2884 463
553 4348
4044 4841
3427 3341
1503 1589
749 2373
3172 260
4520 3755
2295 1771
4125 2595
2693 4898
3096 1354
1112 4708
775 3772
3428 978
2611 3627
4992 1236
4142 586
735 2689
13 1663
1538 412
2308 3603
1247 4762
356 3877
3029 2417
58 1685
5020 944
2090 3015
4915 5000
4214 1587
4358 4671
215 3415
1545 978
2669 403
3772 1956
4128 2890
4200 2823
3088 2853
3992 3811
641 1889
3350 1778
4929 3878
3368 3596
4406 213
497 3185
3823 4254
3032 3974
2921 4534
603 3431
2088 435
2930 3914
497 1808
862 1413
2376 641
4034 1922
5023 3427
3103 1762
323 1354
991 1997
4212 958
2196 3376
4498 3029
1603 4286
990 1887
4352 4208
1437 1663
2909 1800
2079 2595
435 808
4541 4638
2381 3152
2181 4614
1437 1993
3755 2567
902 1715
3279 4973
3168 1687
4867 3301
3798 260
132 4762
2068 2555
1396 303
4699 4665
4459 1265
1476 2253
3302 1320
1631 1048
2933 132
375 4267
4358 480
1414 323
1366 4128
2707 1516
1522 3737
1413 3730
766 1539
4406 2248
3164 3093
3828 2578
1960 2447
76 4636
4609 399
4903 1771
2373 267
3362 896
1762 1982
2776 2512
990 4336
729 5030
4883 2547
5000 1746
4970 3250
586 579
2195 1058
3410 3654
931 2084
1334 4679
165 2890
4795 4150
4699 3705
4807 2693
382 527
1354 4570
1899 3684
3439 1799
3155 2605
892 3914
1728 2555
4762 2931
2427 4665
4687 4970
187 2446
2252 3755
493 3431
3361 1656
2618 310
4699 2392
1336 3985
2706 4527
4183 184
2871 4782
1187 774
2483 4185
3556 1999
4417 672
3376 905
2871 2895
3233 4394
1370 2038
2513 980
2013 3299
2447 907
493 2435
19 2731
3375 3352
4586 3082
2921 4911
862 2306
1076 786
3333 2368
2084 929
3428 1795
3791 4883
4505 3792
3974 1703
3224 2165
3676 524
3468 1726
125 1762
164 2097
766 2229
4254 3564
1632 3663
3375 4780
1829 4687
3302 2887
700 4839
1039 2475
656 4550
4071 1081
990 408
4900 4456
4099 3434
1960 1863
2627 352
3462 4034
293 4527
1215 3103
4352 860
958 4296
497 3852
4110 3914
260 880
4459 2984
3088 4162
5030 3074
1686 273
4452 2377
3933 4281
990 337
3755 345
1253 2872
1283 343
3300 1283
4456 2729
2578 4015
1958 2888
1746 1753
2791 665
3875 2984
3624 2235
1696 3647
4192 384
1246 1598
2219 128
1960 4378
1663 2450
854 1103
1223 3414
3341 4054
1361 1795
373 2984
2956 771
4949 4855
2567 3179
1396 3481
797 4054
2235 572
1419 4802
1092 2482
352 2070
2248 4917
3803 2884
929 2734
3207 2940
4009 1238
171 4498
4092 1595
4505 2008
2933 2816
2998 2698
99 1753
4267 3319
293 4849
3755 3307
3200 3402
2627 42
902 440
4393 593
455 2312
132 1510
780 4387
1656 993
56 992
480 1760
412 4752
2550 4699
2571 2628
4521 3301
1799 3561
4524 3307
384 178
310 369
1667 2994
2613 2201
2181 4830
2505 3015
468 4214
1915 4943
1616 3968
3851 1508
407 1011
1265 1027
771 15
97 3410
4944 2433
4424 944
4884 3352
2737 4209
1634 4550
4973 3324
1797 1476
4595 3233
3151 4114
1612 2732
384 2358
254 2707
4093 3326
171 4103
1158 1432
3677 4939
513 4609
811 3278
3490 4524
1501 3877
2079 83
727 771
4877 2195
3185 1936
4336 3464
3172 4507
2019 1870
2552 3082
1432 1770
2069 283
4929 1938
3931 107
1266 3069
4185 4495
501 58
21 3397
1076 4773
3618 4943
1475 4475
2524 4595
3074 779
3701 2002
1552 2450
3883 1220
977 2376
271 4310
2650 1545
4331 3687
3368 2635
115 3462
532 4839
476 4507
3330 2482
2885 727
1051 2165
3912 1266
1598 2247
1692 2476
4822 530
2377 3028
1331 1503
4915 3580
3239 2415
4006 2890
3397 1251
2288 929
3245 2376
4534 3268
4658 4310
779 2639
2605 2925
2933 5035
4173 4100
448 202
5017 445
4117 1753
4902 3399
644 3804
3941 5016
3357 4884
2613 1891
1847 3200
2923 4454
5000 4801
321 903
3735 729
4602 2514
2469 2483
16 1726
4571 2450
5023 27
3134 553
2895 872
2771 1728
2895 4986
1552 2792
4877 4227
4309 3699
2746 1956
3870 3103
3971 2275
357 2552
2488 91
1370 1442
4383 899
1396 1304
3522 790
617 1238
3326 770
3431 1186
2357 2731
4958 615
2090 920
4891 3869
694 187
4149 1030
1103 1833
4002 1442
3042 4782
485 1889
3029 4012
1141 3308
4877 1353
2013 1557
459 2282
4970 863
3810 1503
375 3581
3875 1012
448 3976
3395 3531
4841 266
4044 7
4192 711
4439 1361
2623 1677
1762 3365
4828 4470
410 1828
3915 4891
2746 2023
1353 2410
128 1218
4455 2661
4257 2823
3075 335
3368 4517
2181 4194
5003 1012
4586 4529
3043 2563
410 3641
3878 2526
112 1999
3091 2417
2578 1364
3350 209
3779 455
4449 4762
483 2265
1565 1396
1073 3736
310 3238
2072 4995
4915 1242
4286 4579
2964 4989
2735 1997
3803 2911
922 3091
4331 3824
603 1255
2623 4061
2729 4863
1746 1244
1554 3561
2539 4671
4623 3403
445 4364
3537 846
676 588
3955 2275
2888 1013
3239 4262
237 1762
2146 4586
3814 3869
345 3953
2450 3989
641 1016
3152 4756
4752 547
688 4498
4995 1744
920 3030
3375 3049
2582 1692
635 4427
4594 2221
2098 2410
3865 3415
1602 2469
4412 1475
4733 4352
3032 1547
3241 1687
3869 242
1877 1444
369 499
3761 4910
207 4183
4454 3499
3029 3455
76 4481
926 3955
2936 293
1177 16
3938 4594
2765 459
293 111
1177 2185
27 3729
705 3618
1559 3051
2252 2969
1354 3266
1619 1677
2373 3158
3841 3156
3029 4895
4081 2907
158 4910
445 1383
357 2687
3245 4652
1255 2868
3999 3425
2326 3179
1919 924
505 4752
3460 1753
3798 147
526 530
1671 2488
1246 4003
2335 1013
491 2897
3298 3450
2886 1863
681 2098
1681 4638
1616 531
1483 178
2265 2519
1618 2737
162 1370
2416 1284
930 2282
3661 165
3142 3451
42 4376
1986 598
2720 3892
1620 4406
3006 931
542 4807
3953 1924
164 956
5025 4273
780 3086
573 4262
4882 4214
283 4676
400 1470
3737 3886
2450 3682
1079 4681
4839 1407
2476 194
224 1919
4636 4289
4561 929
3685 2355
4079 598
4449 2517
589 3903
848 485
581 2925
3061 3869
4412 919
3365 4305
1587 722
836 3399
1617 1076
1186 3535
2597 3852
70 4609
4460 4387
2039 645
2829 645
2296 2047
424 2263
1556 2185
4027 705
2605 1395
4098 2800
260 3700
4234 1887
1463 3433
2575 4683
4209 1502
1004 4676
2920 790
4611 3042
4534 2491
4111 3954
4965 3841
3250 2648
4358 3371
4376 46
3002 403
3807 2984
4358 4827
766 183
3397 489
491 2624
1251 1661
3395 904
542 2653
2517 3474
2314 4459
621 1076
3164 3923
1225 1982
4104 1057
3059 4929
4708 2913
4824 802
3854 1904
4596 2853
3736 2715
356 2614
3730 2044
3861 1168
2759 1587
3152 2268
3378 1922
3677 3475
4910 1362
355 3854
3220 1667
3414 1757
5001 811
1476 2554
3954 475
2945 94
1691 978
1306 3938
3685 2474
976 4439
3475 1412
3624 4751
1355 4919
1912 3264
1615 1183
2702 1615
1515 4820
2933 2279
4114 4304
2044 870
2044 3125
3011 1922
1748 1589
1771 1085
1011 2808
3941 441
4933 3333
4582 3078
1527 3661
2295 4315
4571 4648
3136 513
4347 4850
1402 441
4720 274
4882 2118
3954 1775
3564 3812
4503 373
1244 1965
615 2764
1395 1837
84 4895
380 4099
407 3567
2486 4553
4905 977
305 1829
2708 2539
771 221
2181 2183
3112 4795
1778 1069
2233 242
2804 2764
1060 4636
3654 393
1049 930
1587 1443
3765 2432
445 2264
1550 5035
4162 1005
1236 395
2776 3763
4401 2550
2176 4594
1288 3142
2387 3688
4832 2068
4301 2450
971 2866
1176 1889
4461 1842
1188 3425
1385 3075
1510 2540
2623 721
4087 2931
3226 2008
2253 1972
668 2907
4076 1012
3468 198
719 2816
4991 475
406 2296
3992 1152
3637 375
3183 735
3121 3948
980 2403
158 3519
1925 1677
3624 3165
2308 4290
3379 44
3331 187
3379 1823
1981 218
1501 1296
4304 1851
3487 2514
3792 2401
1483 1767
1294 3245
435 4428
4780 4448
2148 3423
4037 1597
942 2384
1387 1339
3075 3289
1000 3038
3229 1483
477 1353
294 3584
3005 4505
428 1800
1835 2998
1554 4644
1254 3728
3154 1860
4454 1349
3152 791
1234 3581
4576 2358
3073 3891
2415 241
1823 1054
2600 164
248 2174
4548 455
2198 3118
60 3316
708 4096
2747 4470
1340 4534
4064 1376
944 2178
790 1992
4894 3427
1355 2625
4254 825
977 1798
4331 500
3403 3925
1569 1746
1665 4495
3974 2809
1186 1257
1602 4243
4474 3852
396 4452
1370 3047
2945 2043
4827 4562
2499 4214
1172 2373
4825 1476
97 691
3804 1784
2415 4836
4103 3793
3183 3607
4883 3797
1419 4779
1447 1697
942 4222
4031 3522
4824 4930
4383 847
1039 4443
3793 498
3778 1924
2874 1565
4994 2023
3005 177
3627 2347
2929 3804
186 372
4359 846
3801 3298
3982 1296
3958 3877
4461 2080
1519 3286
2189 3221
2124 352
1712 5032
1128 4920
430 1552
1388 3988
3401 2653
521 2542
953 2219
4289 4059
218 4271
1749 463
2959 125
489 1584
4772 1103
448 2904
1002 3601
1185 1887
2547 2372
905 4362
132 4339
3605 1728
2181 2169
2760 1992
2491 404
872 1441
4867 1630
445 423
3437 4561
1712 4056
2386 745
2807 1982
555 4882
644 4999
1852 403
1578 468
1966 1863
4599 463
2415 4438
4964 2930
2871 1360
4859 3161
4145 2022
3495 971
2600 3252
2874 2166
3059 1123
4091 3810
1518 3164
4182 3606
3824 1898
690 4027
3568 2920
1112 4193
4483 2556
3313 3643
3057 321
4438 4353
1587 2120
1119 3286
2075 3875
4262 53
4715 4623
3987 2483
1994 1876
1645 3357
1550 1900
666 400
2868 1093
3428 1212
2067 3330
1700 2627
3224 1338
2098 1003
4075 2513
3200 1963
1312 1603
4524 3251
4241 926
3908 1797
1856 905
2353 2183
2623 2621
2984 1609
142 1842
1181 3789
2984 1555
1282 998
1391 2002
1236 574
3116 2623
2132 1589
4167 3369
64 107
3921 2884
2857 2983
3729 3190
532 3623
4471 273
3313 1826
2112 440
4061 3505
2999 4078
3213 2097
4698 4142
1223 3785
4227 3690
3865 467
1238 713
2936 3860
2275 4982
977 3727
63 2999
705 1849
3954 1478
4092 4633
4622 4262
5027 1847
2585 644
4525 2312
3921 3525
3775 2799
3726 973
1571 645
4336 4506
2159 2264
4799 2688
483 4901
3301 1654
1169 1016
1832 3361
3779 119
3627 1194
1729 44
4792 194
3942 4889
1511 4506
1277 3038
4969 3561
1133 3494
3330 724
1880 408
1408 1355
1849 1660
1371 3676
2817 4287
1590 2003
4015 3111
2302 4362
3949 3500
218 1462
1225 3826
2538 2232
640 3894
705 385
3441 1181
1029 283
3155 1704
224 554
56 2484
169 1744
3113 3647
4849 2451
1408 4260
4844 3870
2170 3437
2659 3726
3605 4000
2167 4867
2243 555
4481 1134
4137 2150
1587 1350
2201 1579
2281 2760
820 4582
4836 1785
2150 220
4903 4664
2784 1054
971 2608
1305 2381
306 60
196 3401
2747 822
3415 4333
4623 1423
1411 271
4167 3031
2040 4802
1094 903
1200 3851
3881 1011
471 4378
2732 2730
3261 2554
755 4969
4590 1141
3387 3965
1624 1002
4056 3463
2771 1707
4772 2212
4917 987
4333 4549
3604 3687
1884 2613
2813 2839
3749 2513
2737 4655
54 380
144 749
1884 1243
3222 1186
914 2069
2735 280
4579 1230
1128 3702
3969 2383
1423 1572
4491 1904
4424 291
4455 2667
1194 4577
2277 711
803 1589
2478 3051
1356 4286
1173 2540
36 3441
4252 378
1522 2553
2538 1528
76 102
719 4407
5012 61
2312 11
587 928
1164 1889
1693 863
1320 3986
4012 4990
4343 1430
4167 2217
1160 4699
3748 2282
3069 968
265 4579
4535 2353
3983 265
2517 639
3321 2667
2277 2463
4472 1753
591 4989
3103 701
1846 4729
4828 4728
3501 3266
1584 2200
3457 3051
337 564
995 1799
3074 3589
2188 1073
3648 2263
3969 2724
3172 3083
3816 4969
4550 4719
1551 178
4214 619
1530 1632
3470 1320
2505 4635
495 2141
3567 4108
3881 381
2765 4600
1482 513
3353 2282
4151 1254
3236 441
3357 1759
3431 4068
4840 3395
286 526
3744 2484
4943 167
2037 4100
5032 3124
4400 3785
263 1510
2642 3792
708 3802
3121 866
3313 3681
4866 5026
352 4573
1479 808
4965 3420
2069 3864
3779 140
4623 2313
4020 3519
3030 2419
1846 1504
440 3963
4542 4569
1210 4570
4513 4884
483 3560
2986 4820
1836 1320
3107 854
3392 1986
2439 360
4457 4076
2985 42
2395 2043
3608 3392
4459 2199
2267 97
3774 3107
1845 1530
2312 4730
2402 3881
2154 2911
622 1757
302 1360
3109 2347
2175 1798
4492 4138
97 4788
2987 863
475 1678
284 4990
3479 825
4359 2472
3875 4030
4679 3644
335 1662
3216 1899
3335 2987
412 1077
3344 4491
2765 2594
4810 3029
1236 3524
2617 1891
2663 2746
3562 396
3238 4028
2092 4867
1889 4218
3604 2123
1123 1299
4048 2013
2382 4829
184 3762
272 2070
2217 3384
1528 2203
1726 2061
423 3340
4333 1789
2372 3508
1073 1782
2770 971
2538 4269
2472 3994
1843 1877
2419 342
4848 2188
4037 2453
2691 4308
2705 194
2254 4439
2550 3739
624 3773
1639 745
1305 1064
3212 1554
1503 2520
4447 622
293 2668
1837 865
1766 1507
1146 4882
4632 4087
3556 2544
156 3089
1369 1105
581 1108
2869 2221
3353 4190
3450 2559
2749 3365
4674 3864
4388 2887
3203 4799
1058 4300
3391 3441
1558 5023
4541 1781
3788 400
2953 2868
4097 355
1219 1951
1411 208
170 1306
3531 413
4269 4628
1302 1696
5040 1158
1899 4734
1845 4785
4770 1493
924 4587
1348 352
1193 4388
2427 2246
323 1858
738 2823
4314 1511
3026 2808
355 4765
878 3986
1556 4886
3254 1671
2437 1692
3251 3175
1847 3471
303 4974
4476 1472
1617 2793
1296 359
1553 5003
4114 667
3495 1317
1975 3433
4042 3749
805 3361
2576 3375
1548 2377
3488 3487
4699 732
664 2985
3299 3383
3042 2310
254 1708
3435 4076
5000 4502
1219 90
3970 3824
2039 981
136 2288
5030 782
624 1259
1404 2698
4785 1655
2506 3395
2136 3953
2873 3804
2454 500
3971 4463
2128 3567
2552 1303
4607 3851
1907 144
730 2212
2875 1312
688 2481
4549 1873
380 2972
630 2486
2317 3795
523 1423
3 3500
2691 3429
1681 2918
4027 3768
3644 246
2600 2796
4944 4228
1127 2874
2171 1234
30 1548
3006 3542
4109 2002
567 306
588 4946
2520 1398
3500 767
2390 3605
321 590
2098 1287
2816 1409
2436 3093
1014 1847
3401 1239
3630 4076
3504 2730
332 3604
3648 4130
3779 3193
3359 4427
860 3147
2311 2353
2943 3100
413 1249
745 4382
1636 690
1543 2436
1736 2277
3931 2640
1612 1953
3672 412
4300 4560
3423 2637
391 2776
2825 3164
3463 3478
1399 179
3539 3335
4698 82
4962 1253
3622 2384
1822 1127
3929 2747
2600 4846
323 2113
891 1800
107 2651
14 499
4930 3515
2201 2741
1723 2514
1106 3003
3754 4331
3599 645
3457 3548
574 1072
2992 2890
3347 2481
2618 1345
473 1951
2264 361
2986 126
1255 577
2981 2605
1177 4620
1572 4268
1488 271
1360 1659
3852 1848
413 2194
1810 3313
4209 4972
3638 171
1732 640
1953 1524
4378 2385
4302 4524
1462 4530
4592 44
4323 4762
2417 3413
1963 2883
1071 2839
4816 284
717 2734
2647 1577
13 670
3254 4236
2085 7
2873 613
2864 3920
3709 179
1910 4447
3454 4999
996 1016
3102 1555
2243 4637
3019 1470
1817 2524
336 500
1028 3462
2643 4676
4657 790
2051 355
138 2555
4645 2770
1041 4664
3074 236
2980 3392
125 2327
102 3215
4929 57
4824 879
2184 973
4649 4252
3473 359
3151 2820
2223 3644
2964 3459
2792 22
916 1246
1151 4076
351 1739
3399 312
1393 3603
847 3629
1994 4656
4096 2638
4958 329
1642 4463
3304 1488
1865 4041
4154 907
3460 3507
2665 2685
1085 3609
1638 3992
3396 2871
2474 2379
927 2040
3857 697
2486 4354
1501 3054
3401 316
3439 3518
3323 2376
4314 2630
1139 3155
2302 3555
2474 442
1132 3425
1465 2492
4844 1591
991 2110
4067 2754
4546 3606
3315 1396
2690 1054
1039 1490
3300 78
480 4341
3157 2311
2665 3552
3457 776
1998 4620
459 638
2563 3782
5009 3168
3464 1765
1472 2304
2368 565
921 1173
1273 2964
2505 4654
614 3607
2057 4406
1534 1993
4548 4606
1888 1361
2418 2395
1767 528
2050 4027
4726 907
3266 3123
2760 643
265 3544
4181 1645
545 1891
792 664
2920 4196
2232 52
922 1494
561 3754
3545 1880
528 3292
1618 1477
2529 3700
3778 2684
1435 3580
1814 3989
2424 3004
61 1945
4150 2394
4751 4396
3027 1306
594 998
969 3687
808 2880
1265 320
5017 3614
539 1191
2910 2343
2513 1959
930 2863
879 522
4854 3238
562 4513
2319 1247
150 2478
422 4687
1075 115
3175 2551
690 2272
158 2255
1924 2835
415 3560
2735 2155
2733 468
1912 427
4041 4084
1224 1779
4001 3933
1133 4695
629 2909
1808 3587
1034 3393
3956 2839
1202 3987
2131 3490
1778 4515
4060 3623
649 4054
2932 310
4670 1602
371 3344
2153 1618
3056 3028
1133 4213
1304 4626
1457 1534
3248 2112
1666 721
782 5008
302 1131
480 4199
3557 2070
3449 1215
3709 494
1939 321
1776 4104
4827 118
3200 1886
4110 3137
3895 3401
4466 743
4173 1389
1694 2534
1159 1846
167 4133
3488 5005
1202 556
2512 4446
1376 2744
3838 1483
755 2952
4396 2821
4596 1456
1160 279
3480 4472
1241 1559
3985 4776
4648 1750
2070 4395
2986 868
2634 3361
1726 223
3575 459
3798 3935
4677 3793
3522 4223
1910 1695
1438 4003
1600 3384
1971 532
3509 2347
1197 4452
3987 3013
1077 4090
2780 3027
1793 4569
4062 4212
2763 3103
1822 1458
3958 1831
2549 1058
1471 1975
770 1531
733 150
4718 3279
4271 1961
1546 236
3115 2693
2710 1348
5023 3717
734 729
900 2940
4098 2949
3266 444
2429 3229
2309 1528
2212 1050
1438 1806
4626 1497
635 1489
2411 4150
1284 4916
4055 4534
978 2574
2567 3440
2664 721
2044 3565
2701 498
2050 3898
2845 4949
3979 2415
410 4906
4642 4081
3640 1848
1318 4025
5035 1467
424 516
690 4847
2889 441
3150 4571
1100 1151
3398 1497
2176 3980
2022 2527
1604 395
1188 2140
3395 1332
1399 4925
1045 1089
3206 2379
3504 4775
603 3675
2986 3706
2465 556
85 5027
2714 4084
4847 131
937 187
2916 4622
3523 279
4212 4249
103 427
4699 402
2793 746
2609 929
3182 3410
1546 2100
2417 1535
2528 869
3772 769
4242 4946
376 1959
5002 355
361 3559
3146 2368
2062 2176
4473 345
3550 2282
1886 2256
4810 2046
4471 4094
3828 1594
4363 4427
789 1192
3172 3783
2120 1137
586 3234
53 2855
556 2905
416 927
4902 4338
2657 3477
2213 1487
2492 1643
198 1674
3781 1659
1243 3053
3509 1962
2050 4518
4946 2117
4903 3120
3131 2701
876 3942
2787 5003
433 2427
2570 4607
1820 3502
984 904
197 194
2357 193
2692 2512
1296 1144
3967 4483
164 4997
216 904
2987 1335
4670 584
3185 4327
3425 3066
2559 1513
2266 630
2969 2391
3783 625
1332 765
3213 2516
3695 1771
22 4899
2505 3240
2051 537
4237 2195
4065 4003
1960 3007
2268 482
1447 3858
4498 550
2358 1737
3992 2751
2879 3788
2391 1752
3248 3231
4771 3013
1131 2273
2797 2282
3261 5022
3234 3751
732 3977
4929 4604
1277 3489
31 2321
2427 3743
1084 4730
18 3545
4015 832
3100 2965
1848 2289
3943 3074
3644 857
1563 3931
3114 3396
3076 1602
1178 2070
236 3483
792 4381
2493 2277
4428 278
2860 4114
2028 2600
2150 936
1047 3395
3571 2183
4782 3058
1015 2552
1970 4068
843 2797
4285 3869
2411 4442
1443 4833
29 2319
1276 4002
1720 1051
1691 1948
553 2666
3989 227
1672 111
440 2722
4531 992
5008 3642
3999 1964
4711 862
3220 2977
3168 2757
1094 1367
2945 1804
528 2071
2652 621
534 528
3436 2909
1350 188
4087 2089
4010 5003
733 4567
895 2637
4415 1221
4038 4415
641 510
646 3454
141 2199
812 2379
3847 2631
490 118
4982 3052
2237 3096
2694 1223
4237 211
4169 2784
3594 2823
1483 1917
73 271
1241 3639
5015 4190
4261 4096
1988 433
902 4219
3489 4467
3145 332
3855 852
2646 1907
3335 3897
4055 3533
1125 550
3897 1791
3084 3869
939 1667
3079 904
2607 2377
4640 2647
43 3931
2876 2609
2335 658
4032 2796
1110 644
820 4565
1789 801
1735 3058
1411 607
3447 2379
2434 4042
2273 4875
281 4969
1050 4207
4052 352
3461 1752
4943 744
180 890
4922 510
880 2767
1995 937
228 1164
2623 3978
2213 4736
3928 136
3868 4257
4764 2940
607 3693
3656 208
72 2887
2377 3615
3396 1485
2600 3890
3757 3042
2662 4726
1273 4160
1706 4055
2412 4994
919 2753
4015 4432
4172 84
4443 137
1505 792
3505 2842
1567 2556
5000 2284
4196 3712
1217 1618
44 703
4488 128
1100 1719
534 4684
3753 2808
2478 4493
749 1544
2928 4729
534 2218
114 1230
124 1615
2411 3859
3924 4093
137 1201
4485 4154
4975 3943
1129 1798
3953 3718
4880 2677
935 3094
4712 1530
988 4079
3019 4768
306 1788
3835 2309
1289 36
1529 1084
3721 3801
4277 2663
4104 4931
2107 3976
2 2289
4615 2923
806 3804
4980 2734
696 1011
2660 1129
211 2086
2879 970
1566 2114
3248 4618
3267 1283
1888 3809
3415 1742
1908 1201
1646 4359
2212 2106
1448 2642
4685 3727
1319 2264
1298 2002
623 3359
69 4708
4687 2125
119 3973
748 2916
4338 3574
2386 1651
3176 3751
3047 4140
4045 4446
2200 1286
1602 1903
3464 1947
2602 2630
3576 4937
473 842
3766 2663
2065 2057
3351 1013
4175 2183
1196 1617
1803 3061
4183 2316
3353 949
4795 4276
4247 359
2468 2769
4282 3304
1444 1586
1420 3637
1073 326
5020 4876
93 5015
4750 2769
2987 4522
3616 1958
970 311
412 3771
3736 827
1449 4690
404 3936
4638 2423
2611 247
424 4543
4099 3099
940 1471
1189 1798
1753 2641
4454 1869
665 4757
3470 2742
2203 3210
4384 2235
4397 1535
313 459
3293 4569
328 3161
1924 2081
4009 2893
3382 1651
3434 873
2834 2112
2712 4880
3557 2535
1148 1158
4772 1161
476 2695
1076 3840
729 1235
2234 694
4986 2145
2991 4396
1610 4467
4560 2408
1117 2770
3502 3356
4697 2415
151 4683
2246 282
1402 3090
3891 1053
1643 3901
1560 2343
4663 1955
3331 4659
1141 4201
2118 3023
4472 4787
4971 4162
2837 1899
21 2473
3578 2167
722 3713
116 984
203 416
4160 4437
4065 96
304 369
1602 3817
841 1319
4368 3159
1780 2698
3112 2954
1524 3256
1337 2106
1342 4388
624 3619
1276 1727
3807 2851
534 3205
4130 874
1747 626
4141 3470
4204 3775
58 4168
1516 1699
435 4935
303 1496
315 112
3532 2534
2110 1716
473 2455
3031 4377
2354 3712
4560 4961
1789 4908
1385 1987
2224 4571
490 4008
1196 2409
3570 3576
3509 2709
3991 664
4604 3311
846 10
1295 770
3446 4358
5029 2893
2337 4855
1342 2366
1884 2971
1197 2294
886 2770
1737 4240
1593 866
4016 1551
2085 1195
2220 1553
4724 2765
1104 2081
1915 4976
129 2050
433 87
1711 980
1683 1582
3440 578
582 3278
4480 603
4102 1181
2898 4949
4709 1239
4796 4972
1164 1517
4576 2755
3394 29
2278 84
35 3205
1812 4764
4041 2091
1173 3944
2403 4404
478 2140
3367 1513
1526 316
767 4947
764 5009
2426 1139
207 2774
1557 4433
959 922
2482 2852
435 3746
376 1021
2505 3512
3617 1845
2926 1845
4942 1645
1866 4213
4969 4500
3974 296
401 4473
2668 2568
2229 3496
1709 4100
4116 4832
2367 746
425 3676
1242 1248
375 2161
2202 119
2047 4292
3463 3306
3220 365
3074 4646
2726 3131
4434 4990
4553 1606
3629 2546
2903 42
3423 4478
1560 1647
4731 3330
614 3694
156 3981
2630 2902
4751 453
3588 4583
610 2476
2823 4487
2247 157
3181 2072
4014 4228
23 4638
1983 1747
1410 4937
318 4765
2150 5011
4263 780
4381 200
3827 2614
2346 981
1690 4396
1140 2611
1015 4163
4262 1786
419 2931
4774 1000
1391 4533
1869 4547
1772 4012
3009 3264
3 741
677 868
4440 1899
696 2810
4737 3515
4821 3354
4140 520
2748 4167
3389 4517
2477 3838
2894 2652
981 1764
3186 480
1775 4713
4163 1300
2629 1559
4566 283
332 3951
2971 1614
1885 2224
2497 2605
1386 1065
4673 4492
4151 2616
3203 41
1852 4246
3158 4928
5009 1260
1594 2718
518 5023
2928 1323
2611 3467
625 4814
1127 5039
3065 2687
1123 397
4124 1917
4325 4820
3805 822
3975 1962
1433 3967
4081 4924
3681 191
602 2880
1754 495
1834 2907
4412 4023
856 5003
2185 3021
1475 4575
2047 3217
375 277
736 1483
3324 604
4262 2870
2684 4425
2801 375
3268 2480
2003 3334
1019 513
422 1730
4942 826
60 3534
1878 4658
3095 4726
2150 2626
677 3312
873 2590
1930 2234
2983 2777
4566 2193
2478 379
3462 823
1204 2410
2475 2485
2917 3567
1274 4310
1722 4222
1730 2674
135 4903
2884 2222
304 3228
4350 708
3916 3240
3191 1572
970 4598
2058 1189
3209 896
799 3637
2790 2731
3331 3117
2371 180
2432 308
1823 3822
1139 3655
2965 2670
3677 4161
2472 464
4705 1100
2411 2683
1688 5039
331 1727
957 2107
3322 801
185 2221
3845 1075
302 964
2644 3500
4750 3018
1093 1872
4447 3025
2448 2382
1714 4260
4757 3364
1876 4390
3390 236
2985 3714
1694 239
872 3819
4139 3384
2650 3900
3018 855
501 3258
1061 1225
3465 228
716 862
4520 2361
1475 4239
2963 2253
3871 1463
3094 1741
3521 2512
3797 3208
144 1267
3392 2052
1013 4251
705 2192
1653 4243
4851 3330
1413 943
1212 4667
1041 3579
2136 1149
3908 4274
184 1087
4342 4859
4979 584
1170 1786
556 2586
4654 1074
3285 2266
1096 2860
1865 2127
2352 2394
171 1363
2617 636
1159 2603
2911 1827
4337 4342
4746 4902
4768 3284
2261 2002
2999 2096
3362 2330
2398 878
1484 3630
2716 2497
4250 4467
1452 3319
4763 1004
235 3892
2403 750
3163 2200
3618 821
769 4469
146 4687
1471 2147
4866 1374
1985 2749
3836 4359
4029 3989
2323 4615
2320 2575
2796 4385
3012 4237
1993 1325
120 2043
664 1689
264 1716
661 649
1897 605
515 1945
2217 3586
3646 1630
742 396
3613 518
3155 4197
2460 3810
2504 672
1319 566
1258 1814
3102 1301
1936 3469
3837 3618
3447 24
579 2847
2548 2823
841 2961
4125 2592
3689 4577
2743 3578
81 2505
3260 2992
4387 4605
155 2373
3855 1874
4601 1877
1987 702
825 377
2688 2422
2825 1454
1215 2021
1591 1180
4209 549
3685 2388
4862 2046
3046 2943
2725 1510
2018 4839
4233 3895
1914 4880
2664 2859
255 3761
1520 2689
439 1510
1011 2297
4460 4345
3060 23
694 3664
2182 2595
70 199
1413 4945
3541 185
4029 519
3534 1950
2206 4125
2216 4343
2711 3333
909 3306
1556 1491
2301 927
4637 4913
923 1376
4062 3140
2210 1779
3837 3144
4939 3997
716 4077
2876 110
654 3357
3246 4310
4869 1220
1792 3627
2377 3799
1855 1235
2872 2560
3427 3426
1952 4439
4953 1836
1822 1157
2251 2825
2858 102
2218 245
4839 4878
2400 2692
1 2661
4308 2324
1898 3911
2287 920
1900 429
4226 3121
1448 4340
3555 1738
658 2580
3919 2288
1551 65
4845 1169
3458 3753
221 4295
3467 1167
2424 3201
3741 866
4984 4569
3713 4819
3216 660
3762 659
529 4667
4313 4928
5027 3906
906 4292
839 3557
4725 3457
1868 711
716 3671
1016 3796
541 1348
3862 4398
58 2134
926 1769
4614 2299
13 1208
3154 1382
3911 4170
4610 4503
1435 1622
4977 416
3503 1441
1518 2781
3236 4370
2825 4106
1410 1381
1281 2411
655 939
4049 3535
4046 3365
279 3650
103 2557
2259 4564
3693 4147
1135 3231
348 4106
2397 2085
1122 1186
20 229
4760 4620
2925 2365
2205 3637
97 3149
77 4690
2957 4975
4214 2569
83 3961
4250 2348
3062 2092
4862 175
5021 4875
5009 1285
2702 4981
861 1643
3636 722
703 1199
3153 2705
437 4065
2211 4510
1482 25
4694 393
4279 3007
5010 4028
1147 3928
3835 3673
3529 157
216 4351
2719 3636
2300 1566
4397 1977
1258 1946
3493 3768
1469 4480
1873 1324
146 226
3051 535
3148 2716
1282 3825
2473 1397
2335 1421
2467 3382
243 2544
3251 2840
1531 1424
1429 2753
1856 3707
627 1323
1544 4033
4048 2325
1912 319
1393 2135
1996 3936
3357 1761
677 3893
26 2426
1098 1324
4152 2124
4140 3448
3941 32
668 2908
4617 1096
2944 4291
807 4776
1669 2169
1498 2235
4523 2384
1754 1156
80 1045
1010 3663
3910 1408
464 4164
297 2478
3339 2749
3446 4004
3363 1636
4209 4255
530 366
3417 497
1667 51
651 3147
2910 340
2774 250
1900 2239
97 3856
4921 395
642 3676
936 4885
1185 2241
697 2010
1906 4802
2500 191
2724 3667
3517 1376
2445 2519
4122 4855
4170 4126
2347 3725
4875 2583
1940 4565
4717 2585
1509 3344
4900 258
4131 3785
1771 390
823 1343
1566 2587
3133 4523
3442 2710
3559 600
4916 2228
1933 1112
110 4024
4323 4230
4022 4472
2842 4551
2875 1464
2090 689
1064 3940
2043 354
4241 4983
3036 4937
3194 4493
908 1371
4896 283
4281 1322
3524 4329
1884 2342
2759 1380
4153 2368
515 4011
3654 1184
2282 4134
2882 3826
4224 2852
1013 470
1933 502
251 2080
482 3759
4720 4585
1005 4203
1798 4346
5041 4713
4707 866
1388 817
4049 2541
1978 886
2119 4266
246 4955
4915 2786
2362 4756
527 3332
4246 1018
2736 4376
324 25
3046 3889
3351 1473
633 2098
2289 831
1122 1088
358 355
4856 3701
2931 233
4599 1853
1586 2077
2571 4129
851 1963
214 3433
3397 2024
1783 4961
294 2121
902 4166
4557 3261
4268 1130
160 2790
2429 2404
744 3257
2673 3031
551 136
2623 2063
2181 2060
225 4483
2946 2455
419 2016
562 4414
201 3062
687 1754
674 4062
4559 3161
1506 3427
2854 2984
837 1550
3913 1494
1962 1575
4199 2336
4678 719
4283 4596
370 1430
2475 1913
4515 2794
1816 2910
4704 4325
3426 1862
2784 2806
1584 3731
2053 72
2657 334
2869 1113
2721 27
4669 1079
4330 4059
950 1322
1740 836
1365 1077
3152 2142
5018 30
2588 415
4146 554
4107 2371
595 4892
3192 2028
180 2525
798 2311
2929 3105
4382 230
2089 1086
1379 4478
986 5015
2565 3131
825 2973
1054 514
341 3872
1675 4099
1913 3424
1543 4706
788 4397
1376 2518
1542 1441
400 720
4978 521
344 1779
3229 4938
1661 3896
2871 4332
1807 2633
1519 1327
2910 4275
4180 3503
2350 3151
4920 2536
2480 275
3428 3583
419 3274
155 4299
853 501
2669 3271
1669 816
3608 1967
1918 4579
2164 4309
3647 2758
4504 3427
1592 3201
1224 884
4527 1841
1597 2101
2501 2923
3287 2580
1335 4643
4434 731
2832 1258
2865 1057
4115 3206
2498 3470
533 278
461 950
4000 757
2735 1035
2591 3500
2294 3269
4242 507
4349 4262
2073 1442
4166 3960
2792 1121
2451 1068
4524 3388
709 1918
3403 785
1636 4741
790 2798
832 3385
2522 2278
2830 1571
4215 4796
3099 2610
1358 2304
3035 272
1502 1042
186 3092
2859 4797
4184 4970
1310 2640
812 885
3104 2857
1923 448
1318 3674
3349 1354
3846 4425
972 3292
4508 3898
495 2680
1774 3451
2091 2970
831 2788
25 1805
3506 1551
3736 867
3830 3712
301 4332
413 793
3686 2136
583 120
3988 4864
601 937
4430 2153
4699 2405
1241 3087
2699 3205
1500 2967
4486 4892
1920 1961
904 1466
3843 1678
2039 4879
508 57
2768 4446
92 1411
772 3414
3718 739
2156 1464
3630 4198
2991 161
2406 2060
4956 3544
1838 2529
2596 3065
187 1229
1459 272
3270 2886
2955 1462
1725 2635
3995 2668
3793 446
2030 370
864 1363
1653 2208
362 329
4804 3985
3406 2019
1914 4701
1833 3022
450 3548
4555 3109
3491 3475
3220 3040
309 2928
2081 130
1962 2011
28 2323
4264 505
1888 4834
3879 2936
512 1720
3770 2206
3070 4576
4744 2235
1796 162
1261 2065
3424 1406
1336 3033
3073 4366
3199 3623
3821 3861
1745 3577
2572 855
1296 2912
5020 4619
4530 261
1400 4212
4078 1890
1960 2066
854 4675
3723 2404
2280 3061
4311 1168
5003 3237
1156 913
2119 4890
829 2164
3569 3341
1840 161
1187 2026
3625 3725
1604 4372
979 2780
1893 2052
3553 2917
4288 867
4632 4858
1292 3663
3253 2804
1871 1218
1417 4943
3921 4248
535 1275
4321 4033
4024 3734
4498 663
2819 1050
1841 3358
2742 2675
1790 3012
1644 5017
2820 4026
4359 4740
596 211
4346 4747
2727 1399
3125 3000
375 714
4793 2120
64 3318
59 735
280 2225
3678 4889
4089 1467
3193 4392
1849 1605
2009 617
871 3630
1589 2988
1625 316
2607 611
4506 3832
1515 2004
178 4545
575 1877
1251 2349
4566 3282
4453 2124
1095 935
2349 4923
3199 2290
121 2970
3609 1115
1980 1389
106 4078
4918 3082
4735 4878
1654 777
431 1656
4327 3573
538 1998
1640 729
3865 454
3937 2113
4313 3592
190 776
3883 4441
4970 2783
96 4421
1311 4760
3072 3763
4210 4681
4568 4075
2008 1440
2948 4866
5032 585
2651 317
1960 819
3674 2144
2779 3933
1434 2920
3549 1508
4111 456
1801 4456
659 2679
910 4172
4076 4519
2341 5027
4021 4325
3316 4778
2852 1892
4847 252
66 1904
451 284
2360 1057
710 3340
2462 3951
2771 1290
3179 2533
1602 3780
556 2990
717 612
101 4415
4969 4375
2968 408
421 3181
2947 2715
854 599
1372 2698
474 733
666 4968
589 3740
2064 4551
646 3010
205 528
195 3221
2445 2129
4010 1328
1253 4244
1716 4608
1917 592
746 536
2436 3259
4587 4490
2997 3238
2449 837
3046 982
2253 4458
3641 1839
2645 4443
244 3032
930 3342
3849 1336
4650 4859
1681 3180
1568 1471
3370 3499
737 1235
1145 3709
443 95
3024 4962
1861 1745
155 4661
4680 2639
2082 3454
3918 2876
4580 3065
2319 4860
3852 3325
1991 3427
1646 4887
4873 3519
2656 2491
3351 4932
551 2620
4448 2848
4366 3716
4790 3925
372 2083
961 4214
3453 4290
1550 4499
157 2750
2658 1958
3853 4772
3 3516
3169 1475
1068 3998
4672 3763
1189 1118
2453 4373
462 3367
4747 2322
4388 2006
4053 2373
4323 1705
25 3416
2539 4987
2932 4357
1399 1583
4237 1751
4915 2227
3382 4066
2435 322
5023 353
3613 174
4303 2821
552 4586
2031 167
3566 106
3235 3674
2936 1415
751 3420
1680 1467
3776 3942
530 2209
1145 4818
2189 558
1451 2581
9 2
3874 4098
1168 3170
744 4693
3586 4420
2641 813
1866 4403
3139 3584
1857 2848
824 4309
3686 5024
3585 1343
2502 4681
4316 1841
3033 695
2281 4597
1781 1859
2782 3075
4817 4846
1240 1677
2933 1984
3131 4082
2475 3294
4405 1504
1440 1033
3769 665
1941 454
728 3034
4335 2817
1760 3880
4136 1388
3677 3309
4688 538
3505 4334
1214 195
1040 446
2191 274
4386 4009
4195 3624
3773 1864
1934 1187
757 234
3345 3013
2102 2680
349 4062
4175 1315
3901 123
4496 42
1218 2359
4572 549
899 4258
4371 3827
3621 3155
4678 3196
1976 4251
1718 3771
494 2226
3939 1586
1883 3306
1536 3152
2422 2470
4851 597
290 2434
4369 4611
673 4642
4291 2862
4349 1815
1716 5004
3434 68
38 990
3453 3081
1423 1174
650 3186
2108 2667
2853 1394
259 1859
3810 706
4119 1543
164 609
473 457
3981 4721
1280 1662
4419 4885
4017 28
559 2931
2881 1173
3488 2340
4562 3214
2845 3498
3350 849
1022 4683
2231 326
3465 4105
3054 1935
1877 4317
2452 2769
911 1897
963 3321
4777 1417
117 4147
2208 3128
1772 1926
692 322
3204 2265
2836 4388
3831 1694
3832 3750
1604 2606
602 172
4427 882
3258 3338
1901 4009
1402 568
887 2189
2195 4177
2257 4153
3443 4848
4120 1157
4828 1537
79 252
2381 4435
3270 3138
102 1037
2562 3229
1792 2906
2056 3639
4987 4494
1848 3466
2055 70
570 3544
3704 2310
4538 2991
3891 888
3668 3825
4132 254
4781 2337
2095 1610
238 3955
656 285
4682 2894
107 4988
1094 1894
1623 1847
4038 3711
128 2838
145 614
313 4423
513 1974
571 1517
3024 1102
1308 195
2636 2690
2001 3079
2681 4531
4825 2204
249 1471
2857 2978
2509 4869
3404 3718
4830 4484
1349 1032
3774 4367
3220 3815
2833 3091
2570 2950
515 1921
3964 246
4662 2836
1656 166
1684 91
3346 2747
338 4246
3865 1821
1464 71
1839 389
1430 270
1734 4762
3821 4512
2526 75
3177 3828
2111 3795
1139 1245
569 2039
834 565
4245 2171
3305 2055
1650 4879
2349 2389
194 6
1864 3129
4750 758
3666 209
3571 1425
3915 2034
2853 176
951 2948
3170 327
2687 1879
3492 1283
278 1126
1107 70
4591 521
3179 4696
751 3888
547 4127
1892 3833
941 1298
1351 3014
1114 4837
1954 19
4538 3547
962 4881
2974 1245
3232 2837
492 2384
4869 2444
2007 1587
1202 4581
688 3283
4174 4862
4692 3200
4877 89
2126 2146
4776 2190
2232 2615
9 189
2430 3705
3110 477
1540 1765
2572 2049
4018 2243
2075 4074
1092 2811
3833 1928
4785 1055
2607 3486
4749 208
425 1601
281 810
4049 122
4784 709
1139 1854
4300 2530
952 3256
2022 975
1941 1937
2352 1896
4102 4231
1739 1830
3322 4755
600 3866
2056 2109
716 3187
3692 3100
3915 4422
2116 1441
5006 3302
4196 4556
628 4760
1368 1578
4506 4155
813 4188
4568 1329
2407 2120
150 4083
3139 2521
933 5023
3278 3377
4673 148
898 1998
4042 4689
722 2752
4445 2600
1673 3238
1949 3594
704 4692
2380 4491
3162 3264
2926 1658
2243 1446
2739 1456
4030 3719
265 2704
2160 1527
3930 676
1875 2746
3542 4888
3126 3948
1532 2618
830 4199
2455 3320
2712 760
2487 4302
528 2604
1280 3777
1498 1313
3558 4760
4032 2531
2122 4637
3452 3855
1111 806
2095 4013
4218 974
2672 4094
793 3784
3178 4986
52 222
726 1072
3598 3185
4457 4803
2334 1889
2061 1521
3593 886
857 669
2615 2622
2863 932
3377 1059
3329 248
3695 3039
1356 2214
742 918
4237 2850
4914 2221
2891 2212
4009 3536
2995 2008
2197 976
1046 529
773 2003
2922 475
2240 2658
2814 235
1216 4863
2494 1843
547 2761
1958 3314
3116 815
487 3799
2328 1684
4043 2553
2693 2443
3861 4963
3857 2442
2321 1499
2822 4213
3186 4537
1187 1326
4885 2867
3845 458
2508 3862
3822 752
4992 4666
4996 3030
3922 1642
2891 5038
718 767
4847 47
3976 506
1228 2848
679 2907
2878 3114
3993 2314
4409 2624
3190 2441
2761 4791
4074 1231
3260 1165
4753 4300
2315 913
794 1826
773 3653
1128 484
4637 804
4108 2828
638 4176
4148 2554
1655 4588
33 1764
4796 3747
4775 1670
2270 4961
1137 1825
4450 2385
1431 1832
620 4246
1984 4118
2389 2238
3840 4497
3921 295
4479 408
3586 330
2805 1219
4029 4957
1996 1626
2072 438
1333 2294
3624 2831
2536 1357
2951 5040
2447 4326
2186 3352
2697 4454
2192 3482
4000 3806
3807 386
4541 693
4740 1099
2888 2276
3922 3520
3235 2303
3366 2295
4688 2564
4320 2121
4204 388
2237 3484
4857 2546
953 3645
960 1930
2093 2810
4749 3405
3845 4959
3854 1731
4644 955
4936 3726
5009 2168
4797 2598
4389 445
657 4131
314 1750
3271 1881
1690 1649
3855 1206
508 3844
396 4967
78 1390
1576 950
3025 3670
2690 525
1377 1513
3317 1723
2686 1104
4157 3293
1786 4462
4732 95
4335 4229
967 4320
2939 4972
3009 1227
3210 2745
4413 1591
683 291
1506 4143
4980 3016
4164 4805
3049 983
367 3977
2979 2077
833 3090
2948 2332
3414 4912
4998 2997
2724 5028
3742 4337
4227 3063
3710 4160
1268 1320
1204 4813
3502 3412
1905 3625
4514 3002
2410 2137
2843 3035
2275 4815
938 991
1207 2819
1648 2321
4091 4630
363 3451
3533 34
452 3271
875 879
86 2119
3084 4221
3734 4086
2982 1851
3295 2704
1229 253
3598 1676
2258 3812
3764 3358
2723 1123
3390 4940
275 4298
3965 2490
5028 181
4885 1062
3844 2511
3162 698
1390 1756
2712 1250
364 4452
4061 1309
4756 3343
674 778
4501 1881
383 362
982 3244
955 652
1474 389
1367 915
1562 4415
2875 4786
3106 438
1630 616
3508 4558
3591 2084
2696 2919
449 1225
1710 3865
3408 724
2145 4702
4902 2331
2960 4854
3212 2892
3272 4440
3071 3506
1919 1036
1593 2803
3822 1070
4367 3381
1818 1571
4477 525
2357 997
999 2011
2993 3287
568 4159
2139 1519
857 4629
1151 3720
3004 2033
3847 662
3798 4511
3546 2634
1304 113
3639 3184
4105 2375
2076 2301
2675 2856
4293 1105
461 4135
1045 2291
1663 2180
1697 3904
1256 3120
3055 2491
1038 1230
1672 3430
3075 2700
3400 3735
1101 4048
2173 3921
1226 2712
2408 1824
1418 3201
626 3296
4225 3568
3555 1574
4095 4124
3445 3846
2152 2381
4567 276
3101 3547
731 3355
4827 1698
2577 1795
1812 3202
487 894
2827 1195
3826 2962
109 2620
2146 3337
3832 4186
2115 940
1120 1606
1236 3067
3554 2125
1272 3054
1573 228
5 4566
768 2530
4983 1460
1531 3658
2094 278
1607 3585
1480 4239
1088 1512
2339 3801
3894 3876
4007 2880
3290 996
4374 3719
1588 1798
2514 4294
796 5008
1802 4582
2185 2654
5014 3766
2871 287
377 3513
1757 2812
2393 1571
1242 881
4255 2896
1652 1204
1527 4578
759 1868
3721 232
980 4205
1713 2137
4013 3135
2138 3078
887 1942
4986 1428
1809 3191
4821 4178
3899 3212
4354 2532
1572 3409
3188 1505
2240 4509
3864 2421
3379 2369
3514 1618
1113 3540
4063 2441
2941 4053
2900 1332
2025 521
4729 173
1524 127
2269 24
1205 3018
4783 3475
2817 1882
1214 4418
2863 2036
5037 937
1217 540
2419 3050
651 4627
3621 1743
4563 582
418 4283
1431 1608
4668 2654
3883 4745
2685 3902
3214 4593
2719 67
1321 860
2589 4776
1454 4759
4351 715
2242 4610
3679 862
149 3359
55 3366
3037 3424
1026 4118
3649 4881
1976 1533
1593 3080
3166 3603
4842 4562
428 4742
4051 5027
3467 4528
4766 816
4444 3822
389 420
1233 2639
4546 163
4134 4651
124 2042
4123 3775
2742 631
2285 53
14 5034
2104 1925
1553 159
1490 4941
4677 2338
48 4591
1416 1119
355 3885
2532 2766
4919 1124
4089 1629
2836 3422
3271 2937
1009 855
356 4380
3328 264
2599 3541
1475 3189
4173 3884
3011 1006
3628 4066
2671 54
139 3672
1541 2181
3595 4986
1865 346
2632 487
2826 379
4744 3660
2692 3602
1694 4722
4342 2479
4642 685
1823 1082
3905 1412
4170 3167
3724 4882
696 4714
2392 3485
4015 754
4951 1325
269 3798
3171 2775
1192 4232
4933 3722
1528 2915
4320 1063
3386 4438
3055 1819
3760 2116
182 595
3572 3823
1434 1481
350 1126
4085 4229
4882 2378
231 3676
447 302
374 3645
3281 3916
376 4121
1948 699
765 3097
2981 3265
2792 2558
3582 3677
2716 2271
1002 392
2395 1755
2074 4007
2703 1509
1299 4584
947 2490
3990 3346
3249 1874
4436 3055
2245 1919
647 3855
1733 3920
4006 2966
2507 2235
4206 140
4660 2160
2027 1276
4973 5031
2928 8
3418 2947
1894 1316
612 1581
786 1154
3172 4391
1364 3818
1305 1347
2428 2411
3310 2104
2015 4271
2385 2459
3223 482
2459 3077
2149 6
626 3794
2758 1445
4908 45
1222 3535
2298 4876
1588 1682
325 2100
4966 433
1391 747
3940 3683
3790 4214
77 4927
637 1371
380 394
3372 3831
1174 3280
1091 1350
1867 93
2818 3719
753 1543
4035 4983
1082 347
756 3686
144 3745
3565 4238
1143 3846
1845 3497
4897 4362
3275 151
392 2045
2778 847
2032 1175
3889 3085
2924 227
4191 2794
4353 3511
2740 4201
3338 4613
1025 691
4934 1122
3753 256
2785 183
1330 4315
2780 1375
460 2823
1098 3848
4290 1932
268 1355
4682 1067
3590 3777
1714 3867
1234 897
2901 3116
2987 4960
2439 671
2437 3850
3703 4477
2607 1209
488 3630
1611 4764
421 3887
3020 1262
4306 1282
3048 374
4455 761
2994 2283
1271 862
3634 540
4428 4870
4394 2399
1600 2789
1373 1871
3121 289
4005 2695
2846 3006
3020 1426
2495 3293
4273 3839
989 3178
480 1171
1163 1996
340 1007
1668 847
2927 4364
837 653
1022 966
2362 300
447 37
4452 2356
1122 544
4795 740
894 5033
3882 4719
108 1298
3758 315
1134 1492
4681 3122
1373 1811
2260 4836
4963 4179
3583 2344
283 3044
1455 1798
1969 4404
3324 3273
3662 3355
238 3119
2607 4360
3160 3229
3972 2353
4252 2601
1379 934
3297 924
3897 3651
2779 1664
2305 4725
2820 3432
5007 4783
881 3227
3262 2403
4831 1703
2022 1136
4493 4036
2241 3966
783 1724
4171 2113
558 3064
2296 3530
2841 1611
3475 503
3336 846
285 1768
1943 4570
2414 386
457 3438
2242 1641
531 1008
3563 3200
1552 4727
1895 1503
2133 966
2017 1545
960 2318
639 844
4256 3016
4766 1990
1044 5031
3959 2879
4751 4539
152 3933
4418 434
2541 3225
3113 4808
187 686
2182 1179
3996 158
3835 883
587 405
4416 4174
3252 3444
2829 1931
1448 4826
3680 148
422 4356
225 2370
803 1635
3635 1524
1968 2589
80 1929
3421 3204
946 3482
2386 675
3433 1083
3363 1979
123 1017
3523 4874
219 3152
1269 1196
5024 387
3927 2354
2008 557
621 548
1199 1403
4985 3821
779 4
2572 560
4869 3984
2544 4552
1050 2187
2655 2953
1001 480
3887 2989
1297 688
4399 535
3354 4748
4581 2020
1322 1787
3173 3498
658 1078
1489 3708
4758 4681
752 3197
1252 3822
1392 1077
4482 90
368 1827
2308 2103
5018 3219
682 179
4039 3770
3437 678
3132 3745
1109 3501
2877 2427
4823 3936
812 479
552 481
4319 2436
2069 2579
2433 3611
4794 1633
4406 563
2158 4555
3477 1525
3969 893
4424 4211
240 1681
100 2279
1684 2682
879 2329
4541 4113
2702 1056
211 2262
564 2014
4011 580
2958 3055
4691 1692
2802 853
2033 2738
3413 762
3564 3380
991 4950
4004 3551
3952 4137
2492 509
3696 4660
3345 838
3588 954
4965 3786
1801 2717
2976 2513
576 4717
2449 3691
2619 290
3587 1657
2456 5032
2469 257
3633 3032
2874 1020
2286 1976
4298 4852
435 1427
4925 3374
763 1428
3068 631
4219 3211
4041 1564
1549 2039
4322 4952
982 4047
4838 1035
2795 4405
1091 787
965 1802
4738 25
763 2172
414 4524
4150 1599
3834 755
4362 4647
2720 2496
2105 1374
5015 1043
912 2754
1702 3249
3698 2931
4338 1773
3377 2078
334 2163
4298 4868
4651 4589
3754 2489
4605 994
840 5021
3696 4954
2713 3639
62 4947
1721 1534
3400 1052
4872 4223
1691 4540
4032 2425
307 4295
509 4112
4080 4666
1585 458
511 2491
1627 4768
2094 134
2694 1232
41 3098
2460 945
1794 3817
472 3074
3242 242
2561 2884
302 1307
4235 1563
1035 2612
4165 1753
4037 4220
4166 1758
5019 2837
1198 4048
3765 4554
206 4986
2458 1451
3174 1716
40 1364
4527 3277
4448 4861
2207 381
1008 3472
754 3962
3134 3528
4926 3696
2756 3375
3221 1628
2603 2678
2048 3521
2949 3247
2824 2711
1438 1916
798 3756
3866 4324
3296 2157
1126 4318
4468 1030
4426 3791
217 3339
1409 1138
409 737
4703 4372
2420 3448
1263 248
1166 3943
5036 38
1805 4700
5013 102
862 2374
3878 2179
2262 2396
4710 4133
3659 1799
1837 4355
3820 1429
4515 1422
4653 1748
1552 2861
5014 4603
901 4169
1698 1570
2984 648
3657 320
3254 1153
4187 2585
3127 931
2425 4767
4975 3697
2883 504
1211 4647
3884 3510
1826 3008
71 4809
4835 4008
2461 2702
3610 1386
676 2975
1063 1080
86 2466
4221 845
3906 4641
436 2048
1896 4019
168 4882
4292 2054
4843 4247
850 4366
4464 915
3787 2777
2040 2510
2103 2440
3931 4639
3413 632
386 4280
280 2515
1294 517
3800 2055
4496 1213
2438 4417
270 292
4278 132
526 4057
2844 2381
2457 457
1314 1461
2546 3738
4175 432
3351 1264
1828 4634
3108 3794
818 1573
2662 417
3143 3923
3917 2904
1717 3528
1603 4948
3230 2111
3715 101
2052 2041
465 4153
1911 2905
498 4058
4379 1172
1922 1291
68 2333
4375 2274
4909 4541
1806 74
1658 4408
3486 133
543 1693
2778 1278
2454 98
2875 3669
4862 4716
461 2351
1485 4050
4532 3803
571 1495
4769 4791
2384 1203
4621 1291
3868 4754
339 2759
828 119
812 1844
2162 3420
67 1580
1170 684
2267 1405
2934 114
2503 4965
4328 3645
2738 2523
2532 3411
74 4871
3252 4465
1468 1037
228 4253
426 2157
2137 4073
4729 1346
3449 3600
2499 1763
3863 4242
1871 4536
333 186
39 1354
298 1692
2005 3042
4800 1704
1637 931
1621 2820
2781 2230
889 3520
4431 1622
1090 2849
4616 2732
4363 4410
1097 1809
480 288
4946 2593
3907 3106
4189 1424
1190 3653
2914 3111
960 925
779 2899
4411 904
4516 2484
4040 1530
4544 63
2087 4712
3912 1850
2177 2295
4297 3925
1450 1324
3947 3549
4256 3945
1027 4216
3291 1104
1813 2090
2473 4307
1453 4685
4731 3348
3814 3476
2249 3284
204 1951
460 1679
4226 1561
4812 1278
4429 3930
1155 3915
4088 3543
6 4811
2472 1973
737 2728
1637 4625
2268 4853
2438 680
2293 952
1172 3276
3934 3345
878 1777
4312 3772
760 4344
3817 105
984 4574
2815 2720
2130 3921
4532 3626
756 2307
4176 4202
704 4723
3045 4128
2096 1116
2328 4156
239 1523
1024 2384
4798 3254
2227 608
1952 4272
3195 4607
1613 2112
1989 4809
723 4741
1753 3620
3303 172
3957 3966
1031 2693
2236 446
3407 4628
2035 4694
3105 3456
1142 3600
2072 486
606 5009
1596 2414
2012 1992
1401 377
4631 3596
2304 3419
3504 262
2317 4612
4806 3229
2676 4776
4451 934
2784 4907
4551 1902
4101 4488
3950 1776
4904 2855
3210 3017
784 4089
4728 2573
2250 2567
4653 1384
2543 3935
3030 4526
4105 3288
1777 4144
2100 4072
2059 918
3538 3042
454 4789
2545 3391
3198 1563
985 1139
1604 469
3125 4158
1341 670
3087 2292
1279 1533
4993 2110
4930 2143
4679 1293
4070 1118
2345 1021
143 838
4135 2029
800 1024
477 3926
2413 964
2844 809
2669 2996
398 4528
2406 3873
2675 3808
2737 3141
546 670
4402 1995
1701 76
1189 3041
2642 4265
2843 17
835 1022
4865 454
2151 4540
88 2800
3373 2777
3770 2099
2464 577
3218 858
312 4743
2072 4761
3597 4937
1066 4384
4660 3631
3883 4624
4533 2772
3001 4642
810 4361
4893 2887
903 496
762 1352
1436 1992
3130 3237
4263 3813
2242 1514
4790 1927
154 2896
1786 707
1486 260
3456 210
3107 1182
3612 4721
3829 4677
3693 3327
3842 1598
2431 1224
793 4739
2649 2411
859 1710
3721 2363
3526 2267
3905 2942
49 4593
4784 3909
3542 1957
2762 3120
722 3263
634 3360
2215 1037
3945 917
3255 1389
1535 3632
212 203
3174 4217
2426 4489
1349 2244
1462 2000
4069 4667
1562 1909
4874 3243
666 814
1021 2773
3985 3733
1023 1831
1378 4257
50 3282
2935 3858
2159 2364
3 2576 4568 4571
2 162 2427
2 344 1560
4 650 2905 3477 5004
2 823 3615
48 82 277 346 365 882 997 1103 1104 1209 1371 1381 1402 1484 1535 1584 1600 1771 1782 1883 1907 1954 2018 2050 2134 2308 2318 2411 2554 2592 2597 2631 2717 2920 2990 3115 3264 3346 3465 3725 3832 3868 3909 3984 3997 4167 4240 4245 5017
5 62 735 756 1759 4379
11 185 301 598 1085 1279 1462 1646 1838 2588 4387 4388
34 45 76 161 212 370 478 664 814 933 1276 1876 1924 2000 2186 2310 2312 2411 2731 2770 2927 3219 3361 3593 3624 3834 4052 4163 4219 4236 4251 4532 4612 4889 4957
4 247 4581 4785 4961
10 874 960 1463 1587 1883 1998 2771 2798 2855 4695
35 11 133 206 378 410 418 522 546 768 815 995 1136 1245 1467 1753 2136 2216 2311 2500 2568 2774 2839 2969 3275 3364 3383 3485 3595 3667 3871 3952 3988 4062 4165 4183
27 86 171 292 563 605 890 1268 1399 1500 1703 1952 2174 2211 2273 2317 2566 3203 3226 3720 3923 4070 4192 4208 4540 4600 4755 4864
10 609 849 1324 1787 1788 1956 2460 3696 3958 4269
39 97 616 657 658 679 800 894 1050 1142 1281 1310 1437 1572 1579 1857 1959 2040 2087 2144 2233 3036 3081 3129 3191 3275 3447 3475 3572 3579 3749 3876 3995 4055 4211 4231 4429 4512 4788 4997
8 508 1455 2007 2161 3065 3318 4188 4665
13 330 1645 1959 2240 2558 2733 3352 3506 3524 3637 4407 4576 4696
9 25 2396 2493 2575 2822 2903 3692 4231 4946
5 430 2479 4141 4439 5026
7 422 493 538 867 896 1166 2108
7 1437 1600 3301 3404 4046 4086 5026
2 2500 3836
8 338 580 799 1339 2605 2957 4297 4844
4 775 810 1839 2417
8 205 280 766 1061 1340 1617 3337 3955
21 81 448 459 858 1480 1879 1927 2006 2097 2649 3358 3362 3665 3720 3786 3813 3909 4155 4393 4435 4524
55 311 341 400 442 456 480 570 695 698 912 933 1026 1041 1059 1189 1337 1447 1567 1660 1734 1740 1991 2070 2146 2241 2260 2306 2309 2355 2359 2427 2449 2493 2586 2673 2675 2712 2858 3007 3254 3307 3483 3573 3679 3744 3850 4024 4062 4422 4437 4508 4637 4770 4917 5034
14 9 216 583 608 1189 1200 1377 3050 3473 3644 3911 4647 4824 4835
15 97 724 831 886 1054 1175 1263 1582 1902 1963 2149 2209 2309 2961 3791
44 48 216 231 651 825 836 863 904 1007 1113 1119 1141 1198 1357 1417 1457 1627 1633 1659 1862 2009 2055 2227 2818 2893 2958 3246 3292 3418 3464 3684 3820 3904 4111 4147 4528 4552 4621 4633 4705 4762 4797 4863 4910
10 585 1383 1842 2311 3318 3797 3942 4352 4600 4894
14 113 334 469 506 1025 1626 1817 1968 2182 2541 3063 3085 4900 5002
9 589 732 926 992 1601 1635 3300 4666 5038
26 134 225 473 1116 1204 1340 1487 1522 1573 1650 1715 1724 2134 2492 3095 3156 3298 3331 3707 3884 4184 4220 4692 4733 4754 4795
2 385 3840
19 21 476 650 1018 1077 1903 2238 2241 2708 2712 3001 3053 3149 3281 3582 3657 4474 4674 4983
3 2233 3243 3260
6 66 230 872 2818 3051 4194
15 786 798 1093 1446 1912 2282 2331 2432 2606 2672 2867 3290 3436 4772 5000
9 148 964 1590 1861 1870 1973 3073 3369 4490
17 114 324 502 722 802 1110 1698 2178 3016 3034 3396 3865 3889 4028 4085 4333 4781
4 32 469 4010 4188
15 122 347 678 928 1160 1242 1929 2304 2429 2634 2674 3068 3723 4862 5035
8 618 1063 1088 1605 2322 3282 3325 4334
46 35 285 290 432 592 723 738 749 823 837 885 900 1290 1299 1620 1639 1844 1847 1964 2032 2166 2233 2259 2273 2444 2455 2711 2796 3090 3120 3194 3342 3381 3387 3484 3694 3926 4027 4061 4151 4233 4344 4657 4682 4927 4991
18 201 304 408 662 694 808 823 1752 2038 2120 2248 2477 2628 3334 3425 3878 4793 4868
18 59 229 721 869 1156 1895 1912 1943 1967 2229 2376 2406 3013 3037 3205 3540 4315 4378
9 328 1001 1846 1889 3253 3768 4135 4152 4725
17 708 862 1168 1182 1552 1753 2317 2660 2920 4011 4076 4181 4298 4325 4502 4538 4689
9 60 220 275 1078 1661 2348 3406 3575 4663
4 703 1157 1567 2144
8 176 503 2683 2760 3321 3812 4025 4114
31 266 335 436 472 517 562 894 976 1046 1111 1441 1461 1473 1723 1773 1896 1951 2029 2271 2315 2739 2836 3049 3295 3353 3368 3580 3857 3907 3966 4029
13 201 1029 1296 2001 2023 2039 2156 2283 2616 2655 2891 2924 4265
16 108 200 658 751 926 1132 2050 2940 2986 3439 3465 3624 3980 4733 4916 4939
22 51 461 663 674 738 1363 1692 1855 2053 2065 2748 2815 2921 3092 3335 3487 3983 4271 4578 4869 5012 5020
17 13 385 386 425 1022 1750 1889 2188 2522 2541 2738 3088 3202 3250 3626 4663 4935
8 25 1287 1795 2201 2783 3928 4158 4655
15 14 786 952 1091 1134 1212 2115 2203 2380 3463 3580 4071 4111 4717 4902
30 103 161 190 430 443 483 528 646 1251 1267 1275 1288 1436 1479 1591 2025 2072 2281 2369 2387 2601 3136 3578 3580 3907 4064 4164 4335 4462 4950
4 2260 2367 4571 4822
17 383 480 928 1111 1161 1203 2093 2341 2775 2787 3151 3630 3643 4383 4660 4864 5041
4 1768 2003 3215 3227
7 75 837 1341 2088 2499 3933 4906
20 287 562 741 1424 1699 1735 1758 1992 2167 2443 2774 3452 3504 3687 3829 3891 4284 4304 4945 4960
11 336 665 683 1635 1691 1925 2205 2529 3201 4276 4731
6 180 296 537 1100 3193 4683
2 1432 3610
3 216 2596 4165
24 62 164 433 836 1065 1837 2100 2152 2210 2235 2238 2344 2478 2642 3218 3386 3420 3581 3727 4208 4287 4338 4420 4743
46 38 63 67 127 194 298 857 925 1176 1320 1358 1398 1489 1666 1965 2032 2061 2062 2436 2454 2487 2491 2514 2558 2675 2918 3039 3101 3127 3290 3379 3454 3509 3510 3528 3595 3714 3781 3792 3892 4130 4755 4846 4914 4956 5019
5 592 1114 2885 3578 4001
16 13 519 843 1337 2079 2147 2187 2614 3114 3394 3519 3672 3903 4038 4109 4583
12 385 786 1039 1236 1469 1542 2006 2211 2497 2958 3730 4067
2 452 687
2 1813 1883
18 52 699 774 800 816 840 1250 1533 1604 1622 1950 2390 2740 4115 4251 4410 4549 4936
2 26 3530
20 165 213 527 710 1205 1333 1850 1895 1913 1964 2012 2196 2633 2712 3597 4013 4198 4490 4529 4631
7 563 714 983 1051 2096 2369 4255
7 71 947 2423 2698 3153 3975 4475
12 200 257 831 1202 1462 1804 2516 2591 2694 3067 3164 4698
18 139 589 780 1022 1193 1319 1451 1592 1616 1630 1748 2522 2790 3348 3482 3634 4113 4262
2 957 1643
16 356 407 641 1088 1246 1322 1681 1880 2155 2466 2482 2783 3327 3807 3825 4067
4 325 3273 4372 4710
9 628 1011 1607 1983 2740 2913 3371 4026 4924
27 72 152 602 667 889 974 1665 2035 2428 2458 2715 2740 2920 2941 3235 3372 3379 3500 3650 3874 4042 4130 4294 4559 4605 4640 4674
19 374 702 716 1117 1358 1774 1835 2070 2409 2700 2705 2813 3045 3168 3318 3540 3767 3868 4909
12 446 1430 1668 2030 2062 2088 2249 2417 2544 3227 4181 4890
14 125 768 1308 1659 2172 3054 3294 3363 3603 3926 3952 4233 4526 4725
7 75 517 761 1448 2412 3086 4809
14 561 573 922 997 1293 1564 1811 1946 2435 3693 3805 3925 3976 4170
43 178 227 312 388 491 614 699 755 991 1162 1180 1244 1407 1438 1509 1541 1603 1678 1724 1839 1895 2086 2117 2173 2293 2341 2399 2411 2423 2533 2615 2648 3011 3226 3310 3652 3707 3803 3957 3977 3980 4311 4433
16 147 422 502 553 798 895 1080 1389 1863 2479 2629 2693 2959 3103 3573 4174
7 17 433 717 3778 3922 4047 4342
13 65 81 462 987 1166 1340 1746 2054 2953 3166 4538 4786 4882
27 1 231 316 563 938 1025 1546 1769 1967 2094 2174 2220 2398 2581 2778 2932 2999 3022 3492 3879 3948 4169 4380 4478 4494 4695 4803
7 471 894 1055 1191 1454 1577 4486
14 138 339 766 851 1328 1367 2561 2773 2804 2820 2890 3028 3627 4601
18 1203 1692 1776 1869 1871 2361 2517 2816 3075 3129 3221 3230 3496 3642 3930 4261 4548 4935
6 563 1862 2419 3726 4169 4919
18 184 537 550 565 728 752 1048 1075 1328 1672 1812 1882 3220 3743 3795 4092 4530 4650
15 515 904 1226 1650 1751 1767 2347 2570 2923 3027 4191 4276 4369 4538 4612
