9187 317 16
4369 7239
4369 7162
4826 7162
8302 4826
4826 3352
918 7162
8566 7239
7162 3753
7431 7162
8566 8430
4826 3476
62 918
7162 4482
9030 62
8430 238
1869 8430
3476 5790
5726 7239
238 2565
3203 7239
1359 7239
1869 6402
7606 7162
3352 6141
5016 62
6402 3562
1003 3203
3753 2133
7431 6063
6038 8302
5277 6402
238 988
6038 3311
918 346
2372 6141
1003 6509
7606 4541
7239 7791
5517 7431
8566 4002
6278 6038
5726 5734
191 1003
2455 4369
2372 6515
2090 6402
7555 7791
6141 6632
3562 560
2196 346
7033 6402
4732 1003
5726 783
6278 3321
918 476
4369 2010
1869 7580
62 2104
3424 5277
9093 7606
783 1967
7858 1003
4995 4002
3039 1967
4186 783
2372 7967
8369 7791
1829 5790
7580 824
8622 62
4442 7431
5252 346
7632 5277
5527 2010
8841 560
7967 275
1003 8716
4826 2322
7273 2133
4541 8327
5878 7162
2196 3163
5790 6860
5039 3203
2322 4619
2003 5878
1359 2813
6043 3424
1547 7580
6434 5016
3476 4727
7606 5466
4732 3551
4186 7794
3361 560
7580 973
2565 981
62 6631
4727 5516
2534 4482
8622 6690
8430 2389
6512 3311
4826 4220
7580 4501
6509 5927
2372 7244
7400 3321
4594 7431
6332 6512
4727 200
6632 859
1088 5878
5517 4586
9002 8716
3831 238
3311 6970
6512 1401
4189 7858
5749 3203
3424 5616
6302 3562
7431 8982
3321 2219
1043 7431
4541 7152
1387 7273
7243 8369
1379 275
2322 7565
8467 1088
4279 4995
5878 7997
3462 9030
497 1043
5110 6860
4186 3368
4367 4220
8310 5016
4894 3039
275 6195
7390 4367
275 2382
7580 8639
3790 3424
6970 6597
4279 6595
8282 4369
2104 8764
4837 6038
9093 2998
3936 8430
594 4367
8841 3777
8952 8327
2813 360
5528 2998
2998 8094
2104 2596
8982 9107
6435 3424
4514 3462
1379 1670
2534 3943
4594 4435
7555 3818
5483 360
7431 4480
3260 6043
988 7193
1082 4594
7239 2816
8310 7662
903 560
2596 1404
5790 7604
420 3831
4837 8860
1670 4740
5464 4480
5790 1482
7791 3029
6690 2605
2080 497
7245 4732
3203 7035
1166 3462
8094 2963
3943 7510
286 1003
6278 1506
1307 7967
9177 7967
5242 5464
4344 783
7704 8622
5878 5187
9064 7162
7942 8310
7036 7997
6332 8945
8764 4691
6690 6445
903 5682
2998 2024
5747 3790
7033 8970
2246 1401
7267 988
4837 1290
2813 2703
2003 1910
5750 3777
898 275
2112 7431
7899 7035
4442 8079
7400 5271
321 4367
8327 9114
5517 5329
8816 8952
3249 4482
898 2392
5592 2133
7550 7239
3052 2104
7239 4908
981 9131
9032 7942
1263 3424
4995 2681
3368 8123
7243 8517
997 7510
6724 7942
7573 5277
9092 5616
6509 1624
1965 7035
3284 8369
7218 5277
5581 4480
4514 5708
8302 6583
7239 1997
7129 1482
9093 2082
4627 3361
5236 5242
1506 5551
8779 2813
3936 749
8327 4635
7858 6171
5236 3277
6404 2813
2024 1447
7791 3783
6192 7273
763 2104
903 7114
420 6371
5430 1965
825 7573
7510 5768
360 601
7193 4175
8622 1100
918 5373
2389 2738
5775 2963
3690 6597
1624 6427
5594 275
3790 3594
197 7239
8461 7580
3972 4995
4613 2534
3747 6371
7650 6434
7899 8349
3311 3062
1280 981
4339 3352
7431 1185
1741 191
3831 2694
8369 2795
443 5517
4558 6043
7653 7036
1965 8934
3462 541
2586 2112
28 3163
3321 2503
636 5878
4442 3285
8023 8302
8123 2275
2605 3963
2024 3851
8919 4894
6583 9001
3777 234
6427 4057
1547 6109
6531 3361
8310 8011
5734 3193
2795 2928
802 5592
918 4386
1962 1290
2636 3361
5132 1043
3641 3551
5734 4557
9028 3641
6272 2795
5789 7899
6377 1741
5235 3260
8023 3669
7844 9001
7704 5513
4534 4501
760 973
3450 2010
4862 7565
8461 4441
2372 2257
8566 1336
6445 3883
6192 8898
476 3324
7239 1513
9028 8164
6332 6303
5276 275
4514 2234
7956 2322
321 3614
5110 3652
3425 5235
6192 115
8063 1447
275 109
7333 8282
2613 2010
8841 6537
346 941
4175 3423
6613 7218
4402 7942
1358 1741
6192 7489
4692 2998
8779 1963
2196 6140
5425 4220
3203 1992
3594 6339
9001 9181
7876 903
6882 6141
4894 5157
7096 601
2010 5536
3462 530
8123 7159
4311 8952
2835 560
6141 7732
5551 5911
191 5588
4657 5276
7653 5405
5375 2234
4939 3462
5567 9107
8282 5351
3346 5329
804 4482
3203 2141
4189 2177
4558 4040
879 2003
1404 5332
7051 560
9093 123
3053 7650
3545 7244
1563 62
1387 8599
3245 3690
5049 3972
8282 6932
6404 7492
2586 8024
5809 3249
8919 6719
5483 1314
1460 5187
1404 1993
2734 3747
3777 6618
7625 988
6512 8249
4925 5749
3625 7273
109 7933
1290 734
4540 7794
97 7565
5476 8249
8430 893
4369 3907
8910 234
5900 346
6361 7876
6435 440
5132 7058
2177 1623
7900 6595
9032 8203
7051 430
5110 4334
4993 3614
8716 881
6445 3160
7505 7492
4881 8919
1624 3022
7653 6002
6435 126
1548 4613
2734 117
7193 3762
589 7555
2246 347
3747 5194
8282 4929
8722 7218
3641 3600
2835 6053
790 8123
9120 8566
8988 6361
2493 1401
5025 8063
8566 4103
7114 5447
5517 779
6377 4173
28 7356
1563 5801
4939 6839
6434 4977
8952 8453
1997 8486
9175 6303
2257 1677
4983 2795
7492 5106
7480 5106
3545 8697
2156 8988
9042 1336
5329 162
981 9041
2218 4040
1290 432
7662 4185
2419 3476
378 6445
1185 840
5354 5132
4458 3193
1965 2921
6657 8898
8764 6225
6033 4103
5654 4103
8860 3580
347 6920
6141 5465
8164 2279
607 7051
1967 7491
8174 3641
97 3415
2694 4947
8497 8841
8327 2473
4939 2253
3745 2596
3808 4186
4993 2317
1677 6116
5681 1387
3231 6537
109 534
5567 5932
2265 347
5673 8970
9108 3039
821 5517
3747 2558
6753 2565
110 5194
629 1992
5801 7257
2090 7198
1387 1766
6945 3203
7883 898
3717 378
7485 4501
6435 5494
1280 7714
4352 3163
4163 7606
7165 2317
522 8639
7364 4995
2694 8525
4619 9039
9046 1447
137 5616
3311 5145
5760 1082
5226 4186
862 7244
5483 6059
6339 3001
4163 8377
621 476
1314 5573
623 5927
824 8819
2156 4286
5528 27
980 9177
1300 8377
7990 9030
3450 6081
7726 7129
3056 2703
2707 7883
4826 3202
7794 8541
1942 8517
7526 7510
3326 440
487 1766
2998 6298
981 6504
6141 3400
7485 448
8525 3064
62 649
4541 737
1402 5276
5698 5734
8965 7193
6992 9114
2003 6284
5188 4627
8493 4163
275 2857
5617 1402
1053 1547
4220 5796
638 4541
7529 1358
420 8900
8984 2734
7876 7537
6525 430
162 5339
7933 6816
5277 709
692 7390
4477 8249
109 656
6504 4778
5692 8919
7649 1624
7505 528
3315 7662
7224 8716
5897 5900
4482 5105
6661 9001
2565 4703
7984 7883
5616 8849
319 1942
6030 7058
4995 7
4541 2319
3591 4482
607 8844
7489 7949
5110 1889
3777 7345
2513 4995
317 2795
8995 4692
1427 4367
476 8668
3692 8988
2703 8032
6085 8493
440 3483
6452 601
8934 9068
115 3905
6141 765
6339 7630
1771 8525
7023 3777
2786 4558
200 8862
7747 7491
7165 882
4833 1992
3175 804
5329 7498
7654 7400
6810 3717
7218 8031
2963 2211
5567 5138
7691 1404
7846 7505
5983 1401
2018 988
2587 6278
4837 5685
7390 1622
6327 8493
6427 8219
8980 5760
8011 5408
2098 1359
6680 7791
4761 2211
973 2614
4797 6327
1766 1303
4191 8900
7390 1574
8750 487
7427 117
4975 7498
4896 346
268 4881
4589 7480
7264 8566
698 5252
7345 2821
6033 2248
6523 109
7144 6435
859 2693
4206 2821
941 4544
7074 7096
372 6719
5681 1308
304 6515
8566 8259
4881 2136
7390 5488
7152 2878
4781 5016
1942 3680
2614 6012
5207 5616
3452 8639
4557 7048
5437 5252
4929 2385
7245 2334
7349 2703
2021 8952
5682 3240
5038 2694
6937 3762
2694 7370
4886 7239
981 8205
9068 5669
360 2386
487 4273
5351 7044
3113 3326
5123 5145
4894 6664
91 2211
7772 5617
2473 203
7498 4249
230 5760
3982 372
8919 8851
3725 882
372 6455
2050 110
347 3974
8984 1057
4912 6945
1513 4200
5138 4859
3896 8203
6774 3064
7718 5749
8994 2136
5002 5252
8377 7713
8079 6830
4040 7138
304 8338
2334 1596
6923 5983
1771 9075
2150 5025
3676 9001
3680 6027
8164 2004
3690 8235
4619 4307
5534 8716
2835 1639
8430 4096
1387 3013
1965 567
779 5153
8497 4246
5727 541
8790 2734
623 713
499 4859
5505 7883
4726 3680
1559 3311
4431 4206
968 8952
2387 7023
7899 5504
1387 1343
1596 6606
4441 877
5276 2648
4034 9028
5762 7794
2387 1225
1809 5354
877 6924
286 3131
6501 2211
2223 5339
5733 7606
2963 7803
5482 5235
6973 5768
203 2376
1997 3384
8987 6038
5477 7333
4918 1829
2219 5291
497 116
97 1272
115 2020
5052 1401
5622 3193
3692 3456
2279 7525
4609 3346
3495 3240
4329 8497
6225 7511
4339 4905
1766 8872
1374 6332
5494 8228
3690 3799
4453 3315
4584 8203
7182 6171
3764 3022
7511 684
6613 421
3600 6156
6598 7218
9039 8598
3378 7224
2963 7223
2220 2681
601 2997
607 9018
7654 7037
6298 4053
432 1436
9001 6533
2829 5801
8549 4386
3965 1343
4133 2878
7739 1308
5900 4146
5064 3669
8532 3203
5160 6973
5533 7555
233 4925
1170 840
8576 3965
5908 6523
3123 2133
6939 6081
2816 3075
7243 4823
8750 6475
8764 1140
2090 3429
8230 6109
2202 3056
1343 427
8862 2622
8813 3056
2560 3056
5536 2270
8993 760
4028 4146
6860 971
8794 7074
3564 749
8994 557
3423 111
27 4493
5036 1401
6920 7737
7942 1756
9173 2503
4733 4453
5317 6140
1773 3029
3053 7410
5232 8790
3013 6624
4088 3851
2004 7089
7701 5408
6755 2003
1100 2042
84 7390
8819 5949
339 4442
3415 6185
2923 8987
930 804
2514 9181
7984 7259
1897 6059
4635 8494
3641 946
3947 6002
6631 100
6731 5747
4991 5908
4458 6362
5550 6724
5036 4774
4980 4501
1003 1555
8302 3229
3145 200
3963 6984
1623 8972
3327 7662
6461 3495
941 3309
5749 7581
5551 5033
1725 6402
4615 6657
2405 487
4423 3676
7701 2074
3580 588
4711 6063
440 3363
2649 3947
7138 696
3947 9102
4795 882
3429 6736
7997 7964
7916 8497
8759 9173
8516 3625
163 162
1972 4558
849 3424
8467 1944
4002 3780
6816 2819
384 2622
5187 2186
4589 511
6544 4703
1446 3013
2395 3277
1053 1202
7941 8493
7946 6624
233 8754
2783 7138
1328 4186
7948 903
397 6690
197 2611
1158 1336
6434 5032
2040 7747
9107 1191
8449 200
8934 9022
3648 8722
4341 2246
7208 2613
8844 8221
1417 6624
4710 7162
5132 6384
1622 6797
4402 1637
4589 8187
8759 3756
6932 902
7967 6702
440 1071
7332 4146
4220 6239
193 5673
7162 9122
7301 8517
1537 882
564 5809
9174 3725
7737 5216
1185 2200
1386 4584
8994 4073
1381 9064
8849 2750
7649 3502
8412 5790
7492 7404
7769 3495
7606 2929
1129 5789
1210 7162
7332 4546
2821 7327
6680 5448
5838 6595
2160 1992
4908 8999
868 97
7491 8793
2821 8220
1547 3492
6766 868
6724 2289
6525 9007
7218 4946
1003 8765
7163 7035
6200 4918
3564 1430
7476 4477
6339 6004
3972 1017
2503 4637
3727 5216
4744 8461
297 2196
3851 2798
881 2014
5611 6455
8491 1129
8709 7984
4386 3776
8107 1343
6984 977
5412 1386
1399 5592
1166 5958
4277 4995
898 3218
2925 8516
4241 5801
8961 4589
3423 8
6140 5663
1963 1929
6797 508
4297 5750
8644 2021
5976 530
5809 5865
9065 5052
6937 1767
557 3561
4183 5153
5725 7632
3243 2648
6867 567
5809 2607
6862 8079
5476 1870
6061 5488
123 8402
6116 1700
2970 203
4057 6147
1336 1226
8412 2530
4837 5443
1851 6945
5790 2480
1767 283
2984 9046
4057 3167
7302 7410
5132 7893
1365 7649
420 7920
5065 6063
5551 6670
8327 8036
4596 3400
7632 6891
3745 8589
3202 4737
26 421
4637 6514
4805 6192
7510 6645
2220 7609
7964 357
3492 147
6180 6501
7897 2514
8503 4977
3745 3258
8735 5132
4234 8668
6434 8028
3034 7051
6063 1880
3326 1783
7630 194
9114 642
5527 8447
5789 506
1520 6632
6308 7327
4744 9187
822 968
4490 3160
5099 3492
7990 4106
3167 897
5464 5968
1106 8491
3783 5357
6861 7990
6984 8080
5681 8852
1290 7569
3664 1547
1548 9086
6228 420
8890 2813
3883 6626
4241 8119
2386 5623
6947 8221
1436 5045
7851 8844
5398 1677
6007 3245
7180 3285
8903 1399
3022 1212
8486 490
152 7198
5983 5400
3363 2508
760 1715
5953 372
3131 9129
485 5762
4339 1601
4692 7083
4853 7653
2514 9166
9082 1622
8777 8494
1146 9187
713 2228
6402 3246
6523 3515
8639 5942
5394 3947
281 2813
4735 91
4799 7332
8276 2042
3083 5809
6389 8984
8860 5181
3467 9046
5409 203
8936 5398
1272 1230
6235 1417
3991 2694
6551 6116
4761 3040
3013 3074
7605 6272
7933 8625
2148 490
7244 3304
7506 7129
1386 1984
3902 5762
4635 4387
7574 8541
7077 9028
7940 8999
8982 8410
2983 3083
75 4442
5942 8114
7512 1226
7997 3138
4119 8220
1993 574
2913 8031
8763 3001
5681 2094
4454 4795
8151 1967
4612 137
1450 4329
7159 5574
9055 7267
7893 2175
8903 3437
6384 4195
3262 7844
2703 6949
3624 9007
8625 5318
417 8219
4589 4959
1286 849
3982 3206
7219 5064
4344 5390
8186 8934
6064 7138
2619 5809
7192 825
8940 162
1871 4493
4454 3154
8094 8311
4185 6869
5 9086
6992 2826
5908 2685
7100 2560
6504 1391
6637 3425
6774 3743
8673 1286
2270 8131
103 7964
2253 4278
6655 6228
6007 1022
3045 111
501 642
1904 4991
6171 8204
3824 275
729 8589
5292 5838
194 4207
4946 5254
7938 3600
1288 8282
2080 8959
2849 5049
337 8011
1978 7555
1859 8032
3775 499
2174 3167
550 7550
1889 4787
1185 3164
5317 759
3965 410
2042 3579
749 4677
8249 1398
2540 2816
4540 532
3258 5420
3837 4557
7659 5065
7485 3048
8754 344
2693 4267
8844 5171
4740 4516
6475 566
350 1303
656 3242
918 6619
7575 3384
5525 2816
7161 749
4612 1193
3072 6308
8149 9187
467 7565
2051 508
4841 2648
8402 5836
7745 1783
6753 6354
5949 6885
5483 4310
6362 7509
7938 1030
6895 6272
1106 3172
197 7928
3614 8689
8919 5309
393 1767
2534 418
2858 8011
1382 5276
1842 6027
2183 9120
3773 3368
8080 5197
1506 3605
974 2648
6792 8934
4805 5368
6882 6549
6118 7769
8379 3664
8089 8668
5388 2849
6969 5318
6140 4764
7544 5430
560 2077
8890 4632
1721 5801
750 4993
1426 7949
5021 2636
1158 4102
5747 7998
4833 730
3414 9001
2259 638
3639 6156
2990 6402
518 2750
8486 3536
5620 8151
2619 744
5796 1515
4189 6944
6389 1568
3641 1932
4369 1059
725 3001
8427 200
3974 910
5927 3657
8164 3217
6107 8028
5746 5749
1140 7790
8841 7926
2582 360
606 2813
8220 6240
3042 9022
793 4241
1321 3669
5150 2382
7144 578
1432 2259
4657 5018
1972 473
538 2234
1170 7752
5392 4423
3877 4627
8673 3701
3072 2768
1164 6774
6218 1308
5430 7535
3142 3625
5750 2655
4479 3818
1500 1482
6362 2749
692 1742
6551 8629
5878 4216
1904 2623
2794 337
5888 1500
5662 1307
8479 4540
2112 6087
8881 4189
3488 538
7663 110
5160 3272
5406 2480
175 3831
6883 3138
2829 4464
3704 6059
6331 4859
7969 5157
6869 2580
6947 858
7997 8056
534 3079
211 3476
2575 4206
974 978
7256 5983
2486 7208
4805 5140
3245 6114
4155 2929
2473 7730
2466 3776
1163 3368
7003 4929
1580 2148
3551 536
6533 1875
1359 1041
6288 123
3773 5882
656 4060
8551 194
3360 9042
6549 8695
3943 2756
1360 621
868 3930
6446 1910
9055 8093
6240 545
4166 3777
4544 8962
6587 4733
8235 8389
7704 1384
2380 1272
6180 8714
7 1192
8365 360
3950 3690
1725 4913
4303 4733
411 123
4344 2274
4191 7450
623 7631
5033 2885
6647 3072
81 1100
4206 7067
8972 1782
197 6340
2094 3090
5280 5911
862 7201
6631 5210
2677 6645
3030 3652
7803 2528
1365 5019
3075 6909
1927 3488
2024 5948
1763 3378
588 3236
7551 8940
6207 1202
5665 4516
3245 2294
2883 2614
1563 1925
7410 3205
232 2174
6195 6915
6932 5978
1771 3017
4941 506
851 7525
1399 5120
7289 3614
4900 1158
443 7097
730 1101
8447 695
191 3451
8572 81
6561 881
1126 4894
2885 1031
892 536
1435 448
4488 6118
2495 709
5927 818
7111 2275
4657 1606
4291 6647
7945 5464
3697 3625
4171 8093
1975 1290
7808 3664
5238 8479
4896 6139
4071 3030
3608 3697
4329 7360
861 5235
1382 6024
129 3753
3285 6856
7650 823
1190 6885
590 8174
5039 2221
6839 1019
3266 8813
8641 2223
5065 5081
941 2187
818 288
3040 4542
4056 5551
8113 5617
6201 6200
215 5197
5568 2090
5064 2898
1304 5351
2994 3321
8716 5008
4740 1433
6883 8092
1191 8770
8074 6618
1345 7037
4707 861
7657 4894
6661 6247
8074 7121
9120 1564
1658 7152
2265 2308
4318 2080
9177 806
3945 8449
4710 4728
3608 5220
1980 6147
6424 7714
1769 601
2677 6068
5505 4928
3041 4479
1606 3264
2857 96
3435 6939
6469 2098
4500 7044
1560 1308
2094 8426
5449 3075
8516 5907
6380 6331
2084 109
606 2167
4728 1540
3467 5072
3467 9050
5588 8304
2045 1725
9182 7794
1829 909
6120 8203
862 8347
509 7529
5377 4185
5527 5842
5953 3374
4573 7964
3249 6470
7505 6387
6869 3642
724 823
5685 888
5531 3164
1236 1997
1871 5279
1859 3330
3883 3192
3969 8849
1993 3554
6435 4417
1097 5238
59 6932
2196 5683
4352 2737
649 5310
6124 532
1146 237
892 5362
1031 6133
8151 136
1263 391
3756 8979
6418 8639
4908 1594
7946 3156
1582 8566
5837 6895
2176 9114
6748 1513
7933 4766
5663 1217
8816 2869
804 1213
1358 5352
3846 2257
4007 1773
357 4700
378 6410
362 974
1371 5581
1880 3850
6446 5602
4123 2768
851 6683
3073 3450
2619 1340
1511 3896
3462 5640
7517 362
5525 2111
7499 4185
8981 7267
6472 6354
2202 8097
383 6797
3113 9127
9068 3842
6708 7400
6694 8491
978 3002
4483 378
1563 9183
2090 8200
6828 430
3621 3384
8231 729
4700 7263
3154 8252
7688 110
1871 3497
1301 1929
2205 3467
8547 3001
3948 5837
2948 588
759 4065
4884 5953
8074 5444
1621 3945
8242 4912
2384 6797
6066 6380
1030 289
3948 428
2768 6347
1052 1500
6244 1725
8910 8908
8695 8266
3979 3258
3352 5070
1369 3536
5298 7650
6167 4514
7714 5960
2150 7690
6109 5939
621 812
3060 1280
8076 6272
766 7033
526 1379
4594 2669
4194 8056
4261 7625
5451 1129
2288 1992
6855 3074
4536 3326
397 2033
7714 5338
8637 3167
6006 6514
6326 8187
8412 113
4980 993
7801 8304
6797 7255
6584 3040
7275 8952
3000 818
2418 8629
7505 7806
5683 7278
559 7535
2039 1426
3017 7763
898 7334
8410 4041
6135 4194
7491 4434
4959 933
6218 670
4845 9092
8347 5702
87 541
1321 965
8337 2308
8759 447
4056 3962
2833 1304
5425 8724
1270 1450
8238 3154
7752 3103
2913 3802
138 3311
6867 5776
1494 621
6332 8315
7883 8645
1926 6244
3532 2560
974 605
6278 8376
5064 3428
8124 3657
5843 1763
1349 7431
5480 7604
7121 2881
8851 4999
4066 2211
5857 2219
3200 4557
5280 8086
4182 589
5209 6895
2185 5448
8423 4171
3192 3382
8242 2953
952 7631
4498 1596
4131 4195
3002 8322
7732 1090
4732 2422
1100 7167
6551 4639
427 2097
8453 6986
8094 5090
8426 6800
1889 1128
2050 2199
606 7571
8908 8072
1605 8072
8335 3243
7491 671
7906 6774
2642 8219
4273 571
8173 790
3972 4705
1725 5706
3222 6549
4434 6230
3285 7458
7715 3783
36 6719
4499 590
472 5504
5479 5536
7992 337
2929 4069
4767 6007
3007 8086
8302 1901
1932 7989
5065 2806
6107 9079
3647 6109
7620 4065
887 7511
8893 9082
391 8055
5444 4578
5329 2589
5612 111
7860 534
1088 2667
3329 522
2977 7302
1170 8741
8484 5437
4776 750
5654 3913
2160 6872
3625 7911
728 2219
1290 3933
3029 3126
882 5386
2654 7946
7303 3594
6163 4908
3200 8661
7465 7718
2272 2798
5173 5900
257 588
4748 1997
888 8756
297 322
6118 7658
4777 1447
5613 763
639 129
3947 8581
4862 8665
4853 5720
4710 7915
8290 5551
4309 7893
2141 8407
8089 5792
3117 8086
4060 3369
4133 6765
1196 7992
1158 2552
3777 457
4440 4367
296 2858
7289 2312
59 8393
1723 2552
3850 1561
3676 3686
5112 2317
8901 3041
5413 6192
3416 3285
2547 5408
4672 5216
225 2185
7526 3546
7949 8213
7969 761
2061 8995
2039 4072
4673 7302
7198 6370
568 8203
6385 903
3379 1052
9166 5982
2984 5240
6718 3775
7003 5470
1500 8292
337 4865
8860 5813
8394 5681
1529 5036
1160 4057
8003 6613
3823 9108
1246 9018
1304 2103
5809 8192
4653 1548
892 1206
7845 5888
1270 8529
1199 7732
8880 802
5881 2970
2394 7688
374 2677
3775 8084
5897 3988
5588 416
4707 7970
194 3508
188 1447
5533 7362
785 4246
8430 4177
5678 2455
6272 6479
5350 7900
5187 6067
2299 5032
2480 7660
6898 4417
2257 1674
3222 4093
9086 2926
2510 730
759 3827
5281 2265
4743 8393
5232 5933
6074 5216
5194 2628
9097 5702
6637 953
4235 4928
4841 8041
4652 6371
7873 8072
1386 6441
7378 6867
6919 2133
1854 7526
1921 6308
5504 6729
7250 3034
7832 6470
9178 7555
137 8291
6367 2703
4547 3907
36 4572
8987 6123
3244 1763
6728 3425
7525 3917
6114 8360
1772 1230
9102 4393
2680 6225
6632 584
588 5088
7537 5539
8347 9060
116 4264
4669 1031
1369 1186
5675 5470
6340 8787
3805 759
5350 7269
3470 5663
2491 5451
3277 7088
1574 7314
1200 197
5362 5096
3494 4264
6204 1962
2521 5527
2735 8097
4488 2831
7619 6204
2234 3179
7948 3410
3772 684
8611 7378
1350 840
3412 5750
2218 895
6609 110
6583 3051
6385 7140
4982 4277
6335 8794
786 5567
6733 472
4733 3293
7514 3052
8718 766
1555 5127
7198 5850
2372 9026
505 3435
411 3688
1016 5409
5850 6684
2486 7982
5564 6731
4764 3927
3776 8720
5477 7429
2104 4462
8927 6869
6797 5802
6551 6948
3120 5425
4528 6533
7757 3927
4833 5780
3243 7335
5354 7553
5543 448
1158 6769
364 2998
7511 1787
1100 5137
8185 8910
3256 4119
7055 6156
7465 3758
4554 6228
3922 6120
5932 3173
572 7763
3326 8989
9022 1535
5673 3427
5350 6269
1387 5274
3851 1758
669 4291
3988 6658
3660 5351
5483 1682
2192 193
6171 8159
5018 7236
3172 2818
3747 1068
2192 5231
9175 502
824 5364
1771 7493
8092 3987
8029 5025
3884 7159
8516 683
978 3181
3621 8733
787 5939
2743 1436
8862 7446
2337 5019
4590 5033
6102 4547
232 354
2839 9068
4083 8890
6690 7588
7436 1301
7159 8767
4761 1439
5230 4307
9039 4357
1643 6923
4057 4649
4849 3562
5683 3798
3999 1345
2077 3404
2077 4170
1750 4482
5645 5708
8277 6354
5868 3240
1723 3191
7628 487
6219 5298
1925 8691
2820 2270
5764 7236
8572 295
4853 328
1588 6085
166 8486
683 715
6755 7043
4669 7735
8472 7121
1967 2331
1886 8720
2177 6032
8634 6531
4838 2199
6002 7380
1699 5157
3363 5174
5531 7682
4411 9127
7140 7975
8767 6008
900 902
3757 3591
6446 7958
7772 2469
2361 532
890 3117
2680 2295
4843 5543
3837 5904
307 3647
6285 1992
2163 4727
6655 9040
3922 4750
7091 5976
5052 4004
7101 980
4700 167
6960 5768
589 8630
759 6535
1304 8285
4692 2131
5447 1832
163 1332
8447 3516
6573 5654
6346 3167
1186 5163
3191 938
7349 5928
5017 4311
6581 879
7775 3657
1835 1725
7574 7655
1240 2104
4823 5583
339 5485
9092 1525
6797 2533
6810 2706
6197 862
1164 8938
6012 6615
5854 8988
6029 8376
2654 4505
2610 7752
2008 1399
1321 7128
5444 3097
5339 8708
6830 7155
3167 6378
3078 4669
883 5588
2139 3757
3762 4497
761 3237
7178 8056
6435 3287
4191 7892
5733 7542
7173 7345
4793 8697
1583 2080
6593 8285
713 5401
8493 2947
8881 158
6583 4181
4587 7628
8549 8586
2491 3226
1202 3558
8778 416
7938 8198
5383 7400
956 8860
8407 1619
6774 8280
4267 8058
3205 4354
6683 527
5870 3051
802 331
7791 7554
3360 8364
4612 751
4400 8778
7818 5280
2389 102
4397 6107
6702 8947
759 4868
563 3284
7876 6282
7053 1300
7196 7219
6347 7210
1101 4269
4558 6311
3347 2510
9173 7122
2858 1912
1623 829
4941 7326
3440 1052
7140 7086
5828 6885
2004 4824
3329 1123
4120 5533
2259 3782
2304 7138
2205 6113
5397 275
7938 2483
7873 2592
2226 4737
5138 3829
2129 8741
2955 4498
5259 656
5836 3339
698 3460
7698 5188
2489 3483
5631 5254
6487 5857
5708 3634
289 6263
6863 5351
3346 5335
589 3910
8409 7089
2738 7719
237 3362
5338 25
6059 1810
3903 3181
7937 6335
1756 999
59 9006
881 8838
8646 2156
2903 5259
1943 5449
5805 7429
4124 4464
5066 3558
7511 7618
9048 384
1965 758
954 163
8517 4621
8219 7143
2408 1088
6043 6687
1838 417
8668 1792
3076 6595
3975 2589
230 7014
3980 3551
5645 6675
3264 634
2780 3090
3435 880
3451 7484
3126 8000
7193 616
2103 1924
7558 3423
8623 2831
4622 3829
8149 7776
5409 1026
5790 2943
6958 7769
8407 8640
6736 2814
2738 5759
6734 1270
3829 6889
7975 5874
8236 902
1658 8699
2261 6204
8049 4096
347 2258
7473 7555
6824 3452
7431 6604
1095 4341
7485 5159
4386 1048
1361 7489
1493 695
7835 8722
6049 564
9178 2468
6969 3881
8041 169
6002 6368
7300 8242
2898 1983
8648 3580
4479 6486
8932 3756
8065 1417
646 6624
4554 801
6390 4781
1576 102
9063 5350
8921 7349
6880 5318
650 3164
87 8587
8757 3435
3676 2982
3570 7714
3785 2392
3469 4615
8384 6067
6141 2770
259 6240
4920 5386
6557 7055
2791 7326
2021 2307
779 2804
8596 564
3272 1631
2671 2259
5093 8266
2970 1121
7616 1101
220 849
2050 4266
1150 2177
2517 3164
5039 3771
2726 8779
1291 8763
346 7453
9001 1061
3591 7046
6889 3787
248 4558
8572 3548
7190 7900
5389 9181
1814 5857
5281 3318
1772 9160
3218 3465
2239 3782
8691 1999
326 3022
2431 1721
6224 8813
6018 3579
6933 234
3777 1079
9183 6940
7922 8503
6837 5240
6559 4060
9108 3162
5752 5888
6933 5492
4766 7593
823 7495
5838 5109
7580 6028
7161 6050
3553 4493
3423 6651
8435 8242
4941 1162
8197 4669
2869 3637
4454 2240
7785 933
991 2177
8665 1103
1422 1328
2702 7053
6531 7412
4621 1115
3202 5495
8356 1017
5105 8847
8317 2517
5145 8964
7759 1583
5991 1619
7578 8228
8592 1875
1301 8015
8973 6898
4720 821
391 7798
466 3827
5874 1989
4159 7964
1751 5292
2642 4456
123 1490
3045 9070
590 258
8484 5180
5804 3242
585 5354
6063 996
2829 5239
2385 960
8970 3820
2689 8794
8696 6064
2353 1623
3093 5813
247 7044
2388 8987
162 217
3966 6766
6085 6330
8881 8922
6880 4228
7436 6128
6640 4505
7720 7208
538 1249
1332 5798
7653 6747
2703 4530
4584 3454
4456 7237
8648 7694
3980 9087
1519 2703
4956 6475
2490 1290
7992 4595
1897 4410
968 8429
5629 7982
1265 6940
3460 4600
4094 4369
4456 5614
5801 4308
1350 6242
2037 3639
8235 3702
6348 4886
8130 2826
6202 432
5505 7887
2577 3361
8345 3435
7911 6926
1717 1513
6772 6797
7611 3075
1823 4853
3451 3491
7834 3361
4356 6269
5226 924
3731 5528
618 4411
2168 8280
2578 5032
7932 5485
1307 8207
3318 6681
8678 2174
3272 2755
825 5115
8974 5093
6086 8981
26 8727
1877 6239
4754 3103
6728 6669
6568 4609
396 1537
2136 7823
5162 5976
5976 264
8637 6884
8709 359
4176 4703
7596 2220
6278 5489
4667 4480
5881 1825
6832 2530
786 3306
2329 2112
5201 167
2418 7765
380 9050
8630 4990
8643 9093
3785 8585
7030 6053
8789 3764
4057 7500
502 1131
1646 3240
7649 7363
7757 6643
8195 3600
7119 6800
3516 405
9005 6937
3483 5918
2022 1399
1925 2262
3605 3768
8947 8933
7054 3175
5495 3194
1986 7510
5224 6882
5667 5654
1700 5633
8010 2534
7570 5492
5321 7237
8722 4204
6179 7997
1269 6116
2619 4461
3221 5242
2353 7417
3818 1463
6190 6581
1870 8320
3427 2078
44 5939
423 7893
3652 2541
7023 4757
2294 2914
7037 4209
1082 7011
7342 6766
9140 4546
6984 8108
7783 7510
2360 4277
6108 6584
7859 5405
1329 2317
3500 877
2430 230
7102 4795
4584 8666
2633 7243
1984 6833
1206 6521
3989 1059
2575 7563
2760 2821
5841 5281
4250 191
2483 8528
197 7888
3432 2196
7989 8040
9026 481
7112 1944
85 1115
9052 2821
8198 6437
4826 8241
7688 1313
748 1962
5623 1355
7155 6871
1535 4789
6404 7728
2829 3955
8272 1792
2794 6310
3379 4244
1263 2015
1756 5075
3030 4274
7619 2479
1651 4204
3261 4456
4339 7286
5502 1548
1211 1447
3742 1265
8306 7525
1185 1122
3601 4278
2719 7735
3561 795
3367 6192
3492 1459
78 7958
6924 5636
8030 2667
4110 728
2791 591
980 1470
952 827
1328 5795
1355 5264
6643 4597
6693 3142
1778 2596
3422 2983
2050 7428
8384 2383
8988 8726
8759 4180
5805 4698
8078 534
349 8849
8308 2163
4785 7655
6664 3413
6459 8862
4452 5505
7984 2823
2750 65
3590 2074
6808 5162
8317 1913
8354 2389
4367 5600
497 8466
6533 6415
792 5525
5433 2558
6551 4676
3578 59
7281 5127
3097 8455
9169 2955
1133 8750
6800 5599
1694 8277
7219 7586
6242 3510
6528 4983
5692 4961
1651 367
5617 6967
7444 3989
7762 6949
887 1648
2186 1389
4303 1573
8683 7735
6182 541
2680 1311
2962 2486
8007 6218
3983 4622
5671 4235
9085 8940
5889 6675
5390 8925
4562 4096
2603 357
3596 7818
4805 3875
422 1519
2592 7137
4149 567
3122 5581
1805 9050
2898 1918
1917 8841
4088 7312
7439 5120
8783 8625
1728 4250
750 7520
42 7505
6115 8292
7336 4249
234 5496
5304 941
1017 7073
2662 7431
3553 2144
2405 8687
6378 7452
4594 2526
6514 9074
5937 1190
2148 4141
8816 3718
7971 1427
4963 129
4146 2432
2196 5258
555 2185
4732 5591
8730 4334
1205 5408
5410 5749
4483 3219
5870 3848
5005 6225
6476 7400
871 6683
1906 7606
1023 2547
7263 8728
8663 4534
2857 2880
8829 8079
487 4148
7569 8904
5778 5090
5289 7763
6837 3459
6677 2139
288 54
7412 1502
2022 2559
986 6525
4707 4704
3331 918
6113 4741
5164 4402
4891 5583
938 8997
8212 4578
7231 6185
4584 6977
270 4277
8310 4158
6670 51
7563 7678
3990 8938
7745 1745
8276 1987
4924 7489
3194 8085
6613 4575
4720 7081
345 1360
1603 8472
5256 4311
1851 2958
5797 3686
5405 820
6180 4783
3127 7892
247 4821
6645 1152
4997 6124
3805 8533
238 8762
6128 2620
5734 5839
3103 6851
1438 1917
1625 6470
7156 5502
3180 7619
6462 374
7424 6368
734 3271
3979 6692
4069 324
4554 3213
6156 4406
7567 4073
8057 3771
3851 2471
8347 4006
6771 2018
873 317
8827 6139
1836 8354
5960 5542
6958 1448
2061 2096
5493 5528
7473 6720
7336 8610
1057 8651
3838 8952
3406 8533
6326 2846
8354 5265
2788 6434
801 3509
7348 605
97 8468
4886 5284
2780 3809
8976 5678
3061 8220
7162 5359
2714 5928
5365 2565
5982 5381
5925 1211
7744 417
5424 9070
888 5126
4975 3942
5925 1086
776 7152
8379 2114
3117 8600
4981 5568
1632 6708
7932 6650
2639 7097
4607 6967
8455 8930
3594 7124
4697 7586
7114 6959
2829 140
6884 513
2320 790
2205 6129
4194 6964
6451 5256
6851 4135
5617 2364
6441 7435
8678 4225
3428 2865
3573 7604
1670 1184
1048 4846
7395 5911
501 4642
2567 1272
6968 3902
4934 5181
3596 2409
5593 2913
1153 6487
610 2150
3505 258
6735 4787
106 8369
7573 870
647 4452
8801 3573
5280 7890
4667 4305
6095 2947
2209 3452
761 3613
71 331
851 8077
8406 3776
2926 6696
5154 1196
3374 2535
8682 1212
3860 6637
1446 8559
2744 4774
8537 7611
2285 3536
8734 2334
1821 1371
37 5932
1533 3758
1021 5368
1715 6494
259 8737
9060 4438
377 5157
4776 4958
7144 798
4054 8668
1298 4185
2744 2415
4945 6228
8585 7638
1272 6526
4807 1200
5611 3858
5749 3281
2279 7795
1992 6280
1226 8263
7344 3516
3786 4977
3897 6573
7806 6117
5526 8910
2711 8292
4146 3854
7111 2081
740 8596
5389 6420
7335 176
5698 4593
1251 502
7912 8724
8199 2337
2380 1609
8320 539
783 4987
4958 7598
2074 4129
8819 5959
3346 1839
6755 7497
463 4357
8589 3270
8292 8448
8668 3216
1918 8143
6372 2104
3083 5178
1119 7887
839 5483
7928 1465
3499 4093
1777 938
1611 1128
8317 1149
8235 2414
113 4629
1329 5852
2136 7369
9039 3472
3552 2037
8468 1232
8576 6763
5419 3896
432 3373
8015 1254
2718 8637
1278 5470
820 6484
709 7337
3141 3160
4435 8515
6939 8526
6956 555
4358 1422
3432 7792
9019 7390
1934 4411
1308 1885
7840 6683
8472 8889
1087 2552
1807 374
779 1512
4698 7724
7428 7084
3652 9119
7844 5428
8408 5209
7485 4203
1789 7121
3583 3831
8340 6647
9068 3461
4908 4831
4421 3948
1313 3
1967 6783
7680 4607
5804 465
8373 1520
5182 3838
1289 5162
1997 1073
3394 2372
2128 2534
6465 4483
1103 2306
4611 5809
3010 7344
2771 881
8063 2723
8629 6511
8223 589
1900 7256
4660 6354
4827 7520
6350 6891
1843 6350
8537 4287
2883 8676
9075 742
7645 7390
8989 1393
5260 7680
2635 2409
894 3440
1743 2081
1016 5212
7250 8780
8279 8994
3817 5948
57 4278
3610 7489
903 338
3662 4004
8729 111
6928 2770
6280 1077
7916 8857
362 1675
3311 4907
7558 6835
8409 1201
2989 1131
3531 3943
2248 6264
6531 5273
2841 4002
8023 5895
2176 6914
3386 8252
210 2928
1877 7307
894 3486
5536 7852
2005 502
2562 5002
5954 6595
5866 5352
8306 7902
4270 1992
3818 6349
77 1459
8535 3113
1927 3091
2331 5308
6340 6807
4149 4679
1612 5933
2313 3731
2275 1203
2185 3587
3597 3491
7077 2260
1768 7653
1642 4411
5549 4865
7939 737
4734 6932
2744 704
4278 2544
8634 1456
704 186
1983 7651
3390 1301
9040 3118
6258 4397
8548 3256
7724 3874
5113 1637
246 7776
117 2446
8940 6442
3315 3674
2048 618
485 4830
5603 6696
1425 3764
3824 4852
8913 5174
5078 8223
8836 9173
5277 2063
7563 5934
5719 8058
5749 2000
943 3363
6651 3636
2175 6990
7038 7058
300 5959
2633 7684
7805 5162
8019 7111
4628 137
3457 6418
3515 2416
7044 756
5540 3874
510 1126
8138 7124
4148 352
1349 1261
276 8741
6242 3519
7460 7563
817 6984
5388 6026
7934 9175
4826 4943
1921 1489
8464 8827
518 7466
5187 403
3274 5685
7243 1165
7231 3595
6461 4391
2571 1606
3880 8691
5338 4224
6282 1819
2418 5989
4516 6636
8676 4145
8831 2613
5060 5911
6747 3878
6968 6938
8579 1942
7013 259
3694 5850
420 8554
4297 7313
3 278
7878 571
5648 8933
485 192
4965 8860
19 7506
4748 426
4166 1487
7737 4161
7500 3868
6370 4709
1970 669
8620 2419
2479 7186
2671 6904
9050 8037
169 323
395 8114
4587 1091
4244 8352
3300 3927
6392 3113
4271 1529
1105 6949
8728 2487
1949 7946
5900 1698
8043 3564
7835 3726
8064 996
1438 8670
7144 5328
9107 5975
7910 6856
1656 8629
3126 8650
5185 3206
1747 4554
7794 381
3896 4633
7958 2241
3573 8385
8185 6345
4267 3941
3771 6291
354 9023
5870 5913
3433 490
6371 3695
1336 1173
3867 9026
9048 8805
7559 4120
6099 4458
5273 7359
7162 293
728 6601
4724 3041
9061 3625
5836 1657
7691 573
8666 6388
4928 7935
6281 5933
2858 6510
6141 6788
6755 3737
2268 188
8323 3093
1454 8919
4120 6805
6882 3334
8797 6390
6129 5462
5299 7259
2643 4148
3830 2578
4093 7070
1669 7912
649 6419
1267 8338
7478 2649
8749 5665
6675 5270
3562 6625
8813 7411
4076 4787
9085 6639
6354 2917
7178 2157
9102 4581
8342 2150
6158 5377
2004 4201
1765 6724
255 8880
5390 7175
8927 7174
7440 5123
1862 5482
8766 765
2768 808
3275 4697
1202 4866
7215 6514
5712 6535
382 3831
3423 4872
896 7465
965 6952
2032 7834
7022 7757
7159 3458
8756 2476
7054 5302
938 4282
5049 6660
3316 1359
3469 8570
78 6665
1437 6681
173 8199
6460 6107
8349 757
7485 8397
5133 2528
2081 4294
786 446
5813 2901
5262 2388
5434 6528
4443 4120
439 2422
1489 7807
4771 3548
5007 3386
6981 3587
8820 3030
6452 6307
8424 890
7876 5777
5818 8195
1010 1967
3374 4927
4224 9115
187 3160
5342 2192
7400 5604
8201 6862
796 7453
5418 3415
2364 1781
6529 8598
7489 4882
7299 2552
6523 1893
3413 8483
3756 665
5792 9058
2003 5891
954 8604
5420 5515
8623 6320
4358 2481
1893 6381
6631 7826
259 865
4898 8529
8517 4688
3441 4866
8860 9156
7335 7884
4828 6182
7310 1751
1302 7618
2032 5121
35 1642
1526 5090
8446 6298
2388 2971
7444 5643
247 228
6785 7550
1519 523
8905 2540
4283 8750
2174 5641
4709 7541
1320 9129
6033 4713
4056 4298
4622 4576
5780 6558
4534 2321
6879 8467
4799 3151
6576 5866
4993 3807
3946 3987
4818 1889
2196 155
7943 7657
8515 1065
7453 8858
3446 3205
8700 4635
5360 1924
6535 8098
4926 6124
5245 8663
9032 6173
8272 2692
8080 7090
7762 1667
2743 6698
4231 9046
6485 3494
2491 4254
5991 6101
1576 681
8799 5891
1142 8934
2703 2911
3199 2331
6166 6785
1116 4244
6660 3832
5706 8567
6808 8137
7178 1405
869 2082
7956 4327
8387 5386
1572 8836
8415 2636
738 4406
2176 5831
7535 2363
2998 7050
870 7590
8654 2037
2167 4211
2372 4654
1175 1511
4159 6341
7050 3847
1003 2271
6419 1107
5884 4234
6356 6772
2642 3571
7043 8490
216 2240
3398 3330
426 644
2691 6851
3958 1355
7774 2074
2135 1582
5033 5754
2559 8289
1513 7226
8829 613
5531 4055
3597 1541
8036 4655
5797 6827
8037 7863
1819 1414
4884 5653
3678 3428
5038 6193
3786 7802
6207 5773
1101 4848
8417 5614
5271 875
2827 3284
8862 5080
6561 8145
4605 3429
8266 5680
6699 3330
3229 2106
2316 4741
5041 649
5427 9177
4172 7573
168 1371
7986 6885
1234 4204
4273 4796
3984 7458
8927 1297
8072 7375
2940 4110
1267 6974
8911 1463
3810 2239
3926 4621
334 3731
7329 2260
7356 6801
7394 3316
2735 6672
8755 257
312 2268
828 2858
2694 5995
6943 4807
2366 5365
8704 1963
8329 7728
7910 1412
3257 550
6371 4026
2084 7722
5408 4036
8942 7495
7362 1803
5593 5255
7517 7290
6287 4357
4420 4041
8957 2270
1965 8211
5671 7372
8448 2009
8672 8198
3974 8656
1839 4517
8211 1094
7713 82
7173 1638
1039 8819
2257 4850
4125 3933
778 6626
2170 1482
4639 4784
7437 4149
96 6710
6144 572
3133 5975
6811 7713
617 8910
8365 6430
2386 7355
3689 3532
7893 1102
8941 5448
2084 5903
5954 2515
3773 8067
3515 2532
8023 7141
7693 4766
9081 3002
8388 51
5866 7246
3201 2829
2908 8490
2983 4875
518 5674
5937 6752
2626 751
3202 2936
7677 5574
5255 4844
6136 594
4279 944
8942 6454
353 6139
6667 2308
7872 7141
2718 1806
5033 5524
5591 5423
4645 2780
1789 6972
1990 6446
8427 9172
7141 219
468 2211
705 7273
3253 3913
2839 5334
2325 8407
1842 2590
5544 5517
7667 7558
1816 2183
7880 7512
2933 8637
9035 2908
509 9130
1085 7728
6418 7812
3183 1519
2446 4248
1389 4902
2063 8331
8105 3827
1025 8041
5396 1140
5592 2238
5364 7647
5962 8576
7226 5200
1308 3296
7279 7224
5756 1605
9112 4076
2607 4952
1949 6188
3375 1836
907 2880
4787 2137
678 7657
4669 5985
818 5130
7820 1990
7667 7931
7951 367
2166 1343
7656 6948
875 3766
1786 7300
1871 2068
7365 5593
173 4353
1493 8351
5511 742
2719 2904
3097 6743
2407 5968
4431 5117
8266 7797
1289 479
7736 115
8616 3141
6722 4833
5410 8618
522 4105
1493 3602
1889 7924
916 4713
1266 6115
3794 3360
1375 1651
4762 8373
6889 311
1168 4244
1538 5444
8653 7310
5789 8062
8944 1168
8182 6658
8556 1743
940 4177
282 5002
8630 1595
5132 9071
2953 56
2924 1196
6700 1625
2522 5464
7837 824
3287 6746
129 2453
8545 6504
8629 4098
4391 2625
4476 3083
2078 241
6104 6278
3171 5064
5290 8285
5242 1855
8938 4880
147 9176
5712 932
5565 4073
6967 8053
4357 810
1474 6028
8839 1520
4747 8911
2089 2883
3105 8085
4441 7516
6372 3713
6067 5559
3341 1071
813 2304
1185 3720
8477 1582
8003 1029
534 4217
5017 4565
8946 3984
1942 4623
5076 563
3965 5728
3321 6826
8599 5899
6959 1341
2534 3915
428 1652
3531 826
229 3969
2596 8591
382 6917
8850 2321
6746 2616
7935 7060
3776 2190
1739 4941
1493 7221
5707 4826
5518 3428
3747 6659
1274 1859
3452 8350
4519 300
2236 4797
6582 5405
8549 2216
1307 3333
5132 4178
2494 3497
6091 4958
1898 6664
2317 2034
3749 7611
8944 4257
5100 5857
1627 1792
452 1269
2316 7836
4794 756
2092 2880
5752 1098
9086 2122
4958 8710
7836 2027
8199 2297
4540 9027
1780 4946
5560 6561
2491 6505
7733 585
8106 4287
524 8957
3435 3603
887 5639
829 4345
5533 4689
4005 5870
2621 6113
7805 8563
8233 5581
6442 6721
2468 4330
8163 7
6023 8041
5857 5717
2472 6389
6598 2927
4112 2814
5320 166
3375 8588
4087 3309
2192 4760
6363 5290
4394 7964
3447 2816
1581 4902
3984 1857
3306 1976
7958 1815
4973 1307
6087 6214
8013 869
4411 165
7219 3114
3611 1393
4150 7713
7195 4691
4376 1302
8093 436
3415 5545
1215 881
2743 7731
7722 7405
7842 801
5733 2193
6430 3940
4266 3623
5955 5045
6608 7380
4341 8705
5339 1947
3458 3653
5119 7649
7437 3525
7899 316
7672 110
90 7650
1260 8545
2970 343
8364 4491
6300 7084
5654 1370
2011 5747
1020 6512
284 7161
3815 2304
1476 1170
6468 7450
2663 740
3239 4700
2521 1744
3671 1052
5889 1551
7931 4099
873 5582
6994 6452
5558 3676
4897 6792
8779 1784
5116 8108
3927 7896
3031 233
3418 8186
1465 2019
6656 8097
7851 8575
4948 6475
3122 8746
2958 390
2369 3462
3275 7787
5041 1865
7858 1445
4853 8520
8916 1789
5194 2764
3284 1527
5344 6264
941 6365
4715 7023
709 8723
5643 5015
9103 188
9026 5011
2578 8871
4488 50
1901 6252
1944 4569
1307 5940
2633 242
4604 3469
5225 8718
2998 20
8372 2770
492 3847
2987 1980
4373 7715
2315 5809
8222 5592
5065 5440
5041 4814
5313 7138
2470 1564
6010 7237
166 4842
5434 4025
7694 5134
36 7253
9151 324
7999 5045
4481 6609
7700 524
2449 5925
3983 157
6869 5085
5130 6248
8869 42
2286 7958
5265 9145
3504 829
3911 4394
6205 3469
5429 9092
7773 2176
3256 6490
6230 7078
5160 394
2748 297
1962 667
6208 5891
8429 8370
3460 3904
3064 2016
7796 6558
6029 7386
226 8945
2521 863
4594 4568
6635 7682
4852 6823
7455 523
3132 5756
3081 466
5084 8387
8322 3981
4402 80
5891 648
4747 6374
1307 1333
3936 2688
3294 8322
606 6776
5229 8525
8410 4370
5373 8246
7594 9005
3196 1082
5583 8256
3782 4570
7474 3120
2421 8532
2334 376
7904 748
1711 80
8298 8032
7553 8536
5654 9008
5235 6899
4373 6983
2476 4650
3848 6621
6400 4528
3093 8136
6189 7163
5127 2173
3819 7851
4091 3877
3483 4475
2251 742
4637 8538
720 6839
7209 7067
4130 5505
958 2246
4841 8785
7591 8030
7198 314
8859 4605
7933 707
5645 8574
1942 1325
2168 2543
4443 4199
1742 7746
2900 1152
4153 7476
6111 9040
6544 2673
6295 4838
8561 2369
8536 4893
2629 4394
3874 4179
3297 978
6740 6484
8228 1378
879 5043
604 3936
6154 5960
2516 6869
1097 2093
9114 8669
6650 6995
4680 7834
2632 5878
6225 3778
8081 5747
6810 4801
6192 1218
9185 8163
9151 16
2009 8977
8021 2953
2139 7764
1271 3647
5754 1366
6059 1045
5102 6185
5637 5841
8974 4169
8879 822
4208 4110
504 5654
6769 1081
4305 5071
8276 261
6502 2098
2609 7989
7079 3600
5994 7030
3724 1925
8468 5432
6299 3
1539 3375
2048 5024
5081 2919
7493 5155
7908 7967
5507 7055
1378 153
3643 6218
4826 972
7112 6691
5612 2088
7521 3435
6798 4777
2762 8889
4137 8317
6669 5666
3284 4383
7958 190
3143 1150
4926 7886
4303 531
610 5634
5725 6572
8862 3187
4348 7724
6006 6199
5172 3561
3726 3750
1742 459
5927 1255
6938 1262
3040 2784
2816 1385
1573 773
1765 3233
8714 1557
7772 4188
3580 8915
4824 1868
1127 7022
2904 2482
7920 6408
5401 3899
1172 1017
2662 2444
1722 2592
2527 8493
6735 8175
5390 151
7243 8772
7681 2319
3137 5692
9177 3288
7663 1718
2824 2998
2395 2184
4524 6632
1374 2076
3859 1972
3233 583
8230 7105
1425 1032
8310 1299
9122 6852
2548 859
5405 3204
7783 1144
1808 1983
7565 8918
3950 2154
1572 4140
2028 7313
727 5482
4515 3553
3217 419
5161 1675
5949 1064
2583 3034
825 4039
460 3674
6226 6437
4712 8881
8819 6076
6935 8360
8653 3622
2706 7391
8539 956
3165 8790
8643 7508
7893 6077
4680 7861
26 1518
4815 5070
6231 7336
2206 7256
6952 7368
8689 5094
162 3507
7903 3447
7067 6019
8740 8427
3673 9042
1251 8523
875 107
3435 5711
575 8021
5412 1707
9105 4762
8935 1990
1028 1910
495 6609
3033 5891
3071 2032
2242 1900
4419 3103
7591 1208
5974 6917
8102 698
7505 8104
7281 6579
4225 3912
132 7303
6409 1588
5140 9167
648 7181
6209 2003
761 7548
12 6140
8921 1392
544 5583
7274 3525
3624 942
1123 3480
7529 8920
5761 7152
3378 4063
1336 733
3878 2225
7082 155
382 5644
2511 4199
973 4489
8165 8737
6030 3741
5570 3564
4969 5850
271 5937
3736 2384
3526 6225
2940 1046
2208 6101
1938 1725
4493 8817
3098 3456
6720 3095
188 8715
312 301
4074 3333
3177 4204
6222 1581
6535 5257
7746 9101
1998 6587
4398 4231
2295 4752
5692 3148
2228 7206
8500 6956
1348 6776
8380 5692
2062 6430
6259 7368
3797 2839
1625 8706
5187 8907
3126 9128
3287 2932
423 7930
1862 4077
5698 633
8905 5055
8348 6064
8471 4795
8869 1253
2943 6843
167 4427
7947 410
7597 4983
6383 8961
4965 4769
2681 1400
4912 3124
5991 3479
6399 6326
7170 2738
7723 6207
6130 4007
186 1074
1471 6667
6578 4060
7205 5564
8059 1212
2140 4490
1325 905
8847 5000
8548 55
5728 3774
2841 6888
8151 5656
6800 1485
169 3134
546 6677
1946 4973
9171 2405
7554 9017
1843 662
4900 3722
674 2958
4962 5505
2327 7090
26 8341
9079 8747
882 1617
4376 7838
6855 687
137 4551
3513 2940
6930 6828
4782 1140
3422 8346
5055 8685
2012 5927
8601 8187
8056 4937
7561 6144
614 6664
337 2290
1733 6409
7835 8240
3161 5043
760 2594
4703 8530
5653 4299
2174 4663
1109 3494
532 3054
333 5809
7937 6850
7920 4320
5429 1495
7824 4584
1481 8145
3571 1434
1438 1740
7213 3799
2136 6433
4582 3785
3642 2895
8452 5164
5019 2158
6997 4367
5918 6051
432 1827
7411 5886
7731 3004
5791 1103
142 3412
6265 3284
4809 7011
5251 773
4674 467
3415 8050
5450 5857
1431 6743
6008 134
4075 77
7313 6215
6362 7399
6723 8131
7236 9106
4872 2439
3349 7790
1630 9092
8099 3904
6523 7816
4153 4755
4704 9111
6015 3281
8468 4739
7332 680
5208 5277
5245 8300
6838 825
2811 6915
6167 4134
8266 8856
311 1858
5733 5849
507 3810
7905 4137
8464 8303
890 9153
6616 4907
3559 4039
2792 1280
2029 9101
5788 6606
4959 7151
3362 8330
8081 4502
2468 6842
6461 3813
2680 9132
6114 118
6528 4425
6942 427
7189 3236
5958 1499
3881 9067
1848 4572
6194 2493
2028 6045
3043 9177
6688 3447
7895 1272
5069 9160
1658 4139
7791 5557
1990 5867
7488 9122
7642 3671
3714 8198
2908 7973
6245 6340
6353 7684
3472 5379
6067 8693
8997 7017
2857 3336
5123 6241
2014 4603
8865 5671
4063 8883
2169 3352
332 3963
5244 1829
6578 4804
6103 910
3578 7382
988 5097
9010 8308
8015 2729
8049 7833
8282 982
4924 7069
4505 995
5416 1947
5930 8913
3451 6149
8411 4818
1646 4048
4862 5014
2777 5564
4086 4207
3693 613
2965 7752
4258 8764
656 8225
7747 8458
553 7073
5335 6912
182 5181
1569 8733
4342 258
5873 2583
5264 5883
1136 4924
7845 254
412 6032
2459 7681
2646 166
1417 9015
6820 5060
6750 6515
6252 2690
6334 1144
472 8679
2868 8729
7072 8666
5048 4655
4641 2806
8928 132
3200 4280
9054 448
7269 1709
1427 4097
7280 2559
2241 6629
3069 1580
540 5180
8408 3834
479 1664
3737 3615
7490 6746
7584 3447
1401 358
4211 4408
8307 1116
9084 1728
4191 3501
8793 6172
7579 5524
8803 1332
7553 3584
6370 2398
2445 5258
8903 1553
4087 1704
3986 3943
842 6004
2488 7764
1743 47
8497 6176
7575 3063
4920 6570
5482 5326
8015 3129
4414 372
1799 7484
1568 791
8746 6847
5533 7978
5688 1970
917 5039
7683 8236
4616 698
7643 5865
2026 8516
238 4560
8669 95
4809 401
56 3370
6180 3928
7970 1545
5728 1752
5421 1434
4810 6797
538 5741
7223 4986
5029 2372
5507 5303
3430 823
6269 8326
8363 7581
5453 5711
2673 5361
6124 2357
3975 5131
8468 8632
8986 2080
1764 7446
4175 4932
244 1381
5299 5735
1035 796
7122 8027
1437 8863
281 4460
5250 7823
5902 3756
3298 354
471 5290
8964 7766
5375 1222
855 3802
2521 4910
6500 3736
2441 3545
1480 2589
4598 4294
3562 8294
2408 7010
8311 6313
8581 5282
5373 5824
5966 7
1943 1264
4794 5740
7535 2149
3166 5216
1794 7657
7994 6939
7712 418
8712 8747
3781 8921
921 2407
4232 751
1167 9151
8917 6334
8928 2946
8169 62
7631 8810
588 7202
9085 2775
4332 5401
8803 7158
8054 2662
5791 5879
1848 4978
7475 7307
2573 2439
1217 7547
3188 3360
7372 6804
1650 4057
7974 5494
2994 8210
8742 4391
6144 7665
8332 5303
224 136
442 5171
6001 3637
6763 4953
2836 3043
7008 6313
2373 6445
7432 2783
763 710
1875 7176
4837 4552
1474 8748
7128 2595
5435 7735
3765 6332
1928 3948
7359 4000
6020 869
587 4283
2049 8320
5307 3010
1971 78
6493 839
7016 6390
4176 9180
4754 3586
7452 5327
5170 3095
8243 191
1527 8899
4782 8111
5183 8787
2597 75
5192 6095
6367 3150
3708 6743
7856 1298
4220 7854
9064 2120
309 4727
1052 4723
6724 6333
5551 3779
1153 5353
1233 7525
191 714
5011 3599
1369 8971
5251 3626
7374 9093
411 2233
1469 546
3391 4672
7527 3253
6324 3494
1864 5094
2872 7590
446 2772
9138 405
2301 8078
2162 7355
6643 1554
7429 4300
7907 571
297 4662
4552 6594
6595 843
8186 5514
6358 5603
7433 3045
8671 5420
3182 6576
5468 4172
891 7672
5341 5033
7801 34
5342 1681
2070 4354
8133 744
2917 5266
8115 7611
4335 3386
8249 1550
6384 3438
9159 4999
1104 7097
4423 498
4775 4093
6932 5107
7335 5847
5060 6426
4372 734
6244 1861
3076 4259
7493 3522
196 7152
6270 7719
3545 454
5443 5782
8291 3158
2528 5956
3135 6172
883 4878
2703 7830
3705 4669
7073 3892
7763 1688
5029 6999
7988 7070
1647 2241
5549 7311
5613 2832
6711 3258
468 5446
2041 7873
8859 9109
6938 1416
1275 3554
394 1691
3632 8910
8397 722
6131 7512
6181 3143
8254 5308
8136 1284
1138 4149
8501 3256
2379 2005
8508 2238
347 8647
7636 8548
2966 1233
6009 1264
1805 3800
6228 3215
3712 5838
4117 6860
371 3785
4443 2215
3285 5202
739 7202
4174 5106
6540 4740
2225 5367
1285 3850
7726 1634
8944 3889
2141 7094
2444 1729
1244 5539
2239 2046
8743 5180
7535 8014
2552 6065
6619 7254
8899 8414
1711 9158
4495 1370
1663 7593
2537 553
7375 7706
5746 8401
4147 321
3475 4155
7491 7272
7193 3633
8956 7769
3463 3583
6327 2875
6743 5827
8960 5335
5581 3585
8473 7279
1207 6086
9096 6573
3688 5689
5819 8829
8386 2642
5470 7316
7729 5528
664 4200
1963 2277
8998 8530
6821 9119
3648 913
8830 3858
6569 4677
5737 3673
984 3483
4283 6274
2375 6606
5272 5720
5847 8178
3215 480
2300 5483
2425 6867
5275 3712
82 8752
4016 2613
7502 7942
6424 3350
752 7986
8418 8535
5047 4066
9067 3036
6041 8962
8679 5486
1154 259
5490 8491
6740 1701
1956 7803
397 2017
7418 8484
4997 7869
2561 1794
8224 1848
7342 263
8934 5103
458 4637
1020 7367
3860 8459
3358 2846
2139 7954
4492 5600
3122 2584
8775 812
8092 6695
4552 3047
4213 7591
4090 3239
6911 422
3875 9089
4728 3857
3072 7692
3057 8409
2598 5865
4432 6904
785 3659
3125 5675
4183 8823
4606 3298
4471 5081
7107 5045
1757 2114
8438 4783
7813 6374
890 6058
3746 2607
3359 2090
8315 2905
5238 3814
4518 8397
7777 3075
7311 9062
9153 8519
4711 5340
5829 8830
7254 2991
5507 8745
2405 3481
154 7795
7419 5133
2648 8052
4230 4482
5869 3718
7153 7903
2927 8821
152 5844
2759 4598
2950 1963
9108 2477
1592 2021
654 5157
7927 5105
9009 1980
1806 1054
6528 4255
7584 1318
5743 1906
601 1907
8351 5916
6827 2721
1071 7171
5378 7181
1832 8543
2026 1174
8271 3955
5270 1496
5083 7897
4752 5471
7108 1358
437 2749
2674 5985
8665 1679
8106 6122
3742 8214
1491 1469
8191 5868
5107 8506
515 513
708 8566
3088 3877
4154 3204
6244 9113
3920 6708
1277 2586
1747 6517
8397 8774
8407 7179
5526 838
4552 6971
5612 4392
2736 8322
4077 3267
842 712
8936 7389
9063 4625
4886 4634
7636 6849
7474 2538
7853 3819
4607 6789
7103 7475
7171 6042
3932 7998
4306 8409
2180 4105
7557 4005
1333 6931
785 4321
582 917
864 3673
8443 5603
5046 2677
4755 3024
259 2440
6434 6138
5480 6902
1869 7293
5104 9062
9159 6414
1899 344
2203 1786
7228 1302
2162 6017
1744 7819
7881 5927
3598 1984
4331 3899
7664 56
7949 4247
2488 7748
1156 5634
2249 9127
3085 1244
7011 3387
7586 5261
2122 630
4034 7204
1598 1314
3013 3997
2108 3213
7908 1727
7360 2075
5531 6873
4977 2142
521 3324
870 8731
242 2497
2993 5055
8892 9160
3097 1441
1433 4346
3494 4100
1025 7288
8327 5149
6107 6762
4971 6658
7247 8165
830 573
8388 8314
4056 6169
4079 4924
3114 8926
4116 1456
8673 3970
4596 2443
1014 8766
300 3149
1378 5051
5477 2165
7732 3397
5390 4084
5359 2055
8448 3537
3190 2953
5423 9004
6417 3187
2755 1530
8994 2280
193 4763
1793 623
7954 7304
8444 8865
859 1346
3093 2670
8046 3714
7281 1058
6619 1837
5000 2340
8593 4129
9064 3058
5845 801
6899 6565
7006 3634
5878 3898
4822 3773
1354 301
1040 7907
5693 8330
7934 1620
426 4446
122 5847
3009 8892
1242 7179
726 3060
3121 1652
6311 5589
7454 1809
3306 2931
3048 3957
3553 5217
2601 938
7164 8623
5542 7479
4175 7987
7046 249
3238 5025
7654 2231
7242 3802
3766 7891
2447 2446
4693 6051
6797 7166
8445 289
5794 3267
6790 5232
7245 3421
5864 7208
1941 2562
1384 4030
4379 1355
2647 7737
3577 1829
334 2155
3372 2780
7456 173
6116 6206
7425 6185
626 6882
5090 3466
3132 1396
5556 6385
127 7082
912 7458
4315 6067
4151 1592
7235 4394
1087 5152
1853 5493
5470 886
8296 5373
9172 780
4918 239
7445 382
7886 6393
5241 1815
7023 8660
5975 5803
2388 660
6037 2144
823 7149
8208 8211
5470 794
7387 3943
8668 8866
189 827
6361 5503
131 3624
747 4446
4815 6119
756 3569
1359 5552
1753 2055
3317 4477
8801 2701
8936 789
3666 7643
5555 5991
7665 2518
6595 1953
4417 1132
3816 4536
3937 2106
4992 8330
7606 4457
1887 4568
6770 4171
2011 4759
1502 807
6994 5374
5382 3727
4063 3864
8922 7448
3442 3507
6192 2985
8581 6550
3266 7708
4244 3968
5379 172
7588 7913
877 2979
8017 7591
6162 7165
6991 986
8507 817
5089 8493
6547 8780
5077 5688
5470 3658
3254 9101
4922 3963
7925 6783
8624 27
4977 5931
5153 5766
4789 429
7263 1484
1049 7550
1544 7853
3070 1563
7188 5883
6554 4676
7118 1031
7274 9117
6967 998
2366 1221
1883 5612
2152 1052
728 1177
4980 8002
639 1833
4497 4024
2516 3248
9024 6785
1382 1687
6778 3802
543 4691
7077 1985
6469 76
3512 1199
8819 2362
3293 3335
7770 1437
5355 3358
8183 5612
7178 1892
7259 4851
1015 2203
4406 5473
7211 7967
5574 130
5311 8530
767 4641
4493 632
5056 2329
2848 6102
7608 2011
6705 7211
1906 8103
2232 4882
5018 4887
7713 4281
4231 1672
5136 2477
676 4181
4021 7558
364 5537
5915 8829
2493 7562
499 3159
7495 4758
4211 7056
1901 5763
7210 8854
7033 6784
4493 9056
1133 764
8166 2610
352 409
7036 8297
3657 3185
7290 7191
486 8515
1901 3434
6744 6891
7520 4377
8109 4893
2926 2585
3511 2306
2471 8439
6399 658
5194 5086
513 6146
3227 2813
3363 7064
3568 4315
8280 5082
4227 1091
598 4851
5983 732
6193 2278
9048 8217
7302 1736
2783 800
5577 8604
3739 7808
2424 5768
8717 2090
8771 7975
3493 6540
257 5610
3051 2938
4223 4621
2953 8812
2083 4589
2665 5976
2031 591
4484 2068
1027 3047
7941 1936
7568 3480
6697 8014
1444 3456
1869 781
8968 4576
2184 4366
4228 5407
6782 2680
3532 7697
6314 6805
6726 2690
4179 1759
5500 8823
3365 296
7046 3417
9006 2660
3506 2537
427 3560
957 1485
7877 2424
7035 5546
7633 6547
7802 1587
8646 6395
6862 178
6153 2142
3608 2630
6401 6362
4020 2693
904 4145
1845 8683
368 6613
8496 3660
4007 1483
128 7769
3510 160
4099 6910
7226 3290
8630 2556
2081 3733
4245 5837
106 4753
8822 5868
6905 1361
1128 3301
5642 2447
8458 1503
8191 8189
2221 4563
8771 6110
6384 3364
3098 4422
9011 6968
453 591
2372 4467
5849 6227
1903 3417
2673 185
6081 3521
791 2367
7373 7356
212 3009
3517 5883
9033 3359
2964 6153
5584 6609
1748 1810
1514 6880
6996 1675
7336 6846
610 3882
4667 8713
2995 2446
3338 4195
1494 4238
5280 8194
499 1007
7706 4268
5876 3192
3364 4840
558 8866
435 1513
1807 945
2856 2586
6192 201
5812 3121
1987 4904
7967 5952
2372 3650
2623 7249
2832 6567
405 2303
4803 8106
8660 8001
3018 134
4426 9019
3916 3797
2139 7442
1943 2125
853 801
9050 7977
578 5554
685 2259
1869 5058
8778 4717
3000 3263
6324 5040
5678 2403
7810 7658
498 2230
505 7125
3447 5001
5745 1405
660 7076
1914 5406
6560 1825
4301 7250
7703 1046
6810 7831
4236 3462
7234 4391
7531 3193
5874 7004
7485 4624
3107 5839
3878 2204
8225 4678
2233 6878
8047 1217
333 2410
3336 8954
8461 2678
2005 8873
6825 4908
1737 4057
3186 4220
8825 7437
31 7632
6528 7582
5092 3882
8012 6032
6851 2851
7639 4740
3327 2054
1032 949
6071 3657
6677 2107
5239 4395
9070 908
1599 7349
5923 5531
138 7507
808 8603
5836 8096
2430 5808
4705 1055
3569 9116
4361 669
2140 8698
6932 2370
4504 3097
8739 3903
3053 5562
8039 7175
1298 6704
1004 3158
8334 5270
4104 705
2951 5085
7271 8520
4560 7276
4780 8081
5833 1040
6524 6778
7932 6344
3499 2438
8115 3700
3175 3345
3326 836
3242 7049
4458 6317
8738 758
4832 3726
2348 4777
1283 4517
7524 765
1382 2346
3370 1356
3942 1702
7365 3985
956 8148
7616 4523
2901 7615
6923 1273
588 2095
5823 7802
8660 310
5075 3405
2300 7117
4266 3140
6228 1347
4709 4455
8067 3951
2978 234
1513 2776
3214 5754
4717 6793
98 3867
965 657
3764 8433
8742 3656
1873 1503
73 6533
2648 622
7038 837
5908 5369
3694 8818
6533 145
4900 5608
7450 2855
2184 363
3642 2002
607 7220
4366 2564
3666 4364
731 1405
6597 2731
7179 7185
9093 2602
850 4166
1201 4526
6960 6865
2546 6333
3677 4497
2538 1696
7770 911
7017 4839
2758 8030
1949 5384
5731 3078
523 9013
4565 8681
3916 6900
2648 1451
6100 3688
3948 6978
5426 5948
7775 5087
916 3630
6023 1644
1862 1820
4922 7413
7668 5539
7130 6081
710 7966
6568 5861
4293 7326
3909 338
7603 3963
2610 6591
5053 8637
7711 371
1111 1404
5308 6507
915 2655
6112 297
5675 355
3883 4023
430 2554
4986 1863
7235 4574
2195 5604
1889 3044
2841 3730
8015 2512
2459 4640
7131 5828
2528 269
6035 3047
613 6039
7819 844
6380 7673
1108 4036
1354 5168
8416 8530
4951 2544
6378 3025
6300 3328
6744 285
3155 8097
9114 6605
5507 519
6631 8912
8737 2402
3462 4508
7001 1140
566 4187
8916 6132
2998 3224
5698 1473
4241 8244
8697 8082
710 5807
3820 1063
4200 1705
3702 992
8209 1747
2498 5419
3425 4018
245 1857
1993 3895
5895 1310
6576 4014
8358 1622
626 1841
6566 355
6129 6976
6309 323
1782 503
5276 2676
6658 655
626 2973
6777 4928
7869 3170
171 8665
8716 4647
984 7041
7817 7878
193 9073
6691 935
5139 4597
3151 3543
5537 7217
365 3222
5294 8704
1218 9164
1191 8702
6518 9111
4539 2558
7439 1684
849 6403
7296 507
2080 1258
886 146
6103 5929
2250 6582
3960 5866
2757 8964
5042 2734
5555 7781
296 1575
7442 8796
2879 4283
4142 4622
9008 5020
6458 4629
4211 7283
8616 9094
3826 7049
3691 5069
5898 7425
2045 6927
243 7060
8079 114
2653 8000
3357 1444
4828 9168
6857 7140
8729 5715
7278 2293
7467 4135
7533 1460
3306 3770
3975 6386
1652 3914
4031 225
1449 3294
5409 1796
8094 5732
7270 6087
5042 3696
8304 2652
2397 4900
3383 7766
9019 8042
6738 790
4135 9146
2562 279
6012 7676
3661 238
3685 2966
6404 9154
8123 8193
691 1017
3219 4126
9051 4619
5334 7889
6767 6445
4351 6162
289 6060
8701 3479
7850 2940
1342 7363
2285 1905
8966 8059
549 4655
8773 249
1298 556
1329 2368
4493 872
9081 2311
4607 9148
1419 1764
6165 2914
6840 8530
8068 2234
939 881
6865 4773
1046 3953
5570 1083
7494 7739
3020 7805
2083 1517
8464 2378
1286 1042
7839 6120
7577 55
2921 8248
5638 8871
1702 7232
2777 6622
4135 6536
5123 5585
3244 852
4888 8468
7302 5054
8495 7382
5564 1060
5563 7700
2742 7713
3523 1360
8443 1714
2618 4650
2623 8861
790 1959
7223 3593
341 4282
5394 5736
8449 7470
2930 8793
6735 273
4832 2305
7188 7110
8677 4048
5758 7386
7695 7417
2214 7630
1625 5572
7127 6124
2393 6176
5178 70
5490 2292
2240 1281
3003 3475
1197 879
123 6563
2697 3701
6441 2574
5764 6653
7105 2751
721 6932
3263 8382
6598 1036
4089 2208
8331 3265
7361 1173
2810 1564
2220 7587
4661 787
6715 210
7951 8886
2957 8401
2678 5034
6321 3650
8865 6868
3996 5210
3923 4026
161 8764
1068 5990
7592 5117
122 88
8059 5896
1954 744
629 8667
941 7463
6682 1605
6724 3978
5798 2086
32 5706
768 6729
8200 1411
778 6046
3314 98
7281 1693
2163 3849
313 6007
8946 8395
8953 5600
1833 4292
2627 696
5661 2277
937 2453
3293 5684
3972 8087
5455 8816
954 5297
609 3909
2952 568
5964 9018
5595 3608
6811 8091
8871 7917
4290 1502
7719 5924
5229 5141
8332 6297
7204 7416
5872 1007
354 6686
26 6489
3021 1871
1130 1918
3657 5195
7882 7803
5880 7989
8323 1546
4200 2132
2834 4006
2102 1090
3533 9177
6484 3995
2890 6037
462 6153
3301 7825
1662 3271
8697 5909
1757 9037
8150 7348
6848 2691
2764 7184
7560 244
9071 6432
4033 2663
4164 1019
7674 7712
5433 1635
4914 8447
6581 2550
3167 1690
5658 3213
5498 2320
5604 6634
7943 2803
5374 5894
8657 230
5498 5875
5807 8929
7974 967
4945 2675
6223 3661
183 2917
6441 5980
86 6119
8562 8379
4407 4367
8415 8478
255 2887
6780 8856
6811 7262
756 9100
1180 8962
2888 4178
4325 2195
3265 3027
5811 2075
2936 6481
7760 2966
595 1349
814 5334
8334 659
5705 5430
6040 2203
4484 8033
303 9185
5373 218
5727 3115
1867 7908
7861 2922
2505 5090
160 1472
9143 4794
3011 7037
5961 7688
5283 7466
7674 1945
5169 4674
8425 4366
3427 2310
2832 8250
7999 8270
3406 7612
1799 7398
3001 3872
6722 5628
2783 2679
6935 351
4053 4449
4854 3805
7178 3744
5711 6614
4616 6464
442 6648
2362 5914
5248 6185
8771 3067
4151 7441
8377 3207
4330 3228
494 7971
4937 7377
5892 6130
6052 932
6416 6026
4642 43
3948 6662
1251 901
3831 8834
2353 2113
6330 469
8450 4948
6399 1951
7236 1056
5532 4733
3714 6858
8058 3487
4412 5903
6417 2252
782 9154
5686 4613
5837 8262
1719 6664
365 6376
4435 1915
2995 4047
3395 4201
4371 8893
576 3517
3520 2402
6447 7394
2593 1308
7552 7226
5542 1640
2224 3501
6904 4899
3441 7150
3220 4286
5476 3617
6768 4400
9155 1887
4509 2206
7971 2428
4779 6041
5432 2705
9118 4065
2386 6036
2008 5553
8842 4244
8468 520
1456 5701
3959 8467
8071 7138
8429 8117
760 2
4840 488
2157 3535
2044 6655
1667 3366
4336 3562
3544 8276
5654 586
7870 3430
8405 271
2634 6567
7497 4583
2055 1556
8804 7873
5887 2734
5158 2331
4067 5795
4092 7659
7457 3737
7386 4389
4665 1596
9134 8311
755 4562
6776 8432
927 9178
3693 5151
281 6474
2876 981
5632 1594
1827 1797
5375 8877
3196 7160
1764 6338
4185 4511
6538 4948
4564 6303
8049 6794
2820 4374
373 642
2639 7057
2220 1673
1732 5528
8404 5849
6548 3120
7585 8838
5152 8990
535 4282
2303 8420
4453 8261
6825 1408
1076 8762
1626 1370
6119 5742
4970 5614
1492 382
6442 4967
6984 6580
2351 8221
1527 6249
1310 5253
6098 4007
3815 4121
4638 5514
2156 2036
4834 4178
6062 1651
5403 1673
1890 3838
2933 3409
672 9040
912 2700
4764 1994
8771 3008
4242 2533
4873 3561
5992 1778
6435 7771
7312 9034
191 8914
2231 784
6672 5285
5779 5261
7233 791
7501 5819
6038 7885
2612 3434
8901 6405
8828 707
623 934
6898 1695
3541 1246
8197 2456
9071 4058
3543 6809
8284 5440
2077 3082
957 5979
1066 1119
6320 2934
653 4400
5903 2871
1753 1531
6511 6096
2727 2927
7149 5722
8044 3171
6834 2362
5877 4185
8209 1785
1547 2899
3185 5324
7483 65
7379 4993
7350 2367
8694 1422
3755 1285
6255 1100
8614 4232
4889 5559
6586 7785
6350 7229
8605 1487
6492 6046
9149 193
3698 1986
8895 8199
3074 8275
5650 9111
4857 5877
564 9095
64 4279
4468 4932
5750 6174
2352 5104
413 7774
7895 8206
7238 2883
1811 1285
3726 2916
4228 7388
7396 420
9105 8339
1103 2902
3105 5695
3348 8858
8750 5586
9072 4047
919 859
4594 6745
947 7281
4602 3334
1078 6263
7221 6436
4850 290
6886 7854
6496 7845
6309 1268
3035 5136
4952 1238
1562 4759
5145 2624
366 4777
1051 7737
1462 2380
5510 8105
6712 760
6482 5983
7604 7099
5651 6986
5371 7483
6218 3924
7937 7995
3109 5685
440 2918
8481 6969
4735 4401
6011 2306
2231 7019
3407 2026
1922 5302
9117 6257
6739 824
5517 6506
5538 7037
831 4961
5878 3006
3526 3028
1008 8067
4144 2875
4687 8039
1567 4292
8121 4986
7547 5935
6741 567
8859 4385
6701 6960
7771 2860
4929 6047
7855 364
1396 5626
611 3968
5832 2473
2041 8122
7063 1557
325 137
7800 5486
3618 3374
2071 2919
6151 8236
1649 7820
2801 1972
2713 6885
6732 5791
5075 4260
7145 6745
4806 9033
931 2221
7045 3652
1912 424
4270 2658
1674 1294
2421 1791
2409 3484
7832 7323
2574 4949
8011 6213
4084 8527
2640 3256
8051 5298
624 3859
6935 7352
6619 4538
817 961
4809 1461
8852 209
1981 1998
7642 1891
5982 7075
5317 1229
4470 4432
903 6279
4937 6519
3207 6881
9016 5983
5739 2415
4838 1452
7835 7106
8313 5493
1489 6013
9171 3791
4989 1304
9073 6893
5177 877
5695 1566
7938 7847
7974 7894
651 895
8389 2863
1301 7617
1639 8454
2623 5393
250 781
6220 5915
1023 797
2868 6673
6149 7227
8213 2568
1306 5932
3020 6175
7305 5931
125 6695
7032 4850
6607 5682
5307 6802
6626 8985
2365 6461
3362 3065
6467 2216
6713 3991
6342 6226
7993 4732
1740 6853
1994 1734
8437 2655
5430 8552
5322 8801
2107 8218
3792 8166
8649 3362
3692 661
5193 7220
1142 52
3226 4786
5433 2396
8185 5348
4463 3138
3401 6526
2845 2444
4445 116
7988 6357
1024 7792
3214 1584
2520 900
3374 6155
5108 822
5497 2791
6046 1468
514 1544
4522 4106
2719 867
2610 640
1050 6967
4202 6569
3080 2871
7934 7468
9140 11
1109 2961
7281 3381
877 5101
5170 4078
5470 8355
8171 1422
4156 714
7709 4667
1492 4037
2422 663
7317 8748
5976 5691
2167 3668
3545 7750
5242 6178
2134 6846
6885 9163
8916 2937
4703 2909
2131 4226
1227 3423
4094 4553
1316 259
3727 6262
8534 2595
7455 1879
4029 1354
8596 392
6451 8744
5325 9169
7093 1918
3730 6590
6488 7190
7696 2316
2845 121
5675 7258
844 6516
983 7411
7297 4419
881 4974
7244 2874
4412 3077
4324 7480
207 3727
1247 2233
7211 5606
691 6982
6165 8806
4026 2371
3848 1613
8414 5969
234 7071
4587 2282
900 2247
7325 1819
3894 6665
5486 4738
4403 365
7760 7670
8171 2198
4627 7652
2793 1197
8791 4758
1577 8663
8995 386
3348 1231
4162 6755
4314 1899
6252 7000
7797 6016
8009 3989
6350 2273
6835 4240
3877 3136
1454 4714
6749 297
4973 204
2531 3847
8128 1014
4167 7810
2458 6376
2029 6707
708 951
6276 4623
6198 3379
120 5270
1670 3524
804 5751
8617 173
6828 6322
5294 1368
278 8721
1184 5376
7876 8278
8888 5958
7368 1826
647 5006
5118 7000
1507 6179
1145 5594
5267 5515
5315 9071
198 2289
4696 2758
3977 2459
7235 74
857 2540
3352 6555
6709 2050
8500 223
3627 7986
5372 939
362 9077
7853 2859
3146 9185
6558 2944
7517 4695
5349 1869
7477 3240
2172 4738
8100 5274
441 9174
5822 8314
6770 235
5467 6434
8574 809
1376 80
6903 2880
5316 839
182 5853
7085 7931
2699 831
3128 4762
3607 3103
1376 29
5375 3319
3821 814
4781 4656
3886 2402
8151 5128
1772 5957
5418 547
1294 619
6653 385
6955 2216
4919 4274
7116 4866
1438 8134
6796 1289
7599 7541
5948 4165
2178 4565
2260 1418
5572 5965
856 4807
7529 1509
6628 5252
1804 1792
8298 6652
6464 3168
5635 6750
6044 1105
6574 6939
6676 3434
2717 8543
4462 3921
7406 4805
6278 2067
4059 1297
4358 4328
4726 8577
553 5068
5062 1162
3699 8966
5191 3040
4788 7569
4053 8142
6607 718
6606 8075
6388 2572
2276 5244
2013 5766
7545 6280
105 5628
2394 4101
4967 8652
7148 4625
4707 7740
8793 5784
2498 8568
6290 16
4827 6897
414 6264
6520 7412
5214 2494
7859 6611
1415 7352
1305 8220
8317 5793
8048 7880
6353 2996
6231 4903
1557 1840
8336 3438
2121 2738
697 849
516 5602
9150 5818
30 4021
1410 4905
6513 680
5678 3918
922 4173
8161 4188
8652 7285
3994 1999
8245 3771
2049 2256
1622 5571
8770 2525
3376 6326
5163 6328
177 1526
417 1188
3384 1846
8248 2708
2339 6713
7952 3623
6654 1472
3040 4122
291 167
5676 6426
757 1282
3529 3660
1378 7207
7742 6427
6949 2659
5674 7614
8794 8073
5737 7543
5468 1760
7239 8146
627 5645
1618 6402
1252 8899
3278 3896
3654 5272
4118 8942
7008 8120
8829 3005
2111 1005
283 2201
6936 4189
4545 3805
3855 7808
1870 7443
1186 455
5114 279
6134 4270
8170 8737
5406 1666
6985 1240
7445 8434
4327 8476
8613 2088
1898 3803
7929 1783
1490 4671
6596 6723
379 7883
805 7889
721 6125
6877 1993
2947 5380
31 5135
7841 6218
8177 8019
7012 1035
4724 2843
4259 2884
5695 561
5809 889
1519 1388
3518 6618
7908 1988
6097 4778
5419 3760
6300 2733
5343 1854
3727 1812
2217 1415
3059 5437
4749 2876
1455 6621
149 7673
975 8494
1492 8855
1578 5106
5723 6062
17 2103
7513 7313
5247 867
5584 1549
3155 2091
180 8900
839 3871
8393 5799
3905 2722
5883 3870
3380 6087
8822 3019
1322 6595
4860 7224
3220 3016
8547 8154
1067 2624
7053 7600
8798 6862
8419 8877
8883 164
1911 6745
6412 4400
2860 6918
6332 3967
3869 7907
7471 2786
247 4580
1958 3777
4300 33
1953 4304
2005 3050
6542 5187
3781 3665
907 302
6564 8342
6839 3723
5309 7504
1677 7829
7906 3576
1224 8322
1988 1974
2046 8550
2191 4072
8556 7804
1734 1033
2930 315
7198 2563
4355 4014
618 6854
2153 7650
932 2085
8074 6716
2358 2508
4639 5165
9079 7384
294 9114
6487 6070
8558 7537
2725 671
5419 3068
2478 4089
3333 6689
3169 6695
5638 4863
6878 6177
5541 657
1784 3503
2430 4295
6660 5846
9087 688
5597 9002
7644 1556
2440 4001
5311 2284
4989 3099
1157 5879
349 5441
5236 6831
7707 1946
5761 1245
7331 4953
6596 7212
3303 3258
2200 4561
5571 329
8628 2364
1206 7464
395 8760
2444 7641
1390 2014
3255 6493
4817 6718
5946 544
5699 787
1917 4972
1945 8375
8069 6867
110 6246
7721 8224
6753 874
3777 5358
9053 3743
3189 7555
4179 7214
3556 7247
639 8807
862 1110
2501 8408
3198 3154
5009 800
7289 7629
810 6150
7430 7954
4011 4897
3655 2208
6450 3163
5439 6835
325 8939
7270 1776
4051 8376
4333 9070
945 3784
199 3226
8606 7368
8366 8128
196 8876
606 9059
471 7944
1758 8607
1628 8029
175 7426
7032 4718
6005 2671
8899 1593
3662 227
272 5985
735 7201
5721 951
7909 1757
4861 3470
7113 4554
4253 6011
8567 7341
7320 422
2956 1674
2657 1043
1327 6077
4486 5267
801 6094
4028 6183
6687 3426
1006 7188
6800 9137
1896 3659
4436 1835
8625 470
1622 7026
2634 2130
3669 1397
8374 152
8408 6289
2996 2066
8051 8909
5759 833
5143 6871
2753 7181
7319 805
1103 4017
9053 8101
2769 6122
361 428
8179 5505
1611 8680
8334 2815
3493 2467
4736 176
208 8121
6841 6882
7449 6156
6454 8792
5295 1732
2866 6327
5421 39
2349 1584
8376 2117
4123 6760
7312 4871
4774 9141
8336 6234
581 1393
2709 57
4469 4538
5221 8231
5972 1452
2641 4493
3473 567
7082 5414
3264 5269
7753 4300
5885 6288
3992 7143
6885 7438
8008 5416
6336 7452
811 1733
2502 7892
4895 6567
7640 4891
2359 4607
6071 8462
1645 3421
7447 4888
6589 1483
8529 8642
8114 5050
7515 7074
3841 4786
5459 8959
7881 4337
1508 7808
7960 586
461 7090
2559 8359
207 2244
2086 5044
4551 4690
8054 7866
4768 8869
5098 1006
2869 4288
3451 2442
2598 5124
8590 8063
3377 2865
4630 4720
6027 8498
6084 1656
6786 9051
655 3351
12 7768
9178 5079
2115 6520
6801 5561
1798 3613
5449 4380
6292 196
7810 7959
3616 6120
6986 2038
1243 5369
1570 8945
7895 643
1634 7157
4802 7010
5304 3550
8870 8745
3082 8353
3871 4396
7862 721
4070 6023
9003 2117
8914 2972
7166 7007
682 3450
4204 484
4538 929
7420 6765
4010 1701
6327 5703
1783 5530
1817 7365
3301 2765
5402 1886
1136 8902
3707 8282
2880 7168
8531 3377
8012 5278
3539 5092
3736 8583
2695 8039
4276 1468
7651 4591
5160 5499
3512 3471
8325 607
5060 8658
4532 960
265 7221
7147 8930
8289 3210
2096 1501
8165 3604
2937 6829
5876 3448
245 2545
8890 6275
3308 3568
8504 8405
9042 4219
8431 4609
3015 5435
2426 5231
3697 7549
7580 4439
6894 773
6263 1665
6833 8286
3455 3805
3453 6688
1319 1426
3073 8475
546 9080
7270 8631
3267 5176
7621 7131
8782 4047
3839 4766
2611 478
7334 8132
4064 4036
8474 1415
2624 4682
478 221
5987 9060
8054 7675
7779 2691
4805 38
5867 150
3860 3929
7530 8221
8456 1693
8487 9061
991 464
1796 4556
2617 3098
3355 2261
5998 5739
8460 3052
3927 2354
784 7451
8869 6602
5826 2533
7802 5323
6869 8524
4529 7453
1478 7555
1638 7052
4968 381
3715 1576
584 1830
2940 4599
5306 8791
3670 3617
5979 4869
4643 8538
7753 5890
6836 8748
3195 55
493 4910
8686 3741
2243 897
9043 7043
1292 7507
4695 4210
3716 7783
7611 8139
7203 1588
7024 8067
6191 3226
6864 1321
5906 3869
1796 406
7222 8854
4746 8355
330 4959
8458 280
1413 5562
7029 1413
6562 6884
6093 2415
5363 4431
3037 6974
1764 6253
9133 5126
1700 1038
3356 7149
2273 7422
6373 4488
956 3014
2552 260
6818 9138
5714 6330
6340 5757
2919 6329
4593 6742
5680 2704
7849 2125
4105 1125
545 23
7965 8388
1762 3378
7979 4673
489 5240
8008 5679
7822 8223
3566 8222
2763 6474
2599 5495
6617 8760
1844 3381
4011 6963
6524 8127
7786 4225
4424 2172
5806 6888
5215 7
1225 1876
7298 322
6844 3333
3885 7361
7914 6133
1407 5403
8758 5000
128 2967
797 4729
5281 7789
3371 7181
4510 811
5333 789
6588 4788
7481 6573
449 3044
7338 8411
4731 2414
4068 6780
5134 675
1613 771
4429 3762
6032 8885
1795 6917
7059 1381
2483 7284
6375 6682
2438 7265
6328 6186
7132 5046
3710 3614
6993 7711
2525 6870
3381 4879
2136 8216
8578 5903
2647 1961
4285 2445
2848 5031
8324 6749
8655 2598
71 2151
5460 1447
8765 2682
2060 8410
4349 9059
8464 5218
7487 3141
1298 4525
6277 6008
3393 546
3464 8317
608 3362
8814 4087
6083 7889
8052 4567
478 7534
437 4648
6118 8633
6237 5879
1092 5806
7887 404
8721 8867
3687 633
4260 3337
5328 2326
845 5306
4778 6126
5707 8815
8049 2343
5808 370
8810 3835
1647 6953
1047 1927
5075 5203
5731 6352
4082 4878
2807 3146
2894 4545
9071 7018
195 1570
626 3089
108 2158
8691 1685
5588 4819
2968 7982
4363 7902
8752 222
4037 2509
3486 512
1952 4978
2826 5293
8456 7401
2676 9098
7734 2946
7756 330
7781 3649
2866 9069
6207 124
7346 5315
7110 4052
3483 2656
6295 3606
923 559
3647 9057
8540 1145
8515 5580
6293 161
7177 5473
2283 8445
5307 1818
438 7581
1274 5547
1102 6082
6650 8521
8085 7689
7266 2308
7927 1779
7820 4701
1230 8837
5337 8002
6071 3445
8943 8063
382 4933
6369 1003
4812 2304
2461 557
1059 2255
5207 4045
4388 8508
2687 5931
3542 6851
1260 3964
8625 2915
8203 6679
3736 8659
1919 6193
8998 2539
4024 1615
2795 7646
5697 2563
3343 523
2683 2165
1414 2254
1477 6879
6835 4043
1834 487
8657 3540
3716 6079
6228 7339
8146 690
6048 4069
4186 1421
5334 1607
6973 1882
4359 6317
69 2365
6672 4322
8429 1957
3824 1486
3206 2579
5630 2315
6845 5100
5206 7680
2290 3289
1339 7659
2383 2906
2892 3453
4136 7604
7353 6621
8226 8903
4317 7840
6989 406
2404 606
4619 6397
8318 5864
8264 1035
3679 4438
6920 2235
8153 6053
8992 105
7896 8975
3773 1424
2710 7744
8541 5851
2237 5879
3748 8303
1143 4211
3275 13
4476 2147
8798 2465
1221 1754
4986 3332
6142 7348
6613 5910
959 2908
3476 5771
5314 9159
7331 7968
438 6814
3556 8608
3470 7624
8234 7667
1411 5004
6827 6556
754 4460
1709 1183
1835 305
7485 3477
3184 8735
6678 1370
3168 7282
7959 4719
7357 574
8101 6817
8492 7762
1735 1807
6348 9036
2813 1204
2877 487
2377 8907
7002 8640
3336 3682
8518 6060
4343 1767
973 4312
6791 6523
2070 4042
8649 5977
3219 7814
4703 1966
8376 5863
1973 5570
22 3097
203 156
2781 8994
6949 5129
2897 8259
369 1010
6268 2983
1139 6839
7010 5997
1443 8805
8016 8067
5889 8026
966 8029
4759 4265
5243 5209
4985 5380
4979 4093
4428 619
2191 2492
2920 9068
2435 4540
3565 2654
6056 5354
9045 1032
5411 134
2127 5482
1365 3295
1327 1800
5677 8754
1160 3862
5162 267
1565 2078
1204 4725
306 5293
5440 1706
7879 5841
9048 4229
6363 5670
7089 4513
2850 2495
4032 1786
5596 4975
1876 3449
6396 2048
2874 6471
324 7918
4745 1180
7039 98
7446 2852
1684 6890
8639 6674
3115 8868
5753 7490
5196 6486
5761 6477
7363 1680
8004 6942
6721 7784
4870 2468
568 5690
596 4149
2651 6155
1580 7347
1956 3888
2229 8503
5422 3151
5179 1401
7485 1996
3537 834
1571 4277
3286 6206
6551 6764
2778 2128
4624 6364
290 3844
5918 7095
5372 8546
2290 2281
3538 2321
5262 3302
5281 5950
6901 2612
1801 8432
7944 2079
5984 4403
4617 8867
122 1337
1488 1233
2336 383
6736 5431
2514 1523
5508 8608
4764 6627
3944 2642
9108 1002
6553 3756
3591 2126
4582 8378
2420 2958
2628 1528
3651 1227
1838 8428
1524 3868
1126 3681
1873 5709
6998 6142
5287 4257
4592 3531
2085 6585
5722 8725
3342 7578
6142 4252
316 3845
5019 8176
6402 6256
8870 8967
7957 6293
5860 8191
4840 1878
1312 2913
1353 3000
9160 5646
3948 6411
6107 8845
6404 7462
2172 8808
3252 4547
3555 5441
3814 920
8984 5786
6765 2391
5765 380
7944 8005
7828 670
615 740
5490 7705
4089 240
8368 7668
4166 4588
7297 2504
1124 232
5478 747
2650 2705
3891 2909
5199 8306
6944 3212
6396 4751
9032 4157
4503 6862
5331 6176
8896 7418
4602 7919
6607 1187
2850 3528
5512 8714
711 6358
8562 719
6413 3231
2578 8232
2928 1510
3563 7443
6724 4347
6717 7494
4776 7308
2902 7294
8898 3178
4994 6602
925 4493
3351 1716
2980 2419
142 3259
1148 4570
8802 5574
3175 1362
246 3110
5350 2988
8388 3900
5213 4482
425 7174
4072 7716
6444 6968
7735 8597
1991 3736
7782 3216
2772 483
6966 4688
2110 2480
5636 6543
4214 2750
4168 5239
2189 6995
5418 3144
2416 5223
4670 6689
4953 8781
8273 3847
854 1903
2464 4611
6879 3100
3388 916
8703 5984
4080 2562
641 3453
6365 7546
6161 8742
2854 3017
8940 7066
9018 5189
4002 2298
6641 7448
1955 605
7881 3482
1293 8775
2171 5179
2790 8604
5463 3616
8916 5657
6909 1120
8688 5045
971 104
2161 8064
7282 2969
248 2213
5244 5454
6629 4027
6685 4755
4770 461
276 6473
1557 3557
5057 96
2369 348
7937 8776
600 7993
3886 1428
66 1470
3032 6609
7782 7139
2769 8514
2774 2040
6271 5379
1043 4790
6603 3627
4418 7189
3191 5288
5600 5452
5711 3498
7162 8312
1707 1179
6400 4365
3679 4668
7148 2740
1087 4930
6035 6552
7187 916
7400 2451
5470 3795
8664 6475
5891 846
5113 7648
8459 61
9125 4347
4894 7983
5770 6510
8281 9035
5745 6946
890 4813
4742 7278
8403 2081
5145 8344
7823 5590
3142 8522
7023 631
4669 1629
6126 6000
1438 1960
4824 741
8196 3654
3812 4412
5409 8239
2036 6398
6252 4931
5338 6929
2955 5438
3766 1604
4450 6845
8056 5579
6706 8458
2565 7622
3291 3627
5022 432
6491 2203
3835 5003
4283 1813
1653 5589
6297 7200
2335 3131
8615 8303
1831 7578
6803 2142
8409 2576
580 2022
60 8352
9045 1466
4035 2679
3292 6046
9089 6714
2890 2840
1239 6626
3846 7788
1326 7665
7687 6362
1761 4783
3690 1590
3247 7577
393 8958
1821 1403
2523 5876
4996 2265
6809 6892
1285 5366
8442 8385
7397 4236
896 6217
8132 2123
8036 8441
5385 4888
2276 8070
8327 407
6761 7769
6982 6221
3116 4819
3619 977
1888 4715
3989 5830
4890 792
2693 5787
2999 3782
4642 2496
2245 1883
5251 8795
8253 383
1223 8581
6889 299
3460 2413
1362 2030
2694 4917
3446 1552
335 392
4602 1788
644 2145
4799 387
8186 5672
6343 758
5431 7566
5684 4081
1906 2828
4713 6642
9046 6429
8112 8681
697 213
6242 6795
1487 8237
2939 1197
6410 8227
2959 4733
7530 1440
306 3751
7730 4127
7497 8215
4506 1311
6432 9078
8088 3810
7811 7471
1908 2990
4916 2683
5684 1250
2284 2181
8875 4849
4920 5941
3303 6751
3571 2712
848 5606
5148 6202
6879 1969
5404 1144
7605 7607
8180 7372
4054 1856
5222 7170
5093 8265
6251 7711
6667 7991
1983 6806
7371 8233
5848 227
7423 2226
4553 3104
8269 2243
2401 5473
8441 2105
5755 6868
8367 5634
7826 8684
8917 7322
1993 2207
7065 5556
2465 1995
1352 8426
815 4188
8813 706
527 1939
402 466
6307 2542
8808 7980
4631 8233
4883 8546
205 8493
488 4792
3294 206
1838 4487
6079 4675
1219 8297
7519 7829
1974 5835
75 5436
6495 6071
3411 1124
3456 6934
1769 3280
4323 2514
4281 6075
8046 677
8156 4740
9103 2318
5921 5841
1316 5607
45 6834
8225 2741
5575 476
6572 5456
8018 8928
6228 7751
1782 3856
1946 1543
388 3886
1806 5905
1770 5684
3925 3081
2406 4795
3444 880
6497 1213
6800 2506
7514 144
6836 948
7180 1586
1661 8115
4132 5911
8422 2839
2469 2684
7194 5344
343 8155
1755 6796
1214 8973
4034 3269
5492 5814
6800 1902
3276 5143
989 6791
1600 6660
1697 4119
5152 6781
8301 2392
164 5548
4909 8792
6405 5198
4043 7351
2356 6885
7532 4663
7560 6312
6127 2094
1676 1234
1276 4890
4832 8413
762 4219
8373 4533
2102 1738
5591 8361
6085 6646
8761 3682
1460 3436
1744 2460
5412 2179
389 3982
2879 139
1191 4911
597 1202
2388 1383
459 4614
6143 4793
5990 9049
829 231
805 2463
7414 1717
3444 603
2975 8123
1354 666
2263 3958
4660 8060
8924 2726
3439 1621
4183 8874
2310 2309
4093 8786
5765 8584
2330 3895
21 377
8273 3887
2608 4734
6866 6189
7383 7720
7789 3732
5231 7538
5172 58
3362 8542
2342 619
5877 67
1585 941
5212 1852
5020 6534
4218 7089
8079 18
7127 8544
824 4138
4835 5048
5713 6853
2450 7734
2817 4024
8930 7601
4473 3090
4129 4196
8887 3766
2457 5088
2910 1361
844 8202
4556 906
3012 2107
8872 3961
8968 8274
8573 7691
7401 3811
7974 2519
4743 1828
2644 6587
1127 1881
2893 373
8969 1033
6537 769
5566 1174
9157 6791
6236 4597
6055 1223
1713 2369
3600 2429
3843 4837
6930 6819
1334 9027
1059 8470
8999 5609
4031 2822
4012 6173
2616 5487
3272 1692
3631 4248
3989 2981
4714 9186
2782 1243
471 3038
7009 8122
10 4736
6148 9180
4644 9095
2365 6164
7844 4808
2838 5770
7806 5146
5874 79
736 7238
2421 251
7495 4465
4323 7871
3487 7183
5824 8565
3419 5375
1579 486
7087 2727
745 4087
5664 5287
8751 773
2853 4492
2716 3114
1847 9168
4772 636
8619 8046
8719 2953
5939 8595
2877 6503
7666 8385
4138 3322
5249 1258
603 1009
2500 6408
5981 8235
8076 6610
2960 8849
93 8558
4575 6069
1691 6105
4398 2324
7968 7767
6874 3275
4181 990
3026 1056
5106 415
5817 6999
3719 2086
2569 4612
1880 14
4263 1271
7623 3502
4964 4818
99 1658
5023 4492
3549 3820
3516 7761
5871 4028
5200 1659
5738 5135
7598 5263
7758 5276
7699 5735
7136 271
6378 2210
3766 5655
839 7539
554 3512
112 677
2686 8432
6304 7960
647 7522
9110 2397
4038 6013
3660 5627
6359 8598
8400 6035
4970 3645
2856 236
8482 1401
8333 5991
8426 8480
6088 27
8080 2347
7671 7989
9068 5917
4773 1237
7312 6757
4416 7565
7909 963
3474 6817
4995 5578
7113 3176
1324 8598
830 7031
3224 2754
3989 5785
8066 8450
2935 6174
1011 7892
8642 969
4658 293
1050 7702
3045 4566
4257 7146
2291 1638
1195 8308
143 2947
1884 5878
5059 7246
7725 5677
5535 3149
2212 8356
6145 8155
8371 8259
687 2007
1853 5970
6309 1916
8062 3620
9101 3752
3759 6819
4818 5142
2973 3788
5095 6697
3465 4885
7513 1822
2065 5822
4730 7986
1849 4273
2898 8489
60 2266
6614 5028
985 1206
3182 3489
6624 1117
6096 4184
1023 7295
6059 4706
5398 298
3485 7682
3253 8826
2323 4089
5922 8049
5490 4626
5030 4796
1373 8479
2730 7196
7350 1189
9179 5941
6137 1870
3505 4940
723 848
7793 745
2997 2631
1632 3793
4015 238
5474 8971
89 7069
4759 2345
6461 1683
4338 5423
8144 196
625 4407
6211 1799
6168 937
2508 7898
26 6078
396 6988
5982 5501
778 6859
7864 4974
5410 8636
6021 7839
2637 8478
6845 2889
2462 894
133 2985
1113 513
7133 166
3640 6904
2499 5589
5589 1363
2581 5476
4637 7142
579 6102
7241 205
5897 2606
2661 1830
1234 3873
2808 4163
4829 4213
4610 8552
4273 2436
1115 1467
693 6745
3359 4938
8991 7301
8323 3646
333 4722
2313 8157
8319 6993
2302 7577
2287 1283
613 1895
1364 1336
2390 5741
2762 3949
7616 7518
8304 3211
6436 7961
1774 4497
3605 5519
3934 5249
7375 6034
5227 2275
4244 2057
2779 5425
8268 755
6992 4791
679 8636
5420 1351
4316 6869
3305 545
4748 7172
7749 6767
8846 478
6571 5454
2433 2655
1178 8723
2129 2896
1581 8510
7649 5810
9094 5767
3405 7098
136 1151
1536 4495
7955 4963
2101 2075
4971 1824
2507 7566
3076 2809
9174 1712
8591 4847
1000 3005
826 1257
7778 3715
7251 2298
2724 2693
8911 3833
8513 5658
3753 4378
7252 4039
1933 8723
2332 2453
5109 5858
3919 88
5684 4646
2856 2417
2382 8923
7983 1013
7403 5333
7695 774
1534 8991
8144 3490
6196 4353
6224 445
3208 7593
1579 8564
612 6625
2882 3437
542 2815
4549 7975
3040 7610
1171 3021
7589 102
1132 6233
1323 5829
9155 3389
1093 3641
3689 6896
5342 7634
4212 459
2267 4897
219 277
2454 8634
174 8082
7461 7749
6609 6267
1921 3527
7645 6498
8963 3803
6440 6255
38 1909
5074 4102
2982 7268
6799 2275
6394 105
2365 1420
4314 1135
799 781
5484 1286
6951 5513
7120 2106
2399 7965
3666 5391
7630 7408
3748 6962
3880 4404
6611 3084
1888 5122
6025 3029
6725 7180
132 2555
6499 795
6930 6157
433 3202
3500 2269
6142 4915
7950 8661
6119 3806
324 6106
5973 4581
4694 6951
2854 4190
7501 3273
778 5347
5184 6332
4562 2143
8556 3153
8268 6466
4382 5539
9016 6638
7774 6987
4683 7573
5017 5618
5657 8421
1943 3251
7212 4976
5718 7470
7540 8593
8569 3516
3209 6012
2907 3043
175 342
2870 5374
6195 2986
5370 2172
8700 4415
2842 8680
2023 4981
2274 3299
7287 6597
2760 1802
8338 5963
6759 1556
1482 6305
8486 1708
7921 4963
7853 3130
3119 241
790 1018
5124 4531
3607 3890
8283 7939
5319 7473
6509 3225
6813 7296
645 3452
6267 686
5506 2794
7277 711
2010 8158
2043 6058
3644 4450
3112 6690
6057 8365
4601 6140
456 4223
3764 4256
5286 2292
1453 8115
5983 400
5034 2696
767 3879
5256 5445
6527 1547
2197 8793
1182 7601
2681 8906
2736 1749
8142 1012
5289 1256
4434 5615
8188 7655
6170 4252
8001 2073
1634 5475
6869 5027
6391 3689
3683 4846
8841 1636
6457 3618
5957 700
7791 7068
2796 457
4984 4573
4571 5347
3193 7809
6276 3087
5781 5802
5870 2715
3283 4857
4875 5037
5523 6902
4019 8164
4862 6266
3055 8458
4717 4113
1110 6630
2732 2405
3903 955
1322 5993
2025 5370
8100 2551
7324 4471
5598 4724
5251 6979
7865 8968
6480 991
8894 7172
5498 6522
9044 8905
905 1790
8809 5536
1457 2438
926 7826
8463 4898
4664 7683
2636 4892
548 6836
4239 4006
3908 7711
3947 9123
5724 1585
2452 1512
6184 6630
7243 8662
772 1527
926 4251
678 4620
7323 1296
5587 1601
6053 6812
1005 841
8481 9020
4888 3956
3836 1195
6448 2821
419 1044
6423 2663
2785 36
4005 1
3507 5820
5576 1917
2847 5961
1815 6216
3612 8374
4319 8481
6686 1099
8602 4017
5311 1096
2006 1842
3316 1169
7782 4237
5496 7583
9088 5377
938 7047
4848 7025
3195 3530
4375 1493
4721 2576
5422 1315
1209 1865
1705 5472
5814 7385
8097 7595
5378 602
597 8736
7789 5246
5434 3572
5522 1333
793 7080
7412 6431
6145 3111
7866 2411
1599 8038
214 4602
7016 3938
3438 5815
6876 9054
4762 7459
92 5923
3118 6054
4976 5417
1671 1956
5647 3938
5269 3514
399 7110
5144 6501
6727 1206
2522 4459
5156 6495
7206 8255
2052 7279
2020 3866
4700 3403
724 5730
3891 3876
694 557
7081 1641
1655 5726
1535 2752
4305 4684
9021 2809
1521 4320
5901 3937
6351 805
146 7661
2799 6046
7330 6013
5210 7576
1539 6210
7393 3974
8784 5721
8359 7686
1288 7199
732 4008
8234 7469
8083 6734
5570 7528
4636 7127
6773 1054
7749 40
3354 6110
537 5452
5621 3290
3562 2047
8941 6754
5481 8040
8288 3815
533 4486
7248 8791
8638 5002
9091 1873
4559 22
3482 8499
1504 223
6255 7415
7503 7678
7197 5684
7874 6829
5883 8126
2436 6908
3639 4877
123 2412
482 1504
8591 2557
6688 4340
2164 3142
7151 2118
4414 262
3635 1618
8095 4220
6519 1198
4358 8181
1923 5885
5759 4585
6751 3589
8343 2516
6610 4430
320 8657
1951 1147
2064 7088
6595 1429
74 7123
4372 3353
8359 6592
2802 8816
1908 8505
979 8021
4346 2739
1436 8553
7261 3293
7022 2745
5978 8140
847 6637
2352 2100
2555 1072
1241 221
336 666
1337 356
2945 6148
7901 8676
4306 5012
3225 4765
7607 3588
6961 4058
3325 9141
3738 8069
5193 6649
180 3935
2719 24
4998 1368
3147 1917
4566 7328
6232 7555
1458 7296
1220 1467
3709 2073
8050 148
1440 8983
9102 1367
1309 8254
8947 8247
1106 1248
3828 1798
529 7609
8722 3763
5967 7895
9130 2035
8175 703
1775 3007
6639 4666
46 7023
2584 8305
8129 8982
3233 6758
1651 7626
8950 1992
5312 6233
8439 4049
7006 9076
6360 1529
3023 411
3032 2400
2317 6483
5560 2333
2070 4003
7209 4044
5906 4535
3072 3392
8711 1816
2498 8978
5457 608
3312 2770
5026 3526
3684 549
5619 1832
5550 1935
4494 4815
3241 6998
8220 8152
6423 5687
5936 8394
6907 3257
2524 3038
6312 2437
570 5362
1597 9071
2954 6347
5091 6710
816 6524
7397 2789
4685 3644
9120 1866
1897 7409
891 3094
9136 8496
444 5495
5966 2053
6318 3332
7109 1426
2314 1391
139 5166
8229 804
6075 4109
7804 5694
4198 8661
8674 2100
2069 8547
7246 9144
8110 3974
1089 6124
2720 121
860 4429
7689 7015
4100 1338
7246 2138
9060 4433
1668 4309
4512 3604
5624 6574
3852 6993
6915 4618
39 1228
184 1251
1055 3567
8206 1395
7743 1639
8101 2844
3818 976
4 6290
5296 8946
1337 5605
1602 6011
8123 1235
5190 8697
94 8865
5415 574
6546 6648
4094 2448
4823 2109
3122 1532
899 8408
6617 3108
5999 7984
717 4174
3176 5175
1284 6449
2701 3581
5502 3223
4867 215
593 1551
7143 4716
2714 1968
8544 5748
7824 5834
5063 1288
8484 2434
2232 1516
8560 4558
7821 6728
7517 4923
5746 5943
450 841
1317 197
8117 7376
8843 6373
7777 5330
1080 6184
8340 500
51 8707
2574 3049
5094 7062
4205 5045
8983 6382
8212 6921
6375 2485
5118 9121
1614 3782
2812 6377
4708 6943
7914 1731
2338 7969
3772 4955
5491 2237
6319 7844
3731 5569
5978 8582
7539 7092
4550 1358
8118 6788
4659 5929
8698 4152
5520 5629
8907 7976
2800 6302
3101 1348
3279 8867
2966 6957
7936 1855
2135 5816
1423 7700
3915 8612
1497 1091
179 6328
3113 9162
8955 5051
5509 2715
5715 3152
8172 3283
1287 1666
6916 3317
6364 7028
6532 3068
3261 3399
4354 63
2891 2298
8251 6083
2666 7766
5205 1532
759 5951
6231 3998
3898 2374
6699 6633
9133 1442
4957 1011
5945 5929
7169 8651
7439 2529
5512 3234
8832 5982
5715 936
5332 1558
266 6065
5920 2009
2660 1062
7733 1720
202 4097
5926 5294
1751 7572
4713 1377
1686 2367
7799 8610
4699 7244
1735 7321
3576 5035
2645 2863
2533 5336
4258 1161
2264 2499
3096 2857
233 475
4360 4120
2733 7407
4215 6892
5530 5186
6265 6822
1394 4230
1372 8490
7230 1138
2976 3712
159 1468
5548 8811
1860 6385
7278 7602
496 178
7041 9025
4709 3769
1624 4390
441 6779
5825 4979
5916 2072
3307 1914
5666 4816
5808 7292
4384 6233
8635 5084
2058 5916
8563 8257
897 2328
5484 2886
4845 6980
924 9083
6815 6911
8260 5626
759 2099
8853 1189
9082 7421
2562 8451
4168 7366
6187 4510
620 5925
4447 3039
4896 4855
5774 5909
8492 9031
3893 7936
1344 2348
5778 1505
49 6078
6254 3312
7555 4302
5387 5441
8383 8207
53 7119
8753 3707
7768 668
4050 8273
7296 4942
4853 4825
4681 4834
8969 775
8715 4548
4930 8147
8762 9000
1577 7260
3313 4825
1423 3609
5778 1357
5988 6466
9161 8493
1999 4296
401 1710
3976 4250
424 8168
3840 17
2708 7020
8571 7516
3801 6796
1112 6617
7637 8963
5000 7154
8931 7214
637 4739
451 4183
6730 5417
3822 3888
9060 3157
8944 8949
7005 1549
4478 5281
4155 5399
6238 7186
2728 3430
1382 2766
7734 2862
833 2570
6834 5859
1007 431
8399 8892
4150 3230
5204 8685
8465 5869
4437 3041
4074 6620
7163 8502
7468 8316
2214 2837
3092 8592
4669 8034
7434 3892
2570 5073
5703 5696
4096 8035
375 7689
6796 2194
8289 8025
2867 4082
8280 3663
914 4087
6776 2672
2942 8955
6341 6212
7374 3740
2873 4883
7325 3901
2746 2632
6965 5140
3547 2018
2443 308
6033 1616
5744 2469
4799 2423
748 1159
7013 962
6935 7981
3863 2678
8960 5893
7654 2787
7102 8328
5862 4928
8870 8390
8009 6975
8996 1722
6575 2092
6756 7661
3443 5987
4644 6703
3564 7040
1109 6599
1535 181
1685 6203
5467 6092
5237 3105
8768 5834
8958 8512
5947 5698
8416 4944
7881 6545
4520 682
25 7402
3358 8045
556 8609
9166 8485
8878 4915
156 7042
5919 6559
7963 3505
8821 4221
4444 5105
6323 3970
4193 8460
2497 3971
417 3402
4577 7204
1043 3667
22 2698
9165 8291
1018 6316
7867 8724
7267 1982
3285 6941
1948 1839
5938 775
4826 4013
2198 3582
2605 8135
2082 4368
2830 3747
8894 6296
134 3754
8288 4537
4095 52
9150 8457
788 2726
1920 1292
7354 7215
2199 8690
7815 4708
3350 7358
187 4811
3098 7496
7848 3041
5537 8511
2604 4325
8625 7343
7827 1682
6925 2717
7642 3952
1875 2664
5821 5957
8020 1423
7021 2247
3496 4821
5245 7754
6258 770
1298 6530
3133 8580
3675 2832
5125 4996
8129 8440
689 7346
3633 6160
2056 4355
8689 4114
5772 5542
6283 7784
5167 8031
2474 6107
6243 6086
5163 6421
5700 2973
8884 5969
5661 434
8910 5840
7780 60
810 1037
6503 2767
8184 8327
5998 4527
2745 1542
3861 5647
3351 9090
1589 3849
4160 6562
6720 8116
1872 4183
7675 9124
1109 4856
5733 8398
6273 3595
783 6306
9 1012
4964 2116
1726 7897
7671 4233
6743 3825
1083 4222
1583 4192
8318 6080
6286 5452
1199 2992
7422 9142
7867 6671
7996 9118
141 4863
6402 819
7791 5996
3809 866
1181 1196
8824 4947
1940 4990
5648 4262
5729 2403
6022 5077
6950 3472
9059 2747
8876 3310
7945 2146
1874 6341
7027 1745
3268 5358
3128 6456
477 8956
5392 274
1746 3832
4713 3796
5147 5168
5659 4587
4836 9034
3089 7381
68 5910
8362 1430
2761 4261
2692 7868
4960 228
2119 7462
832 236
8247 1850
1114 1576
4035 2949
8258 3324
353 1176
2196 2591
7436 803
4204 2549
884 5083
6535 1330
753 3181
2159 783
7962 8757
8090 8215
6954 8176
3629 3839
8718 8627
3012 4966
5211 6020
2350 8255
2427 7374
5550 7536
8636 8864
38 170
2322 1950
2396 6425
928 2662
4920 577
9147 5441
551 724
3531 6089
3853 4784
5300 518
5517 8509
3139 4749
4289 6856
5403 6337
8952 7627
177 6922
1069 6568
8287 6708
1475 1147
8396 8135
9126 8766
1956 599
4350 4368
6315 1261
7098 4022
7410 7564
534 5461
9014 271
5867 4954
1820 4108
7923 3206
3082 3197
2311 3086
3728 8043
7875 917
5356 5308
2685 2668
9104 7141
9029 4142
4349 256
5350 8732
3500 5716
994 1338
1472 7472
921 7306
1093 6014
4543 2055
3583 4936
7629 474
3711 6218
635 967
8858 4820
4521 1740
8006 4743
6243 4046
6073 8588
5345 2066
1979 5570
5573 8436
1591 185
2898 673
7574 6
4730 2536
3232 6618
6007 3628
4107 1898
3385 2731
9066 4492
2059 6481
4021 3282
8125 7087
6663 4692
686 6325
2344 6741
3592 3370
2348 3408
8228 4115
3798 7685
569 376
5883 7225
885 5510
1724 1274
491 1865
4071 4197
3848 292
8293 5602
4762 3865
987 8548
7224 1295
4399 9114
3467 7523
5632 3767
6652 6355
7097 8788
796 2638
4085 1622
4058 8840
1730 5595
3939 3493
2497 8882
8000 1409
3706 6378
5710 7067
5881 3250
4155 2600
7062 3734
4323 9038
5013 1184
9135 2960
5175 2912
3906 8095
6644 5254
3585 3534
8510 5856
6894 6737
7258 5704
8845 3672
6380 6913
8832 2381
4099 7727
6172 5769
355 1608
8883 7985
3102 785
7135 3757
3612 4702
6159 4616
5706 2773
4884 7240
5493 9012
751 4272
8947 6072
72 2146
1937 7407
4303 6366
184 8061
843 4950
75 4798
3431 948
3980 9170
6524 6600
9047 8240
2999 5442
3323 9165
525 5937
2941 9045
5601 68
8079 4472
3638 2945
2588 690
2974 7970
327 9044
4363 4062
6887 5697
3320 5736
1964 3336
4381 3480
5439 777
7639 5111
1406 3600
8160 1807
3485 8555
2864 9050
4507 3545
201 7738
146 7392
8162 4657
8167 3939
8250 4405
835 6935
7419 2087
4885 7556
7094 702
6901 4864
1744 1464
3070 1141
8367 964
1716 4921
5258 6775
8254 3478
8279 7635
4555 7649
243 6508
8141 5024
5233 4822
1930 3982
7433 1498
2355 8046
5469 5173
7340 6646
188 5649
2861 2451
1931 3042
3789 7628
6906 4663
2595 4466
5301 7477
2263 4901
2154 7061
6229 8734
8391 813
2428 2553
7755 8802
8835 526
3235 5138
6140 8848
1279 6176
5521 4401
4246 8621
7669 5257
3066 7504
3696 8321
6605 4128
3413 6121
8366 5228
1576 7482
8586 7741
1848 878
1479 7230
2188 7099
6294 6930
7115 748
7318 378
4800 1428
8594 4776
6541 3030
1134 7721
4945 716
6861 2797
7475 3735
1894 6206
4061 3641
8254 970
5731 3729
8984 2227
5268 5132
7843 8401
3468 2318
5154 8769
552 2833
1335 2097
6539 3455
6152 713
7971 7613
6453 8814
1708 562
8580 340
6166 4935
6543 7857
2222 2783
2448 5668
3396 475
8267 6899
4651 3523
1216 2352
2341 2142
5056 2484
3575 3863
8692 3346
652 4286
8833 9084
8190 6773
4608 994
6666 7689
6623 642
5912 3099
7126 8315
8410 517
5986 7615
9152 1372
2493 3721
3439 3340
2308 592
1678 7025
3911 8381
378 1084
6529 9139
2615 7449
955 4409
7679 5779
1331 3618
2855 1654
1853 5219
3367 8022
3574 195
9180 1633
1898 8626
2805 3230
3145 287
3016 1689
7545 2475
2290 6668
6407 3685
7486 3364
9083 1703
7563 8937
2916 83
565 7913
5492 1070
7216 2891
2825 5881
4279 8891
4496 6884
807 5652
5783 8423
582 8948
253 7385
6379 5746
4313 3704
7281 8299
8295 7119
1047 1034
4592 4275
252 8817
5471 701
6250 2336
4876 4180
7403 41
5855 5665
1866 1610
2001 8270
1229 5529
9003 6577
5067 3627
6010 5234
7659 7717
4858 8342
1522 4764
6422 3389
876 127
2828 4243
4988 1991
4978 9099
6260 7187
4009 1272
2968 408
7205 4362
4451 4049
5061 1195
5756 3931
8465 119
2892 5625
398 7084
4193 8488
3357 4111
6301 3803
5816 5395
1226 1075
6478 6512
628 6943
8557 8812
7693 3106
9118 6875
9100 6003
6443 1196
7539 1194
4143 7863
5010 2594
3703 4560
5522 1380
8277 1001
4485 5612
5944 5577
1080 7104
3993 6337
4686 6887
7710 3798
8469 3213
1977 466
2296 6659
1916 4326
950 4568
6176 8951
3344 7567
3761 2245
6787 8126
7972 6676
2566 1645
8456 3954
9184 6112
9182 1155
1954 15
48 8927
579 6463
6547 8309
5458 3444
4654 2182
3799 4874
566 6031
8357 2033
5892 746
5971 4946
135 7698
3140 7134
282 3174
6428 6115
8675 7551
2863 101
7825 8897
743 4988
6472 1660
6439 7430
1467 4284
1145 3420
9023 5346
3425 6261
6406 3
7579 7315
2124 6069
8307 5800
318 36
5305 553
8125 6612
3405 699
7953 3532
7291 8031
4413 5706
4474 3075
270 7034
5833 4906
6627 6090
3969 1118
1536 6438
7703 3804
8392 2103
4756 2083
1259 3479
3046 3561
5660 9050
8800 1126
1539 4579
9155 7309
3973 5934
1137 3671
7508 4448
2 1605 1698
2 7142 7581
9 861 1895 2923 3693 3987 4288 4952 5666 8378
3 3711 4649 7002
8 1210 2321 3298 4456 4581 5640 7426 8776
3 1720 2011 2820
9 1028 1360 2126 4373 5196 6081 7296 7661 8649
3 4224 6033 8300
4 1089 4536 7410 8639
16 369 413 554 877 1147 1324 1642 3279 3447 3484 3572 3871 4473 4811 6416 7814
4 153 1442 5413 7602
6 3162 4053 7567 7806 8597 8630
3 375 961 5869
2 4814 8738
2 2824 7327
8 804 4806 4954 4974 5585 7195 7849 8240
6 1407 4548 5967 6216 6373 6943
2 1561 8685
2 2550 5543
2 3925 7827
4 2557 4342 7341 7868
7 203 1064 1196 3079 3864 4121 7901
3 3897 5902 6138
5 2456 3592 4832 5077 6294
2 4065 8793
5 9 892 2179 4362 8505
2 1744 4096
4 127 1014 2795 2969
4 1290 3658 4851 5510
2 5026 6889
2 1234 5062
9 728 2836 3534 5566 6899 7263 7423 7949 8227
9 566 803 1085 1152 1616 2012 2446 4529 8841
2 129 2927
9 1105 1222 1752 4466 6463 6810 7348 7525 8018
10 290 3303 3362 3669 4295 6834 7006 7185 7782 8365
7 673 1449 1819 3382 5970 6415 8619
18 315 548 618 631 1399 2506 2900 3848 4011 4642 5443 5453 5696 7381 7452 7863 9044 9181
5 2471 2883 4234 4646 8929
5 948 1339 1509 4766 7847
9 1417 2302 3468 4064 4592 4718 7233 7237 7430
4 1991 2875 3760 5009
3 4571 7387 9066
7 1424 4405 4633 6105 7750 8037 9150
3 1660 1749 8452
4 293 4109 4401 4791
19 2730 2767 3382 3460 3933 3995 4060 4332 4625 4751 5305 5673 6420 8177 8401 8484 8708 9021 9097
7 36 256 2998 5735 6515 7428 8947
5 3292 3944 7367 7488 8825
6 876 2428 2488 3678 4573 9055
3 363 6137 6606
3 515 3395 3851
5 1035 4974 5692 6273 7807
4 503 5769 7567 8955
12 555 1595 2763 3241 4240 4752 4774 4851 5237 7975 8576 9037
8 517 1499 2465 5634 6153 6444 6560 8583
3 620 1510 6525
5 2125 5703 6281 7257 8339
5 453 1983 5942 6815 8499
13 47 146 1115 1715 3120 3410 4070 5049 5129 5464 6267 6901 7148
3 5963 7326 7689
7 943 2331 3077 3557 4088 6083 8060
7 610 871 3762 4200 5673 5999 7551
9 2345 2365 2601 2799 4909 5186 5918 8286 8530
22 971 1249 1923 2003 2460 2643 2789 3363 4086 4211 4221 4499 5000 5907 6284 6604 6607 7324 7393 7686 8215 8712
2 731 1916
8 491 1561 1780 3396 4202 5491 8843 8877
11 145 246 912 1313 2041 2985 4227 5014 6507 6623 6864
5 16 148 1161 3538 8656
5 799 3567 5450 5522 6577
12 672 2094 2108 3115 3558 3659 4790 5416 5512 5819 7466 8662
5 3108 4025 4397 5226 6501
18 44 270 279 706 876 930 2284 3055 3074 3176 3457 3584 3729 4169 4947 5478 6798 8696
3 923 2458 7421
9 782 954 1124 2077 2209 2520 5245 6783 9089
15 459 587 1664 1692 2432 2706 4262 4439 4502 6091 7005 7184 7824 7831 8955
6 3087 3526 3551 4027 4300 7762
7 2056 2492 3921 4028 4632 4750 7476
2 2328 7083
5 9 3844 4365 4552 5941
10 28 499 1387 3552 4292 5907 6099 7063 7813 8425
8 408 1078 2849 4282 5146 5513 6295 8201
4 434 1881 2330 5105
6 169 424 1645 3298 6929 8790
5 1270 3047 3263 4060 8426
3 3070 3248 8364
6 1574 2910 5404 5913 8559 9107
9 1494 1588 2892 3120 4636 4987 6326 7307 7716
2 5614 8055
2 123 1351
7 72 3626 4731 5836 6504 6806 7915
2 2612 4467
4 2703 2843 3427 6054
2 2784 5714
3 475 4444 5087
4 483 1104 1783 4616
3 4670 6833 7273
8 1439 2605 2632 3813 4733 6019 6316 8523
10 145 1455 1667 1859 2698 2772 4225 7333 8389 9164
13 475 898 1437 1474 1762 2981 4484 4872 5331 7220 7396 7415 8425
7 93 1957 2536 5087 5141 7205 8339
3 1929 5687 6752
4 2027 4801 5660 7722
3 2743 6176 8643
5 3795 6910 7989 7996 9157
10 637 3721 3725 4150 4615 5018 5191 5750 6943 7176
12 361 791 2051 2661 2694 3414 3608 4557 5161 8472 8669 8791
14 42 299 892 1314 1323 1686 2081 3089 4278 5899 7463 8117 8699 8829
8 343 471 979 2807 4178 4967 5298 5780
4 2021 4362 4366 6625
17 34 290 385 808 1137 2094 2317 2897 3411 3616 3707 4033 4876 5029 5724 8698 9105
2 1763 2637
4 947 4218 5365 5779
3 187 2684 4786
6 1043 1692 3216 3665 4173 5139
11 1011 1233 1582 1814 3054 3117 3889 4319 5504 6675 8758
5 30 800 1070 4493 7456
22 318 709 764 867 884 2112 2351 2659 3082 3921 3948 4669 4845 5128 5178 5774 5999 7438 7739 8108 8331 9151
3 1210 1835 3003
7 290 1244 2803 3983 4231 4306 8447
5 2037 2757 3192 5445 8996
6 222 3942 4987 7851 8433 8735
8 1760 4470 4807 4988 6582 8335 8548 9013
5 1712 1735 2866 3189 9060
5 814 1125 6139 6612 9013
6 116 470 2492 4027 4378 8789
4 522 3258 4387 6504
5 807 2500 2990 3413 7235
6 1464 4226 4994 6179 6565 7203
17 513 816 1113 2016 2191 2706 3620 4983 5998 6267 6802 6829 7032 7285 7366 7636 9100
2 7224 8419
3 2919 3979 6502
2 2064 4982
4 2849 4620 7571 8653
16 550 632 1214 1347 2537 3049 3331 3653 4288 4358 4398 4776 4939 6079 6478 8387
3 1235 1302 7551
12 44 1048 2013 2978 3276 3490 4727 5297 5522 6718 7077 7308
3 61 2629 2692
3 139 1793 5766
2 1058 7373
14 3 373 1029 1143 1260 1619 1737 3175 3388 5020 5471 6247 7386 7781
6 405 1599 3770 4052 6705 9083
3 358 768 4292
2 4020 7689
18 1102 1447 1479 1991 2228 2594 2595 3404 3420 3510 3947 4086 4634 4954 5107 5774 5780 6111
5 1747 1897 2292 2916 7612
2 5485 6829
5 1255 2020 3330 6298 8969
3 2493 3071 8015
3 1889 3537 7469
4 913 2287 3849 4604
3 3837 4063 8041
3 3323 5407 6651
11 1162 1300 1706 3358 3657 4466 6639 7172 7477 7641 7771
3 4697 5115 8029
3 2979 4238 5112
4 206 2830 4484 8210
9 572 732 2081 2363 6485 7419 7504 8579 9009
4 5362 6300 8488 8724
4 251 3414 7748 8411
5 1865 4510 4572 6197 8724
4 816 2855 3622 6150
11 12 240 622 1226 2954 4678 5507 5815 7249 7362 9129
6 2136 3473 6543 6587 7237 7860
6 12 19 1629 5142 8873 9069
3 99 5047 9161
15 576 776 1438 2012 2793 2996 4935 5388 5675 6040 7087 7310 7404 8435 8683
8 416 1591 1864 3420 3508 7044 8073 8448
2 2623 3840
6 3176 3243 3900 4587 5163 7484
3 913 1069 4746
12 684 1334 1715 2918 3189 3963 4373 4981 6001 6395 7330 8986
5 594 2204 2962 3982 5104
4 2604 6042 8734 9069
11 85 168 1253 4811 4849 5613 6812 6913 7827 8694 8795
6 255 2267 2659 5181 8805 8890
3 1196 2734 2839
5 2089 2714 4054 5982 7611
20 598 2302 2595 2680 3528 3686 3983 4044 4183 5915 6123 6345 6581 6789 6894 6906 8161 8851 8971 9165
2 2950 4780
3 1924 2092 8340
2 839 3655
11 996 1388 3157 4517 4628 4926 5142 6427 6459 7546 7619
2 2964 3793
2 8452 8489
2 1275 2825
2 2263 4868
11 52 286 1365 3063 3421 3530 5131 5286 6933 8071 8739
4 1920 2705 2845 3885
7 852 1002 3410 3677 4519 6688 7586
6 940 2448 4782 5733 6886 7163
4 2121 4455 5429 8485
6 2019 2444 2921 3515 3990 6028
6 1430 3552 4494 6928 8132 8742
3 573 4677 7429
6 519 990 1787 2552 6453 6869
3 428 2817 2905
2 1342 1442
9 141 841 1274 1627 2679 4375 5247 7515 8994
4 1801 2099 6808 7549
4 1012 3917 4484 8241
2 6723 7302
16 40 339 895 1224 1287 1410 1671 1765 3386 3491 3698 6615 7156 8653 9126 9168
2 4999 5363
2 163 5192
4 637 3950 5063 7684
3 2183 6799 8826
2 4245 8008
3 2223 3721 5189
13 1217 1473 2123 2365 3277 3705 4156 4403 4428 4644 5663 6827 7174
8 38 1072 4128 4441 4596 6153 7782 7949
4 1546 4098 4649 4868
4 1445 1449 1592 6753
5 403 441 810 3741 4113
2 2840 7181
5 1491 4760 5169 6714 8984
3 1754 3211 7373
7 281 2054 3134 3302 4194 4219 7680
14 573 850 936 979 2529 2705 3382 3392 3856 4758 5956 6684 8095 9157
5 1302 3242 4600 6976 8225
7 555 1329 2650 3624 4350 5422 7850
9 155 1767 2723 4715 5143 5344 5604 5811 7461
5 1520 1827 2669 2803 3838
8 9 15 1253 4865 6582 6752 7716 8637
5 950 2002 2726 6333 7092
2 1822 2842
15 981 1055 1627 2729 2743 2784 3404 3822 4029 5380 6695 7157 7616 7654 8459
6 1664 3983 5614 6943 8542 8579
11 36 713 4247 4259 4705 5072 6107 6244 7268 8212 8384
5 2009 2595 2809 4217 4891
2 4108 5339
3 2191 2730 5947
4 652 5489 7246 7451
4 3288 3344 3643 5215
3 3247 4371 5296
2 1857 3042
2 913 4963
2 118 2668
22 680 955 1032 1224 1470 1504 1532 1655 1799 1950 2686 3271 3374 3802 4320 4327 4631 5930 6770 7046 8130 8830
5 827 3644 4137 5744 8898
9 469 838 1441 2364 5048 5101 5645 6039 6628
4 716 825 881 8381
2 3556 5587
15 347 976 1263 1871 3762 4271 4392 5184 5361 5824 6436 7318 8774 9079 9104
3 2338 5054 6643
5 3761 4224 4446 6038 7628
3 1210 1838 9141
2 4981 7965
5 860 2714 3091 3891 4752
4 889 1698 2728 6501
7 633 824 911 1232 1551 3457 7353
2 6318 7851
2 4101 6677
7 1161 1483 2443 2914 3259 5705 5896
13 587 897 1094 2186 2202 3277 4319 4581 5267 7838 8011 8794 8916
8 852 1390 1619 1711 2312 5070 5597 8322
2 2169 5632
5 1397 1473 6134 7145 7284
4 1382 3549 5521 8347
11 202 576 630 2917 3131 5025 5533 5674 8111 8350 8614
2 4157 5345
4 562 2016 6380 7081
17 192 245 718 751 794 1204 1361 2344 2635 3091 3669 4051 5030 5494 6201 6614 8316
4 1130 2335 2884 2996
3 1349 3035 4678
4 300 6913 8804 8988
11 1222 1873 2566 3311 3910 4231 5701 6593 7571 7757 9110
5 347 2659 3779 4744 8556
8 365 566 916 1190 3538 6229 6556 8981
7 669 1022 2846 4451 5200 5499 5682
10 10 611 1555 1774 2632 3878 4142 5257 5687 6806
5 695 893 4395 4729 5221
7 424 618 2302 3774 4747 5962 6688
7 656 910 1218 2410 3145 4038 7560
15 570 1161 1626 2148 2789 2866 2994 3026 3076 4302 5993 6490 6897 7001 7946
2 2613 5008
7 475 1709 2478 2786 3909 6117 6474
2 793 1299
4 440 758 4497 6223
3 3646 6748 9116
7 173 736 775 2302 2740 3377 5448
12 578 1429 2217 2339 2578 2827 3082 3285 4649 5123 6868 7335
3 400 3556 4163
6 2733 2949 3372 4169 4305 6467
6 139 819 2626 2905 4330 8506
8 807 1115 1251 1324 1366 2939 5075 8518
2 1540 1754
2 4407 4643
2 969 7045
4 750 3924 4815 7597
2 4318 9185
5 1792 7377 7408 7974 8666
2 3019 6258
2 5004 5770
13 839 889 1028 1128 1377 2017 2106 2428 2885 3628 6279 7133 8638
5 3854 4447 5557 6931 7244
6 3102 3267 4010 4248 8113 8158
2 6699 7383
5 460 636 1401 5641 8405
13 605 1022 1231 1682 1798 2377 3913 4549 5273 6578 7169 7963 8061
3 1209 3961 5276
10 277 1493 2053 2560 4078 4802 5651 7190 7919 9030
9 1731 2276 3943 3978 5154 6191 7938 8213 9048
10 19 2669 2975 3269 5541 6394 6407 6658 6889 8345
3 2315 2751 3859
2 588 879
2 11 8180
2 2432 4486
4 1085 5493 7173 8757
5 1413 3693 4930 6659 6969
6 413 1102 1759 4113 5636 7612
9 2284 2900 3728 5088 6771 7433 7502 8161 8334
3 3941 4635 6973
8 335 1304 2002 2749 5015 6623 7527 8726
9 370 1512 1968 2194 3621 4103 5014 5097 5849
4 3030 4370 5379 7503
7 397 1689 3799 4910 6451 8679 8830
