42
8 32 0
3 5
5 3
3 5
1 6
4 8
3 5
6 8
6 8
1 7
5 3
6 1
5 3
5 3
4 8
5 3
7 4
6 1
6 8
3 5
3 5
4 1
5 3
5 3
3 5
3 5
4 2
1 6
5 3
8 7
3 5
5 3
1 3
3 36 0
2 3
3 2
3 2
3 2
3 2
3 2
3 2
3 2
2 3
3 2
2 3
2 3
2 3
2 3
2 3
2 3
3 2
2 3
3 2
2 3
3 2
3 2
2 3
3 2
3 2
2 3
2 3
3 2
3 2
2 3
3 2
2 3
2 3
2 3
2 3
1 3
18 29 0
6 2
15 11
9 4
8 7
7 6
10 11
15 4
18 10
11 5
3 10
16 4
2 14
18 11
7 14
6 14
8 13
14 13
12 2
15 16
2 7
3 18
1 10
1 16
12 8
15 11
17 13
12 8
3 1
7 15
7 30 0
6 5
5 6
2 6
6 4
4 5
2 5
6 2
7 2
4 6
7 2
6 2
4 6
4 3
4 6
6 4
2 6
6 7
6 7
5 3
7 4
4 7
6 7
3 2
6 5
3 7
6 7
3 6
3 5
5 2
1 3
19 50 0
17 5
13 6
18 2
14 5
6 3
15 1
5 19
11 7
2 18
16 12
16 18
5 8
17 8
18 12
1 2
4 11
18 12
9 2
3 8
18 1
10 14
3 14
16 9
19 7
16 18
12 9
3 14
12 9
6 10
18 16
10 4
6 14
16 15
13 11
16 2
13 5
11 4
12 18
4 7
16 9
16 12
19 14
8 19
7 8
11 5
5 4
8 19
14 7
3 19
15 7
5 35 0
3 4
4 3
1 5
1 5
4 2
1 5
2 3
5 1
4 2
1 5
1 5
2 4
2 4
2 3
2 4
1 5
3 2
1 5
2 3
1 5
1 5
5 1
1 5
4 3
1 5
2 3
5 1
5 1
1 5
4 3
5 1
1 5
2 4
1 5
5 4
12 39 0
1 10
9 8
3 1
8 12
2 8
11 10
10 11
10 11
5 12
2 7
11 1
2 5
3 11
4 11
9 6
7 6
1 11
8 6
7 2
7 5
1 10
4 11
9 6
10 4
6 7
11 1
11 10
5 7
8 9
11 1
2 6
9 5
3 10
10 3
4 10
12 6
12 9
4 1
1 12
19 1 0
14 19
10 34 0
2 6
8 1
4 10
10 4
6 10
3 7
10 6
8 9
1 9
10 2
6 10
9 7
7 9
10 2
4 6
1 5
8 1
2 6
4 6
9 5
6 2
6 10
2 10
9 5
7 5
5 3
7 5
8 5
2 6
8 5
7 9
4 6
2 4
9 2
17 2 0
10 5
1 10
18 6 0
11 14
2 1
12 11
9 6
6 4
10 14
13 30 0
3 4
6 7
6 7
1 6
11 12
1 6
7 1
11 5
2 11
6 7
7 6
1 6
13 2
2 10
12 11
9 11
4 12
11 9
1 7
1 6
7 6
4 13
3 10
7 6
6 7
12 10
7 1
4 5
2 4
12 1
3 35 0
2 3
2 3
2 3
3 2
2 3
2 3
3 2
3 2
3 2
3 2
3 2
2 3
2 3
3 2
3 2
3 2
2 3
2 3
2 3
3 2
2 3
2 3
3 2
2 3
2 3
3 2
2 3
3 2
2 3
2 3
2 3
2 3
3 2
3 2
1 2
14 12 0
13 4
10 1
9 12
10 2
2 11
11 2
2 1
14 4
14 13
4 5
9 10
1 7
6 16 0
5 6
2 4
5 2
5 6
5 1
4 5
6 1
2 1
6 2
1 2
6 1
6 5
5 2
6 2
1 2
3 4
15 14 0
3 2
8 2
13 4
3 4
10 6
10 12
1 7
1 6
14 15
9 1
9 1
2 3
1 12
1 2
16 38 0
7 11
5 8
12 9
4 2
1 4
5 3
10 7
16 4
13 10
11 5
15 1
5 10
13 3
9 15
9 14
10 3
13 6
16 15
5 10
8 7
7 5
2 4
14 16
13 6
15 16
5 8
4 15
9 12
11 6
8 7
14 4
2 16
15 12
6 10
15 9
4 12
6 8
15 7
9 30 0
3 8
3 8
6 5
3 2
1 4
5 4
8 3
4 9
4 6
1 3
3 8
2 8
2 3
3 9
4 2
2 6
1 5
3 2
8 6
8 4
2 5
2 8
6 1
2 3
3 2
8 4
9 3
3 2
1 3
7 3
13 17 0
6 8
11 6
6 11
6 11
5 1
3 2
8 9
13 3
5 12
8 11
8 9
8 6
6 11
13 10
11 8
8 11
9 10
20 30 0
9 12
4 19
17 11
18 13
10 19
15 6
5 7
12 7
15 11
6 15
11 17
15 6
8 3
6 17
15 17
11 17
17 14
2 13
6 11
17 15
6 14
13 20
12 2
14 15
11 14
1 19
6 11
3 13
11 6
15 10
8 43 0
5 4
8 6
2 3
6 8
8 6
8 6
6 8
2 3
6 8
6 8
8 6
6 8
2 5
5 1
5 7
1 2
4 5
8 6
4 5
6 8
3 1
8 6
6 8
5 3
8 6
6 8
8 6
8 6
8 6
8 6
1 2
1 4
4 1
3 2
5 3
6 8
1 3
6 8
2 1
1 4
6 8
5 3
6 2
15 27 0
2 1
13 15
11 12
14 6
7 5
13 15
13 1
13 15
8 10
11 8
2 15
4 7
15 2
7 8
4 14
15 1
15 2
12 3
15 2
5 7
13 1
15 1
15 13
8 7
3 4
6 4
2 5
8 9 0
5 4
5 4
5 4
7 3
6 8
2 5
1 8
8 6
5 3
14 2 0
12 6
8 6
18 18 0
10 6
15 3
10 6
5 6
9 4
1 12
15 12
6 10
2 13
17 18
12 3
7 4
6 5
13 17
10 13
15 9
18 17
11 8
17 38 0
2 5
6 13
5 2
3 8
5 6
5 6
6 13
1 11
1 3
16 1
14 4
17 5
15 6
7 1
10 6
3 11
14 16
8 14
7 12
13 15
16 8
10 5
5 13
5 17
3 9
15 2
15 6
11 1
13 2
12 14
14 3
5 10
12 11
3 1
17 2
13 17
10 6
4 15
14 50 0
11 14
10 9
12 7
11 1
10 5
13 3
14 2
5 6
10 3
11 1
11 4
6 7
11 14
14 4
13 8
4 14
6 7
2 14
4 14
9 8
13 10
2 4
5 13
8 12
5 7
1 11
8 7
9 5
5 12
9 5
2 11
4 1
7 8
11 2
12 9
2 1
2 11
3 6
9 3
13 7
14 11
12 3
9 13
10 5
4 14
1 11
10 8
5 12
6 12
10 4
11 23 0
4 3
8 10
9 5
10 11
8 7
11 10
5 9
5 2
10 8
5 2
5 3
5 6
11 7
7 11
7 8
11 10
8 7
6 4
11 8
10 8
11 7
6 5
5 10
16 44 0
2 14
7 8
8 2
13 9
13 9
2 10
8 10
15 3
5 1
14 6
3 11
6 2
8 2
5 3
14 6
16 8
4 13
10 7
7 14
6 14
15 3
7 14
8 14
3 13
14 10
1 3
4 5
3 4
4 13
8 14
8 10
14 6
6 16
1 5
14 6
5 9
16 10
12 5
14 6
7 16
1 5
8 6
10 14
4 6
10 2 0
8 3
9 4
19 7 0
7 17
17 6
14 5
14 11
4 5
8 14
4 17
10 42 0
1 7
4 7
4 3
7 4
6 5
10 6
1 4
3 4
8 5
8 6
2 6
5 6
4 7
4 9
7 3
4 3
1 3
10 8
2 10
9 1
10 2
6 2
4 3
2 8
8 2
9 1
10 8
5 10
3 9
10 2
2 6
1 3
3 4
6 8
1 3
2 6
8 5
6 2
5 8
4 9
10 6
10 3
8 44 0
1 3
6 5
6 3
2 7
4 2
6 3
7 2
2 4
2 4
7 2
6 1
8 3
7 2
7 2
2 7
7 2
2 7
7 4
5 6
6 5
3 5
8 3
7 4
7 4
2 7
3 5
7 4
2 7
6 1
2 4
6 5
4 7
6 8
7 4
8 1
5 1
7 4
2 7
2 4
4 2
7 2
2 7
7 2
2 6
12 18 0
10 5
3 2
5 10
6 8
6 3
4 7
11 9
6 8
9 5
7 4
9 12
2 7
5 12
11 9
6 8
10 5
9 10
8 9
5 29 0
5 3
5 3
1 4
5 2
5 3
3 2
4 1
4 1
3 2
5 3
4 1
2 5
4 1
4 1
1 4
1 4
2 3
1 4
1 4
5 3
5 2
5 3
5 2
3 5
5 2
5 2
4 1
4 1
4 5
3 44 0
1 3
3 1
3 1
3 1
1 3
3 1
1 3
1 3
1 3
1 3
3 1
3 1
3 1
3 1
3 1
1 3
1 3
3 1
3 1
1 3
1 3
1 3
3 1
3 1
1 3
3 1
3 1
1 3
1 3
3 1
1 3
1 3
1 3
3 1
1 3
1 3
3 1
1 3
3 1
3 1
1 3
1 3
1 3
1 2
3 9 0
1 2
2 1
2 1
2 1
2 1
2 1
1 2
1 2
2 3
10 47 0
10 1
10 6
4 5
10 6
3 1
10 3
5 9
7 8
1 3
4 8
3 6
1 3
1 6
1 6
4 5
7 4
4 9
5 9
4 7
2 7
6 3
4 8
9 8
6 10
4 5
10 1
10 6
8 9
1 6
6 3
9 4
4 2
2 9
6 1
6 1
9 8
8 2
5 7
4 2
7 9
10 3
1 6
3 10
3 6
6 3
2 4
9 1
4 20 0
2 3
2 3
1 4
1 4
4 1
3 2
1 4
4 1
4 1
3 2
3 2
2 3
1 4
4 1
1 4
4 1
1 4
3 2
4 1
3 1
20 17 0
10 17
6 13
17 14
4 12
10 1
17 4
2 13
16 13
17 12
6 9
3 4
11 14
16 2
9 16
15 11
11 3
8 14
16 7 0
7 5
10 11
12 1
16 15
3 8
5 10
4 12
3 43 0
1 2
1 2
1 2
1 2
2 1
2 1
1 2
2 1
2 1
1 2
2 1
2 1
2 1
2 1
2 1
1 2
1 2
1 2
2 1
1 2
2 1
1 2
2 1
1 2
2 1
1 2
2 1
1 2
2 1
1 2
2 1
1 2
1 2
1 2
2 1
2 1
2 1
2 1
2 1
2 1
2 1
2 1
3 1
