597 1000
-7228799 -55211083
42699351 -68916406
-77695569 18500105
8403446 85952841
-50419260 -84580041
68534700 -79567899
-42737576 -65542745
-19130549 73177433
29695164 -2388114
-34367097 -5163711
-38146520 -18154712
-66704464 -75513057
-68212420 -62827219
58781264 -95257151
-88492018 69442038
-33252683 20703859
-95696185 4279183
-24704350 -90553332
-52084129 -73391754
-57971795 -63784542
9163922 -2503389
31953867 -36920733
-63743301 -81057292
16554594 -34660320
-87307669 -81531775
313514 82187498
-93325560 -25454189
64234955 86125413
90868263 -61537979
-39579579 23016218
-3763561 -97623756
59171790 27167739
89130770 53056617
79664864 -13016197
23199261 -62953360
87059615 -25790569
37288699 -67636817
3822254 71529844
-63130477 -73938240
-2953651 -79623152
-97435655 -50438146
76624028 -50123775
-63998363 -38244852
217169 40858983
16391563 -73130101
-18237494 -86846047
40321692 -34855635
-81799019 -59065704
27918099 29452461
-80984537 -49617793
77108002 3633722
88513268 -41408560
-69878717 66913063
-54508815 -7664478
12712370 -33009194
69069023 42537534
-55069879 67793078
-70451775 45693051
39068396 -19068241
60318021 29765395
42919348 -44540042
73120686 -57919473
35531186 35757402
17726225 91321668
-5779763 -36550716
-80400632 89258051
-52150509 -28671762
-61758700 -91887364
52964521 -22029226
97477944 -16267514
-21213618 -34323110
-66530033 -80936672
64756379 23716504
-42835375 -36981808
-54700051 56341137
-35682542 -82517355
-40436828 -59264341
-70990577 -62561857
-18723827 -52389280
11060004 46735648
88510062 75496411
-53175352 83175736
-56195266 -63640448
14330326 37582312
-26168840 96769255
14962507 64324632
83387961 52617542
-23665955 48432474
-36032972 -99339299
57001839 86015033
-96502322 61783341
-44964638 -78680704
-41242561 15577213
63187934 36561149
35813159 40033613
68046386 26764300
9940035 24323220
60682772 -85128967
-95030293 53744769
-96969615 27529461
-8145908 -21199133
-68581591 17992892
18941728 -24757948
28419117 60268817
46283850 82908757
97208460 -14579045
6740251 -97702110
17875103 4760184
-58678668 -81985948
-89435973 -18936964
-39656301 77134492
1457711 78610413
-54002191 -77199904
76544866 -37859517
-57813694 -49032484
29768384 79575251
50084506 34040398
-38201187 -86296845
-73511666 -30973767
4451352 90217930
-24361116 -74711454
-72413564 1659811
-93580005 -65104503
5425912 97977903
31557301 257690
-22607819 15989940
-5399648 91901000
-85298904 -68633745
-6493262 93114524
-55917960 -56237676
-24146063 35693044
22249804 -73633214
-7413696 -74061558
-5035324 84048617
-73217092 71591001
96879548 99416028
53592202 54938155
89833652 -23017654
-25039752 -87471441
12786249 47775927
-36234134 -93482451
98418549 90178431
-25938952 -89117420
-96002896 -34363993
9398331 -79915852
-91706446 595507
79478656 85252269
-36292927 30543358
67108338 24581322
-3827678 58671749
-89395861 93891246
-98654237 -6948131
70034216 64196341
76724900 -56304223
91471704 -2489174
4028375 -10488852
32205941 -44762431
-33879850 54963287
-79400707 -93733012
-73648864 22633617
-24254514 82513988
-79717382 -65355310
-82295589 -44775859
-67678175 -16010309
-57338560 84812749
-68779644 28494147
-25937621 -46734421
-82538081 -67433881
-23738103 -3387043
94123783 -53296819
36214329 -32266400
75487533 -1847842
5631807 20936633
27203621 -5875955
-83242339 26231100
61261450 -93928880
-6767827 -7496853
-99756350 81544068
-34466241 10936584
-4250668 -67434525
-86424016 60711562
-33506497 79486052
-87947830 -12361637
84251320 -16044578
83174966 40830430
-91435970 -69108535
29043623 19389294
-7157711 84051563
-21824393 -12808208
-34060746 -27437727
-21366607 47449631
-7530860 -72799296
-91255229 71865566
-17197850 45229153
-69689010 26794893
-12493546 -68932156
-89446105 -56113026
31525338 53999957
-9528259 -24877571
-84047142 68293020
99184485 -26353294
-54447637 -75483112
-38915187 80744470
-32063739 38394652
-36526713 91776783
91742776 86391879
-86407418 42106680
66488609 36728278
-18042570 -77662647
-98351391 1807121
32874965 12268420
-91328243 -10844937
-56844980 95945224
-28932348 92713458
61006477 33626761
-40210170 39536873
-83429876 -87292676
-54031844 5342193
-3746793 -22345063
21948083 66420781
52812659 59726495
54349537 13690858
2935499 66405241
-58741044 20838145
-24838372 84892929
49677712 -57092435
32062629 -39447044
-43501821 58349469
51062926 -72265989
-86122866 80082194
19619066 64585765
-70190549 26183327
-15958118 36189190
-33639510 -24222392
-57801612 80295090
92537947 88308573
54515793 95011047
-86067351 99403846
72758354 9967654
-5139417 -44808395
50615534 -52080019
8472937 -2945343
7920488 35194525
62928536 -82512522
-49913966 -41016587
-23914460 -70677968
55505360 69705101
58410653 5894992
81672600 -60452759
-27641307 -75228858
-34403923 -23612650
-28601604 17413002
16816848 -27371767
82595887 -14668955
93039013 -10424799
37495182 29972832
-72972512 96170909
31365433 -1515518
68488323 34947976
-53552249 46810331
-71351274 -81425643
88279458 22533292
-19055354 84154086
-23782311 46690110
-76022385 15133608
91520958 48576383
-34010616 42090055
-85281713 -37080647
-99233240 82806232
24897795 -50169463
79803369 -53677865
-57506956 14909340
-86606179 -40652780
-53188442 -73625161
-74298467 81882144
-99543500 -6740690
-31691036 -45649741
-61495656 -58747680
-59541207 -98230028
16903580 14722033
15814778 16952771
-40957175 8424537
71343890 81804163
-82873244 26277476
76108013 -75372988
23465510 42024552
9450254 -91572257
-32225037 -81525084
-55150244 22844075
57242581 14586522
-39637806 -29448711
24901548 -89784556
3984127 28671158
30441130 -84077746
30644287 44442920
13912053 -52655291
-91714392 -1024572
-19220410 72954879
51748717 79629498
-43227128 50422709
44963623 27856729
88800835 80238382
98713299 -45586124
-70225687 -43424202
-76321318 -3920583
-80852932 -60466743
-50251299 -15959124
-34771604 44048616
59970870 53732828
50692111 -51814112
-4469403 43131519
-57893054 -35395837
-9924596 3816205
35962065 75402899
78341971 -58175880
-77802789 -54748701
-21993957 75821956
-69764168 -89001954
20090207 29235704
-74684880 12526508
52059765 43768889
-19673873 -55537812
-58972834 -98191535
-91942344 45554523
93740411 -46485602
-50837720 -88733871
28386655 41787370
-1880063 43785589
71704851 -81537941
12802542 -13401636
84366026 50046821
25868776 87516117
-48969475 -37627932
91607773 -91379030
21147479 -76362906
67405983 -30560745
66417807 -26792757
27532072 248472
-54197006 -92555028
13475734 35589728
46855857 -7940233
-13636501 62638014
6423602 27758874
46220933 84483436
23598162 30644815
-19308365 11539838
51572317 7964187
-77147383 -40923226
20214107 -44880796
-21243702 -85539611
36416008 -58638415
67085192 -53837720
46410752 2833814
62795149 -5382737
-17276647 -55269892
89306238 -23729118
-8574742 -17904428
-90145555 -24330264
12669534 -49634777
81010038 -91408259
20131579 -63732305
96748245 -38298327
73294810 24220258
79339462 -80399139
-13422386 -6491084
87386865 -41904241
56774402 -77006379
25827435 54472056
-50910682 55701516
-47052014 -11377417
-82590172 31812671
-86091758 -57745777
17923959 8835086
59200309 -76237313
-15129209 -16890145
71893913 40210347
-45571618 -42481268
81738990 68642157
-59240620 -72276809
73748470 -86405187
-28309428 27336994
-97153023 61135334
15607389 -19018664
-63317149 28674412
-30186642 -82786931
-98457898 -10369163
84401423 -12776814
-51425366 -32033293
-8270605 54841744
-62048402 -92225057
-99498348 -70883452
-13364719 -37638127
-68995971 -45069966
35169588 -31625730
-18030916 24279773
4133129 8918057
22569754 -93823982
-12842645 6980107
-64345482 -61822858
7906575 76356569
-34012594 57984239
-54792576 9448677
77415385 2905191
-42253065 -6217941
54073365 21661142
50777690 48214896
-89423231 54575017
-37978587 -62587030
58303604 -5902839
-81623067 97191001
58625420 -59727313
-1034932 22510063
-70509831 -18804827
71888679 86122423
62478992 17661050
-24354711 -20204747
89243930 -19017240
83887951 73369076
19667497 -80824324
40836818 -5848752
-57633856 26257224
-19167760 44130871
81543841 -47057087
47040074 42853653
92561016 39847444
-67363507 65417008
40443433 51186436
-67618392 31601562
70240347 -77550036
40111014 -95729714
36581902 32719338
-33781540 -31727335
-58358259 78342195
97517871 2622774
96774022 -86174400
40082825 90871052
35001922 -60859835
-7916922 -26568573
-31198557 16545762
8909569 -8360485
9572885 -38637542
-87451107 94062425
25663986 -49983683
-27533719 -2553135
54233514 48420696
33656396 -34906343
33366323 -9184584
-30842390 99874857
2497630 -72475574
-6133611 19191843
10062894 51788014
-56555458 -66050787
59897004 -54935185
-85873060 88043983
-20316503 -71301554
-9939096 75552872
69615296 89256382
-8210939 55126161
-47426975 47795645
-3783660 64255342
-18134638 -40677099
50138317 -70127265
-17736046 -32251953
47788836 -28187711
-56479505 -62722054
89065961 -58344776
28120801 53583389
-48835433 -67489498
-26929153 -11982196
16716250 17807870
45877104 52754345
42010726 -93222847
-85580324 68008762
15804406 -13683850
3087854 -33007299
26315603 -35462892
46926207 84953216
-47298738 28970282
-46701066 -70809840
18984470 -99509903
-5338315 -3180571
2919180 8050430
93077295 -77217515
63316652 -93399891
76924342 -33851859
-28581152 -19967099
39326417 22801445
43326570 -34054063
52262087 53746094
-26744843 11647338
76184447 -44650060
-7180481 -47912878
-66426233 75627016
-95182825 45520781
98527242 -13127299
-63791508 23801645
-15631563 45705289
68487774 91644035
-49239493 29962094
-51373402 84320788
-35646312 -19798789
-44480981 72561809
-61492255 -43803533
-37541077 98845589
10492926 -56713806
-1363865 35714081
-59682435 39193735
14820750 91455654
89492797 -26108668
-86719605 72154289
48472296 -59463600
86241689 -50511113
-6350715 -14642904
-84680811 -92754176
91566612 96926155
-22872635 16462150
41540322 8436662
64633130 32646384
31491972 80048067
-76665739 -72907948
-84677505 -58015102
-66305005 74486759
-81541226 -44359939
29531393 48515746
20670034 -39532067
1004334 42811789
-55182962 -30857671
54499425 39762385
47008210 90982686
87908840 -77665023
91313490 91091184
-472154 -34963795
-49801049 32853811
65418241 16677338
96285753 81690924
-23807816 -58731136
-84244378 -88391752
19764672 9887179
10919287 -13269241
47198692 -50703936
-55375785 -68410680
731650 719388
-59518227 41957617
32940302 7747437
30082414 87489983
-68902472 73365505
-9081928 73912267
6766077 30625374
-52697289 41117023
75324309 -27815683
13453181 -56411536
7713075 -48483508
-86079966 81725166
-31544076 -72522254
29290173 24839321
56428642 -31829021
68890367 73914389
68388368 9676654
-30059547 -90627861
-50621516 53845032
27210536 -47460770
-73548504 -19523987
-36382251 -81871393
-88238007 85733936
-42081747 63436824
-40458350 87086302
-8880843 -76112204
-41870675 67254725
-52751167 5039191
-70121489 26585249
-52727410 76539006
-97030244 -61176485
-98983469 -83837043
-21948541 71358124
25203156 23473348
76012578 79946307
-39577681 4930054
75575025 -45019564
-59285629 76556431
39993254 87337018
74423319 51148987
-72446854 99534904
-80694010 -34457525
-76901972 -14317529
-35215918 -33445177
-4389808 5492903
44316418 12056673
28219630 -1420052
22454435 97849313
21322660 -41212549
-61266243 173953
-42379631 49851600
-95167965 51672439
28228870 -66804607
-79467590 -54453594
-50788244 20738486
20273390 -52527908
1 65530930 -23235098
1 62447373 92095743
2 11166929 -58854679
1 46638224 -72768546
2 39288127 -93222880
2 57873431 43471004
1 93836679 20024119
2 78811571 32844228
1 -66981820 15159338
2 -34989063 -29938310
2 -78265871 43154913
2 76350306 22359335
1 67905742 49962999
2 -29298516 -50600921
1 49387534 -82882503
2 -6117601 -56508764
2 -64413021 67434826
2 -91419854 8846134
2 36077588 46753908
1 -93952610 55218370
1 51205737 -24634285
1 -52093804 63920821
2 49281412 45042415
1 12718116 -73282234
2 -3220543 -65184046
1 77970867 -69754585
1 52604751 71029949
2 20992947 54321173
1 -43763386 73026855
2 -57339286 -55789207
2 40218393 -94375853
1 73058973 89059476
2 -2094391 -71678266
1 -72407996 81639120
1 89373852 -66016804
2 61865274 -66360606
2 -49923423 40579588
2 -14377997 -90228530
1 -10994401 99357989
1 -13309694 98340119
1 -71414467 -61698582
2 -90668634 -35338828
2 -81017656 -66293354
1 -93266500 30324313
2 -72948531 -24781042
2 33359468 -50605786
2 -61546311 -80213776
1 -51892042 6418441
1 40573923 36359298
1 -77141143 -24300038
1 61855719 29947774
2 23043725 84724131
2 -52988037 -35551342
2 16323010 -91334273
2 -40477792 36017563
1 74318981 -96986685
2 -32325513 40624104
2 74330751 83650348
2 66491023 39173195
2 -33091485 81064251
1 -17025172 -53941146
1 -34154922 -99732017
1 59202787 21428517
1 10304178 13953036
2 -57830640 -223291
1 -70275518 33163035
2 70403528 -43458559
1 73506463 52768207
2 -86049704 -82584509
2 53433054 -10170528
1 45359150 25988867
2 -33387029 80268397
2 63918744 -34450001
1 -95276807 -6539916
2 27040697 82926130
1 -71015017 24148072
2 24416055 -89984476
2 83960405 -5169938
1 -38700540 36135204
1 -64088088 46780945
2 -20056021 55985184
1 -34957013 18152757
2 23437327 2863869
1 20279360 -61450551
2 80895284 37387623
1 15892853 26228776
2 59013536 78770796
2 -55679205 -64977814
1 28482270 22932279
1 58374771 1560351
1 -74291578 8039329
1 70571217 87359755
2 34706179 -97359161
1 38776043 -92952017
1 53828928 -51477999
1 -95492816 -72795683
2 45357075 -13710731
2 89153138 22066535
1 -86867654 -31205599
1 -41301614 61948861
2 40693999 94027631
2 -74685212 -72892399
1 -37870213 -292466
1 -24843824 -30364417
2 71195935 -56871581
2 -96315889 -66469054
1 -26592937 -50579281
1 -47938441 74255328
1 81303311 -91886759
1 -43364757 -56646036
1 -29441718 35132238
1 -78578494 13658790
1 -64274676 -31568281
2 37226120 -36908994
1 -74960134 -51142329
2 -4598336 -51559132
1 -24451530 -81749772
2 17957762 20716452
1 90352036 90194620
1 -14160598 -54369700
1 -20838753 -85935668
2 -36514949 -10476487
1 -36221160 -94915328
2 -86802086 68062973
2 -88583063 -2401487
2 -67269250 -30166843
2 83491947 34491582
1 -97076700 6668619
1 69759625 -80782729
2 20591305 92665783
2 -6376987 -52684146
2 -34433918 -84007032
1 36709420 -78312155
2 -88117535 -63959794
2 34186870 79577818
2 93642150 50238230
1 -60238258 -34135521
2 -29050849 9643564
1 -22293464 3540582
2 -46344543 -15852935
2 -93503416 41639836
1 -23868583 -13613793
2 -54428812 89988532
2 -38277835 31571080
1 24236862 -32152825
2 15163029 -65170168
2 -49177200 -29623762
1 -7935917 -66754527
2 21802043 -59951418
2 -80373600 56462911
1 6701140 -44011088
2 74369754 -34215088
1 75428476 98979245
1 55036189 -54681096
1 29465970 5651375
1 -52708790 -91308355
2 47594215 35962554
2 78467448 75938991
1 7510070 93165403
1 -38987422 -7294025
1 27535807 -15736705
2 -92844105 -71308031
2 14453806 -69125031
2 -29076448 -780022
1 8199252 -11227789
2 97277486 43066315
1 -91148774 -32583246
2 -33604001 71647239
1 -83033858 -63203935
1 42447440 -78567813
1 -69876167 98948475
1 87427392 -57744988
2 -81805998 77718048
2 -76600187 -81588799
2 11117177 78220436
2 15000093 -15587609
1 65620723 -8830654
1 22044316 22155988
2 -78624035 -19925472
2 -78636899 92967868
1 36034182 82091580
2 -50491666 -81359414
1 90287825 97401771
1 -13285802 68420696
2 89852883 -40229670
1 -41281196 -18322000
1 23933013 -27506922
2 -49788874 -1337442
2 17073760 94643378
2 -74619825 26127302
2 -36943945 -19292701
1 71876645 40380268
1 -37463745 -71323223
1 61267669 -6079040
2 -13111173 36428584
2 18520163 82630770
2 -98728644 -24560629
2 25357505 -79455141
1 88965555 91559181
1 -48670490 -87928298
1 46266066 78818438
1 3827878 62564678
1 -38772765 -29800922
2 17358818 -93444634
2 32682668 -69182643
2 11524656 42738994
1 35635624 95738723
2 -75584500 -16598699
1 77322261 98171880
2 34600463 -61800469
2 -79169700 16727451
1 -55316816 5636988
1 26181848 -77898344
2 -33822800 -77442949
1 -65371246 15147402
2 46482202 70023073
1 32587750 80894820
2 3610260 -49689920
1 -43134554 -53668652
2 -22851295 -26514560
1 -31259204 89548115
2 85286837 88673362
2 24591025 -95623580
1 -44935338 -37781301
1 418230 1913285
1 -28842902 89665125
2 -4697888 21248531
2 95866550 68356646
1 90913697 -25999678
2 89147725 14560112
2 -15416815 -21941187
1 -41046368 88146289
2 -61543632 -30312703
2 68535008 -84919746
2 41082058 47838178
1 37386292 -1799924
2 -13126563 -90177147
2 -33284364 75189491
1 -10075447 -36019176
2 -81589529 21780298
1 11445422 90342783
2 64107676 -10432430
2 10440578 -40736103
1 33264219 -87509412
1 27050700 1354274
2 79413088 74928306
2 63074595 -35849753
1 86353908 -9116918
1 58479700 -45952675
1 -98114498 -92594723
1 5605353 -438243
1 61900973 91788157
2 -80505990 -55004848
2 8975976 -71383391
2 50396907 9418563
2 -238655 27386448
1 -30529620 14358692
1 -73861049 16385384
2 28875972 79910958
1 -18734769 -88080468
1 86847839 8443034
1 -74890356 13194681
1 -95922237 -97561205
2 -43513880 -88536449
1 -81131172 -84926175
2 14635582 10887986
1 2676142 76990545
2 -78014304 29052917
1 57669526 22170152
1 -68411286 30961673
1 -41651880 60582796
1 -25058513 83866423
2 251806 27818500
2 60245820 53596801
1 65516333 -18355860
2 90087174 -58488950
1 -92777906 -95119467
2 -92680672 -84803183
1 -20823269 -36183780
2 -21109955 16321812
2 -72790203 50561923
1 27552467 -53958011
2 75094906 82402302
2 4572454 -97945475
2 33016198 32764432
1 45863590 88677531
1 -74939685 -56119320
2 -75784458 -26678561
2 -73081761 77828484
2 -40527377 84461362
2 -21511225 92434572
2 97315106 2076160
1 69789340 -14289131
2 49527089 -42849204
1 73472608 1482434
1 -47955644 -71582867
1 -25540878 -99317596
1 -64398931 -67886815
2 -65832290 2070390
1 -12648816 40173523
1 81367416 -80299729
2 -36419049 -66785227
1 6536212 -41055906
2 -63227423 -12203506
1 24774218 85970814
1 -69078252 48761564
2 3354086 -96737008
1 -11026139 -19246784
1 37904012 25659788
2 -72857779 -8982688
2 19434445 63892983
2 -82908251 31702940
2 63816125 -53590071
2 -99003318 -47307182
1 -54617297 -49499802
1 -29799531 -11652134
2 21562640 -73249881
2 -14305787 86297783
1 26610639 -19384786
1 19102391 74983153
1 23744716 -48615143
2 7164212 50024139
2 -69222646 -20384836
1 -94725048 -51345564
2 39671748 -78802272
1 85090711 -67582827
1 -83363524 11622556
2 -89451153 -97817540
1 -45124722 -67031037
2 -16530839 -88454471
1 -106604 257982
2 79524464 -93814008
1 92483776 -26027602
1 -92896026 17735039
1 45234554 19094414
1 70479271 26206365
2 28746866 21495633
2 -98889204 -22356517
2 78814282 -87959418
2 -66761689 -93614252
1 -8680715 18486029
1 -69891416 -29154616
1 25544207 7955761
2 93441087 -6826205
2 4719324 80419486
2 33193830 -23089752
1 35612603 -42870918
2 31101480 65234656
1 35486057 28096378
1 -52809208 90721818
2 16928182 -19279390
1 -97783758 -29813575
2 -99653730 -1808589
2 10231993 -96672961
2 -37770850 79160552
1 50162944 95986667
2 -33167949 53548435
2 14020558 -67212110
1 25961685 92376258
2 -74687895 59978008
2 -10595382 -69318991
1 40326454 -88977703
1 76256953 -74982780
2 53113599 23944297
1 14666114 11743009
2 -55020018 -47179247
1 75523541 -15889342
2 82302069 -52803776
1 3039626 75869812
2 -92453275 -7465938
1 -11479272 65268777
2 71333574 57709669
2 90497560 -92130859
2 -99754601 37870495
1 -2151498 16459244
2 99656616 -21926133
1 -10903835 87253120
1 -87729661 92499433
1 16443729 -34646883
1 -70387511 -82099700
1 -29278947 -68890158
2 15220500 -25407529
1 74305058 -1239043
1 -25369232 50038932
1 -4910644 -22655316
2 -57386540 -17822507
1 -7596475 -63873554
2 -56004412 -86052967
2 51817528 -17098916
1 -48123310 -3242650
2 74831217 2182392
1 -10564489 4049669
1 -3450899 16443744
2 -65686776 54222214
2 72122514 -34490808
2 -3380966 -36074287
1 91034547 -4640070
2 94120887 -35644104
1 -33088810 65339604
2 -57315713 21268017
1 -44038128 62000546
2 98126993 37814110
1 51761144 -99118241
1 -16217157 -57877420
1 91396293 56095034
1 10793789 88175897
2 44741928 -81256129
1 35187616 -99770701
2 -93032125 -6192609
2 59316583 69500840
1 -14057085 -68393248
2 26966682 8451979
1 72807875 -23022539
1 -5166573 73603931
2 47388310 -60280935
2 -45764027 37517715
1 -24668176 -44133456
1 -43251696 -47637035
1 47001908 -20390670
2 -11779273 93047510
1 81223406 38398200
2 -90341566 99014516
2 -48239823 78481696
2 -27710914 44846050
2 14346889 -41271947
1 -9665195 -15877969
1 92574010 -99710197
2 29783627 -30182151
1 -4061858 65381885
1 -42382688 -75382947
1 -85348870 -4157186
1 51709358 11853285
2 -83267387 42499318
1 -25374990 -91542339
1 -98494829 -83749117
2 -92834554 62845737
2 -85623386 -64755061
2 -86273365 -83176120
2 61669930 18653155
1 77381208 38532084
1 -77345885 28533181
2 81339347 20232375
2 -57433414 -32255513
2 -66873629 11122973
1 88256389 91021091
2 -13136096 43260046
1 7629694 -97092481
1 45406837 -61426739
2 -452714 76878670
1 93129553 -27451791
2 -12089691 1052457
2 88813759 -99705002
1 -30364759 2286923
1 -79059923 -44943244
1 93588841 -16178467
2 -87645287 -49162353
1 -76413616 -31240682
1 36503805 93694060
1 57333395 -33847030
1 -42825940 -77853461
2 -82077053 45589784
2 -98986335 96554327
2 -64872412 78069004
1 54947673 98936865
2 -28514927 34674874
2 -11756307 -99406412
1 -46595051 59395382
1 14198668 -22942549
2 32114208 23040191
2 -93138277 87655108
1 -8990882 78219411
2 -504909 -80783563
2 -34573141 14595502
1 -66735165 -11484742
1 10661797 -24723383
2 -79133600 42955258
2 39509585 81101108
1 59170111 -25603572
2 -26666708 -72846465
1 -85655229 14117784
2 14711372 97334728
1 56730110 2588464
2 -67837723 68116321
2 43672874 23445140
1 11100247 -83207153
1 -52471380 50534598
1 -77732603 -45374273
1 69221230 99540074
1 -11944668 40210619
1 -84512765 -44997573
2 97957685 -48766509
2 -67665402 -63646365
2 10750063 37467269
1 -82862834 91504710
1 58138856 -63400283
2 -66065555 -68518063
2 86586764 25366590
1 45999273 -56819083
2 66626057 -28734596
1 -11941749 -10327853
2 -7276893 30242666
1 84868394 88103235
1 87643308 14990504
1 -44798878 -93394015
1 -38391588 28215002
1 79448494 23204721
2 59558356 -40433904
2 -50450272 -35700546
2 8320526 22824782
1 -88059139 -33313106
2 -1831168 -33540619
1 -55657667 -54124694
1 41572586 -15244405
1 56020999 90341607
2 32530116 60715005
1 -9042329 -3404387
1 37215210 -22230415
2 -54723549 28342427
2 34948412 77374880
2 5589882 477573
2 -23801344 96556824
1 8639282 37554738
1 -98145809 -64242988
2 -88901844 58189010
1 -75124096 10174718
1 -70849539 -24444620
1 73947050 23044736
2 -39683307 -26507205
1 16350764 15519635
2 -23765360 -31145945
1 -82033970 1397242
1 79166827 -80291327
2 48051100 -92302398
1 85072482 -75556723
1 77437213 -17000489
2 32072697 43178726
1 -19266537 -46364131
1 41909244 -59288022
1 98900989 -17412345
2 92762373 -94476238
1 -18920858 -23706745
2 -48145647 -78087167
2 47921991 -44973809
2 -76937811 12171046
1 -66458537 -35727246
1 -81813642 -703171
2 19005502 4023856
1 11721458 97353185
2 -78203539 19572964
1 -97427526 -3206060
2 -60027335 99233675
2 5385906 87161534
1 -72126489 20706129
1 -44189854 -52704851
1 -47181089 -73225501
1 3067754 1088881
1 75518077 33898053
1 -58559393 -92561531
1 19609516 23440068
2 -59770816 -35497204
2 63799625 -94332659
1 9691198 -41584457
2 -44231273 35321489
2 -45105548 -78587345
1 70722958 30081552
2 81831589 9983289
1 -2855178 -89304377
1 83918115 -12782506
2 34512643 77534696
2 -43174442 -7755377
1 93333504 -60152084
1 -73737669 -87590326
1 -80151856 68851580
2 44808010 -32297062
2 32205734 39457660
1 97641364 85037195
1 -4030900 48521721
1 36359572 7332561
2 28745217 51737827
2 34335741 -56229614
2 53753675 51984537
1 62680160 16167329
1 -96615178 3414859
2 -19050445 99114637
1 -8640741 90413828
1 -69738257 37775113
1 -97298851 -15307238
2 6060705 -43475925
1 24227013 -77450707
1 -85476685 -49131286
1 -64094092 8949110
1 9987193 -87835321
1 19497240 31875008
2 36129198 -53653235
2 -9882849 758819
1 -47256644 -29535062
1 -60851370 -3612811
2 0 0
1 0 0
1 0 0
1 0 0
1 0 0
1 0 0
2 0 0
1 0 0
2 0 0
2 0 0
1 0 0
2 0 0
1 0 0
2 0 0
1 0 0
2 0 0
1 0 0
1 0 0
2 0 0
1 0 0
1 0 0
1 0 0
2 0 0
1 0 0
1 0 0
2 0 0
1 0 0
2 0 0
1 0 0
1 0 0
1 0 0
2 0 0
1 0 0
1 0 0
1 0 0
2 0 0
1 0 0
2 0 0
2 0 0
2 0 0
1 0 0
2 0 0
1 0 0
2 0 0
1 0 0
2 0 0
1 0 0
1 0 0
2 0 0
2 0 0
2 0 0
2 0 0
1 0 0
1 0 0
2 0 0
1 0 0
2 0 0
2 0 0
1 0 0
2 0 0
2 0 0
1 0 0
1 0 0
2 0 0
1 0 0
1 0 0
1 0 0
1 0 0
2 0 0
2 0 0
2 0 0
1 0 0
1 0 0
2 0 0
2 0 0
2 0 0
1 0 0
2 0 0
2 0 0
2 0 0
1 0 0
1 0 0
1 0 0
1 0 0
1 0 0
2 0 0
2 0 0
2 0 0
1 0 0
2 0 0
1 0 0
2 0 0
2 0 0
2 0 0
2 0 0
2 0 0
2 0 0
2 0 0
2 0 0
2 0 0
2 0 0
1 0 0
2 0 0
2 0 0
2 0 0
1 0 0
1 0 0
1 0 0
2 0 0
1 0 0
2 0 0
2 0 0
1 0 0
1 0 0
1 0 0
2 0 0
2 0 0
2 0 0
1 0 0
1 0 0
1 0 0
2 0 0
2 0 0
2 0 0
1 0 0
1 0 0
1 0 0
2 0 0
1 0 0
2 0 0
1 0 0
2 0 0
2 0 0
2 0 0
1 0 0
1 0 0
2 0 0
2 0 0
1 0 0
1 0 0
2 0 0
1 0 0
1 0 0
2 0 0
1 0 0
1 0 0
1 0 0
2 0 0
2 0 0
2 0 0
2 0 0
2 0 0
1 0 0
2 0 0
1 0 0
1 0 0
2 0 0
1 0 0
2 0 0
2 0 0
2 0 0
1 0 0
1 0 0
1 0 0
2 0 0
2 0 0
1 0 0
2 0 0
1 0 0
2 0 0
2 0 0
2 0 0
2 0 0
2 0 0
1 0 0
2 0 0
2 0 0
2 0 0
1 0 0
1 0 0
1 0 0
1 0 0
2 0 0
1 0 0
2 0 0
2 0 0
1 0 0
1 0 0
2 0 0
2 0 0
1 0 0
1 0 0
2 0 0
1 0 0
1 0 0
2 0 0
2 0 0
2 0 0
1 0 0
2 0 0
1 0 0
2 0 0
1 0 0
2 0 0
2 0 0
2 0 0
1 0 0
1 0 0
1 0 0
1 0 0
2 0 0
1 0 0
1 0 0
1 0 0
1 0 0
2 0 0
1 0 0
1 0 0
1 0 0
2 0 0
2 0 0
1 0 0
1 0 0
2 0 0
1 0 0
1 0 0
1 0 0
1 0 0
2 0 0
1 0 0
2 0 0
2 0 0
2 0 0
1 0 0
1 0 0
1 0 0
2 0 0
1 0 0
2 0 0
2 0 0
2 0 0
1 0 0
2 0 0
2 0 0
1 0 0
2 0 0
2 0 0
1 0 0
2 0 0
2 0 0
1 0 0
1 0 0
2 0 0
1 0 0
2 0 0
2 0 0
1 0 0
2 0 0
2 0 0
1 0 0
2 0 0
2 0 0
2 0 0
2 0 0
2 0 0
1 0 0
2 0 0
1 0 0
1 0 0
1 0 0
2 0 0
2 0 0
1 0 0
1 0 0
2 0 0
2 0 0
2 0 0
1 0 0
2 0 0
1 0 0
2 0 0
2 0 0
1 0 0
1 0 0
2 0 0
1 0 0
2 0 0
1 0 0
2 0 0
2 0 0
1 0 0
2 0 0
1 0 0
2 0 0
1 0 0
2 0 0
2 0 0
2 0 0
2 0 0
1 0 0
1 0 0
1 0 0
2 0 0
1 0 0
1 0 0
1 0 0
2 0 0
2 0 0
1 0 0
2 0 0
2 0 0
2 0 0
1 0 0
2 0 0
2 0 0
1 0 0
2 0 0
2 0 0
1 0 0
2 0 0
1 0 0
1 0 0
1 0 0
1 0 0
2 0 0
1 0 0
2 0 0
2 0 0
2 0 0
1 0 0
2 0 0
2 0 0
1 0 0
1 0 0
1 0 0
1 0 0
2 0 0
2 0 0
2 0 0
2 0 0
1 0 0
1 0 0
2 0 0
2 0 0
2 0 0
1 0 0
2 0 0
2 0 0
2 0 0
2 0 0
1 0 0
2 0 0
2 0 0
1 0 0
2 0 0
1 0 0
1 0 0
1 0 0
2 0 0
2 0 0
1 0 0
1 0 0
2 0 0
1 0 0
2 0 0
2 0 0
1 0 0
1 0 0
1 0 0
2 0 0
2 0 0
2 0 0
2 0 0
1 0 0
1 0 0
2 0 0
2 0 0
2 0 0
1 0 0
1 0 0
1 0 0
1 0 0
1 0 0
2 0 0
1 0 0
2 0 0
2 0 0
1 0 0
1 0 0
2 0 0
2 0 0
1 0 0
2 0 0
1 0 0
2 0 0
1 0 0
2 0 0
2 0 0
1 0 0
1 0 0
2 0 0
1 0 0
2 0 0
