488 1000
35099159 -9579945
37967329 -28812162
-83972872 11792817
-6787260 61596760
-37489860 61622518
68372800 -82919604
-85948626 19052776
18811478 69549541
82351018 -68160460
-65884797 -15848424
29133834 32759189
33790752 47050374
-15931086 36904458
21327061 44920173
19918355 -43345999
47074056 -35241097
88463104 -44982486
66810331 -14958616
-845494 -95509768
66112750 -39976930
-22896534 61664646
-19282579 87001913
56551453 43671203
-71972895 -47954738
36196838 91418834
24178022 -37857691
-38290955 17847035
7267855 10485136
7921672 45777960
-97568040 -18888722
98386544 -72159974
-17142460 -97977622
-12936238 86849648
91339880 -50332130
62207304 86218269
-99600724 -90031009
96970904 -60689231
-64501665 33633061
85678323 -93961281
97457553 -36474560
78184112 74391523
44754920 74151937
-15362928 -60106843
-61812521 4539137
85650416 -54924894
-27084867 -59380561
-4841820 84036959
-76597032 55772673
-42043094 -65261696
-79043428 -85257153
-22771798 -79835791
11991341 -26127788
-92494728 -25800895
32754187 47489676
-88984884 93183595
-79908521 82728102
-90603600 89199228
-18391253 -82637238
21901899 -5966527
39108579 19796226
-87067973 7552314
44105636 -35459926
-79687253 8090207
42828512 67508604
-65232186 30786016
50950225 -83698554
-9826342 11996016
-61288517 -37058435
-89568759 -2321070
43378887 71465671
54193772 -26037280
-36838053 63470367
80833129 63590173
10140008 44770695
-35433080 2735027
-37196296 1764949
-81178614 -22501052
-61894483 -40574298
-20549332 -60865867
-77563489 80934029
97235476 14218482
-73785503 73386736
-11155337 39925496
-62395574 17442344
-11091986 -724096
73238624 80983313
96970042 -4381852
11724683 -11083066
-66312372 -69680468
85570923 -25618947
-71337635 50770911
-19213779 -51625374
60316691 -52516249
-13382116 18891739
-174233 -60232642
53985841 9054395
34957493 49577605
-10496899 -67283300
50159044 -76197845
75594423 79623890
60607202 -8416580
-60282069 -98650592
-9733658 -89906394
-59586862 51442614
-21659970 76470333
27241244 -74015940
26875049 7002395
54486146 -39456173
79435566 -12808261
26959098 -6379608
-44808851 31777696
33871663 33461301
66178001 90148642
-33532841 -76625237
-44484985 68853408
-39563173 -57938419
-4072647 -31361420
-21267814 52671121
56630098 86193695
-84819610 19145324
97645748 -65029873
41972522 94937997
-44518177 77037159
-35771102 -3541333
-57404579 -12566248
-80788553 -56295642
77165659 -2213430
40451574 -94400528
-18509401 43343659
64713429 -93081268
1496677 37005614
-94355807 -22333381
-69662261 97424030
-63865914 -15623621
-43961934 86967837
-78062037 3830839
-1231165 6200176
-16762666 -83573153
65401877 54250659
-5799227 47466232
-56313048 -92002703
5783867 65928583
71528055 -79147390
-83287368 -53764560
5670536 -46981347
90024268 81426061
11609042 -40316425
9623967 -51815177
32561203 41946782
81430981 45758053
2105255 -58884369
47315807 -44114693
-27687846 -99125911
-92358890 -16930497
-16947902 -62285969
-54288672 1841883
-32229535 26739050
47591661 -95988442
2763361 -8185117
44833536 -83179345
-49236922 -91566104
20633834 87374166
-64441011 62372121
56835265 -69742200
-71467784 -79363446
-38247815 38266245
-53332086 30637471
31511560 -38415646
44653857 18980069
-90789538 91669034
-6489084 -72294046
54445005 7438153
11449711 -86202256
5612627 54553028
-76109955 -33270565
27679694 -49553838
-9663309 -25346877
-10458394 -51686472
-21428672 25895680
46532234 -53623130
-62840522 59619907
-9742623 -91715582
22385135 -16172608
-44676177 -25714700
-34045667 -32961009
-5255054 -35465715
-75511199 -88018389
-74220645 1706313
8775703 88454875
-44815691 83908345
-13129130 32665748
-92681130 82864004
-68822469 77207561
55619603 -3139523
95753710 62265222
21885129 2151836
62952617 -67086813
69256943 -35341132
91460531 -14662249
52376742 -22902872
41631414 -42585137
21912838 -361950
-46139275 -81363423
-92908549 -99791445
84116901 62636428
-4697825 -37724239
-54860236 23504133
711693 2621046
-48002115 28833658
-8901121 -43668705
-89000507 267957
33181145 -34499630
30159239 73952110
11806223 54954450
-67948423 21619769
-68449005 16699327
-31146260 -73800647
-55164070 -94019805
-93811250 22714465
-14649107 4443745
66719506 -57177987
66326146 80653068
35790476 -35624368
-54274348 19554201
-71598142 87788361
-11943682 36824531
-45158736 -60598649
-34130177 -26246175
-18775363 -62483135
59136634 -69807592
46891736 13276214
91991931 -56796009
1700549 -84254525
38459940 -10655777
93787968 7889300
-96772325 -76189168
-43019737 60507473
-22600533 -77929816
41624385 92770739
-66924538 23125119
12466013 -77457394
-38056043 73648143
-81670 67307277
-95175859 80330144
-89477449 81142967
46935543 -83522863
12197492 -90069351
-74323876 38927473
-71728304 -86101960
74303703 -83347573
-7020378 -77940337
-64916501 -69952259
-47882075 49959885
42730624 64999329
-11875552 -53741328
-31198722 75806086
-98029410 -46893177
-79585901 83261599
-83891896 1888920
-16968114 -22245397
-5768260 -73369345
-10922332 -17516209
-78588736 -93570769
-27156365 14753792
83922582 2199323
24258986 -52852663
-22804922 -23097796
-73137912 -88141153
76858177 81829366
-71911962 -77890926
-49568478 17498987
70605810 49405679
85183640 -47597888
54291032 -56463729
21290874 -98708257
-19561238 -10160720
72323072 -84477387
-25531792 69516430
36786584 -53749302
48450021 47311843
-53024458 20709166
-49872268 25225369
37084217 24170621
58516349 -23010180
-901105 66458756
-16042258 86604387
36010066 -97953221
-45551108 7079914
50616185 73710068
75001812 -38743714
51095567 -28092942
39946034 -44559427
-22526635 75935001
-77814302 -85585759
-85757554 -85740052
87485477 70635719
-4138913 13734352
-9578665 -62386792
14603029 -14538334
4436784 -51062317
-64457930 -33781714
20781428 88394526
47990802 -75931502
97778566 75230320
-63513394 -1393014
-76969594 -74703261
33253675 -59901465
-31450102 62976441
-70092956 -89272961
-75013012 -9264404
13887677 -55850509
57883843 -35011173
2602036 -37734874
47726793 -51694823
49759223 -30278573
35939713 -47836424
-6925535 85301293
-38113847 9237503
-15532177 -6418371
92188616 12181082
37477821 73470792
-33914311 -84780979
-69288176 -29268504
33974898 34635587
-22112455 -39381131
57284723 58961886
-76049287 91775222
-45959653 67684928
-31493533 79069112
-51209462 -45716498
58963442 -81734311
-96433018 -62753387
46484116 4554269
98135898 17969498
-69849421 -16531699
-43060908 90324513
-41940103 -79855237
43392622 75541144
10176730 -11228279
-98093048 -22632481
-11154232 88064275
-67644142 59191675
26876602 65312844
44381955 -13603794
93196071 95383069
-86351242 93172493
-17064532 52159512
-43286220 -30267897
87701601 -70580417
12887885 7366041
-2309447 -29631457
43029669 -77656661
97884484 -91733188
49554897 -13577710
-83693829 8061213
48641851 51461849
10653524 5151939
22981145 80997709
19910277 -62469875
-67086806 -32636901
13051954 65622711
17782222 -921685
68810418 95987422
-22076632 -72987635
34378406 -90971620
31913286 90811253
-86845409 -15414679
45368497 -25057046
-86118394 -36444563
-75866987 -5076607
-53614759 -69812222
87856080 72774864
-93711066 57038765
-52914747 10837225
-69283314 78715575
44338285 32514810
-68406876 43768641
92272425 14636869
41649234 -99596459
-38051716 -29804208
13523407 28544002
-34354314 93861571
21320887 79194362
-57250202 -88985818
5937575 35202494
-82093366 -33117189
-7825963 52322816
61877944 -41720924
69116301 -1537028
-22821454 -91036804
41478006 -47650650
-51365647 -78483170
36153699 -74412508
-21492604 -59093223
63618933 30319296
11379660 40455680
34317250 29658702
8853063 77025346
88039528 8154500
-56643007 51602862
-28997965 -6022898
-1183719 -38736373
19542703 63176073
-38360956 -39305776
22173783 41175367
-53958921 91333953
-34632855 16168151
41755643 -5324568
88098572 -45962794
-63127136 -79736962
-86764920 -95766134
33892569 48252525
25277870 -99931307
8223193 -57254369
-53135145 13317398
-40189138 -95903452
17876538 17866891
-18957037 58627143
-28162271 -10064397
-68889031 95198370
-60951316 94011512
62696025 -22847952
-75656158 4415829
-89030603 56968030
-70252570 -87557586
-83323720 -52157738
96094787 -57017489
-56948796 -96914789
-54169157 21372656
-12793584 -96209241
-92112693 45212061
-36921049 47017279
58160784 25763845
-84300553 96638277
-55646992 -70001487
-23473613 -673220
-71004810 -16598308
-59666117 -8261225
-51293196 -46660967
18297810 -48696719
-854457 -21545765
21436746 87490453
90575665 -4759671
-30870653 -82995688
-26688566 -11077130
-65865070 -91147874
-91614233 -18801259
-40521052 49730245
98884884 66546551
-50938574 -24821605
-72978463 -4245745
-68327691 78104177
-30157049 -43983272
61872124 -27993807
23309474 18549755
97003990 32686296
20176748 -25028621
-77271930 70957098
-59522228 63268775
-47808356 44373780
53225906 13789206
94987947 38842938
-11426818 61611673
80674587 6983257
-65321985 39974428
-64271318 -70263988
-92159812 -38300448
70232643 -32599008
39407185 30199502
-51250743 84621129
17307424 15233021
-57279238 -1730391
-30773293 -9999465
5785672 17965195
-37661026 9704479
-23989952 -89506321
49336617 -31918757
-70307085 23514357
-69502386 -9573839
-69599412 -37116136
-7380123 -34824371
79391544 18645634
86046626 52976428
-16824070 49624187
86761678 77970173
45719556 84441550
-17288842 56585465
-897638 -59043320
1 58921875 -95545773
1 66675070 -95111967
2 -84618288 -78739152
1 -10657909 -57314883
2 -81284164 64718329
2 -44855511 71551370
1 -65564767 -50786550
2 66905442 38061441
2 -43292926 79571473
1 85064264 46296986
2 48437535 -4729938
2 -26759766 20756556
1 5198105 35199212
2 -8215324 -28523848
2 12432832 -59574375
2 -2603784 90887038
1 -51708566 -28645294
2 45131917 -35928715
2 59272765 -36326854
1 -19092162 -13009629
1 -41458260 77988601
2 -20281586 36052327
1 26630130 45493336
1 77581172 -53376145
2 92920841 83337204
2 -21392735 62645435
2 -16598010 93874738
2 29073950 -95636139
2 -24159987 -58883543
2 -18457918 -26625012
1 16778389 88272845
2 12143913 78938298
2 -4474055 65069823
2 -18740669 -42724170
2 44266201 7315072
2 37820036 62167169
1 50735859 -44675697
1 -46665999 -82461551
1 16678667 -22634012
2 13219555 -69084828
1 -53923031 62115871
2 55990608 -55656818
1 1223407 81995322
2 -76888222 -14935443
1 -89044092 77063420
1 -82147373 4653861
1 36108521 27734297
2 45320482 82512903
2 -60211268 -15849171
1 91465901 -73420188
2 -58736656 -63428705
1 44411961 29285936
2 99340748 91999203
2 21881553 97745963
1 -18822503 16019415
2 30651648 -12382530
1 31960653 27254467
2 61766151 -13357745
1 -75776825 -14299578
2 -37236159 84877930
1 42048153 -64820917
1 -84570258 33132831
1 68162097 -21843327
1 -85176136 -86733414
1 -7637239 -39532809
1 -2961513 -93710235
2 88092064 33626105
1 78141670 -6033190
1 44229135 -60050826
2 -91515049 23223
1 87640693 -74593368
1 -94822539 39136599
1 -74221147 72117708
1 -42181871 66943612
2 -95662097 -49997972
2 37697474 73098334
1 58747527 46386056
1 -22940908 -94356422
1 -81089836 26909623
1 87376815 -8117044
1 50689084 11272926
2 -2584607 36931664
1 -69101527 38781148
2 -68753316 -24442937
1 75580286 75127609
1 -46949397 -60268365
1 -68615404 -84262660
1 -59628589 -41771936
2 -22311962 9679812
2 59681841 -1810460
2 23804236 -17974058
1 -19071640 49895677
2 55539256 -17448237
2 -38022252 57987452
1 -50129592 74449420
2 38238708 -50645438
2 86286226 -99440509
2 91857002 -64345899
1 11211164 -30298938
2 -55171330 -76896315
1 15351683 39307812
1 55045152 -2120727
1 -91376301 46736279
1 -43583909 95416563
1 46122466 38828100
2 -26629596 -31385706
2 -28973667 -30073299
2 -95005174 54298765
2 12286216 -73434412
2 -46468629 -33027425
2 16327137 -85327014
2 -84767522 91770079
1 -72575821 55129726
2 -75169213 -40394158
2 -17290472 38635343
1 30459517 22175820
2 -27428545 -49422427
2 -50169785 -14495331
1 33437594 33711517
1 -27460384 58762669
1 -72623038 32076422
2 -45480514 98426384
1 52725148 -1596705
1 77485247 -40485688
2 79003250 -34988637
1 -20315650 -68983383
2 -77213305 47846750
1 55492838 47433191
2 -92960968 2727238
2 -6121057 -67160013
1 55015807 42264923
2 92842497 -75661540
2 62359492 -19896376
1 -86184860 -57327289
1 -46048258 48313448
1 -19610130 38871119
2 37297502 -18671296
2 -67751639 87425719
2 -543607 42539012
2 -92449625 -37750030
2 -6733413 -21540357
1 -73693608 39751088
1 -12815722 68569646
2 23813246 81799230
2 -85360784 46739673
2 -10995404 -82307812
1 -57969352 -77828615
1 2275009 34363455
2 -70447472 -43093498
1 -94780050 68606512
1 59993993 -16495730
2 -82650664 38126183
1 25551901 49807858
2 44863232 2114060
2 64364031 -74991707
2 3467936 -95070031
2 44681057 10146980
2 31232988 82290691
2 -83393718 -15618303
2 -16362267 -44953767
1 -27261578 -16238139
2 5933246 72642329
1 59522146 67285433
1 -75808065 -39275383
2 -18152509 89074674
1 25095306 -70588115
1 67538068 -5642153
2 -3317933 42444642
1 -55441299 -6910032
2 70614624 -58454702
1 -53524732 -38560906
2 71586075 -25917440
2 8889613 91156325
1 28054385 55335425
1 -89618342 25495896
1 -90742244 -88307883
1 -63149192 -16879920
1 -49594488 67707366
1 -19051655 96372954
2 -62036011 27113810
2 56525695 62795837
1 9670046 63059295
1 58020299 76580125
2 -30329908 -93647888
2 -52102590 -44904638
1 69050820 -7198921
1 66883639 -5627322
2 38045366 40636894
2 48488681 28289614
2 -46214491 18616113
1 30308230 58870339
2 -5493219 15559629
2 -16733006 -80324600
1 -31435284 97428657
2 24542466 64215339
1 79527538 6528705
2 22104362 -18931839
2 10164648 -10802417
2 -4450305 32641023
2 87736385 -67648897
1 25152182 95963469
2 42852509 56787204
1 49940460 -7964180
2 -79674567 -19102126
1 -47969651 -1570859
1 9815842 26627306
2 -57813066 -65145059
1 -45469659 -95677377
2 -98248721 77970291
2 42185629 23095057
2 -17859876 26293745
1 -40121732 74229530
1 -36572888 -95755515
2 36885508 70042917
2 -97605981 -88506830
2 -92543362 77138256
2 86441822 27546201
2 -27901617 50309147
1 -16276616 88898645
1 -12672215 44940179
1 24083847 35753733
1 70608675 -50340011
1 -46017388 66270781
2 96757434 -22344622
2 -99249565 8250254
2 -65456001 91459426
1 65688955 -17109441
1 39651408 46938630
2 16981546 -18367571
2 -6874401 -23463085
2 6191533 71891928
2 51954491 582237
2 3407747 -7366645
2 -18468001 -75947127
2 -78490585 87131131
2 22884863 -78623854
2 -28963865 45593262
1 64380406 46009900
2 -76334722 77535111
1 -14214636 61137839
1 52597264 -23067924
1 59822635 72845726
1 19784356 70802581
1 -47564990 -525958
2 -71472680 -10717736
2 13690555 45560609
2 -1340791 34718853
2 -20131430 -34354955
1 42214282 -97933045
1 89198086 61400569
2 -64706923 63723697
2 61833321 64599311
1 10609211 58845576
2 36380686 26213726
1 39867928 86790852
2 -36277073 -77833951
2 -52471862 44981554
1 15784135 -23938076
2 75535967 67312494
1 9111120 68219145
1 13779753 -43420351
1 91298502 -77198326
2 -11553280 -87561039
2 -32977721 -28832928
2 -14915997 -16822636
1 -582577 -43779636
1 -79180325 20377081
2 -20777344 -38749257
2 -60019168 83945249
2 -76747538 -31880296
2 42802116 79848760
2 24830313 -13024611
2 63037313 90330254
1 57642747 -59385553
2 -38650046 91089642
1 -52330710 -33246133
2 -10444459 -72353930
1 -7398606 -8515845
2 62651227 -69481377
1 13695987 59623674
1 -84155963 251592
2 -26854965 -86886591
2 26880516 -10819925
2 25641686 -95115947
1 -26996243 66861348
2 99226470 48894148
1 -11614101 -84194127
2 -93863874 24056782
1 -82812408 -48576788
1 -4970784 -83704764
2 35565466 31053909
1 58699979 42698507
1 -65817339 -22362631
2 8155993 -48698627
2 -36558591 -50649750
1 49601842 -25631658
2 39998115 -20714554
2 -79018116 -24736760
2 -19852707 -33121370
1 -13743660 46623570
1 48034081 53151051
1 68956924 -14517191
2 -37944047 -63580021
2 40359554 -72390588
1 -56095352 31759908
1 -37186183 -64611230
2 -69396361 -68013524
1 9623846 -25969842
2 77847894 17302663
2 66652913 -82220162
1 44664543 -58710698
2 73091112 68771117
1 -55965644 -15337343
2 -95942351 94072996
1 93212928 24181650
1 29849063 42830352
1 -71686840 93763371
2 -69816650 51322349
1 78931761 42885477
1 27161747 -76940734
2 10964399 -24647228
2 7339248 -57508074
1 16522085 41568038
2 -41129300 -83036907
1 -12740706 46886341
2 88175644 -21960025
2 -672545 -15559800
1 -78380781 -86216883
1 -39627525 95878174
1 72576186 -74323131
1 68507221 -46414598
1 -52651227 2425248
2 -46252404 -50663256
1 -55261417 30048486
2 53107752 -14804280
2 60548492 71900330
1 -85607744 -35927849
2 -41843449 20404102
2 37367196 83430704
2 30317044 69543615
1 99952 -22857148
2 61583052 71009050
2 84792167 -48056231
1 -52178057 83202272
1 -38604497 -54835359
2 51266407 -27085509
1 75339740 -70097277
2 31755830 -48868458
1 81180028 -18396302
1 66799418 -70989225
2 -99088895 86804142
2 3392655 79864272
1 268374 -32180276
1 -48749573 -85934431
2 83609184 -9848068
1 67294784 81567471
2 52576521 -16290865
1 35652905 28877836
1 64596470 89885050
1 -64950309 -64008790
2 8905701 -74008028
2 8411058 -61167540
1 -10035998 36761803
1 -81634499 -59833112
2 -30822337 23660392
1 62980896 -62318719
2 -29938084 22605131
2 90424855 -33626449
2 -19560880 70330290
2 12998584 -58324719
2 -24240885 16564666
2 -47209837 -19706633
1 -38312435 -19148002
1 -29262953 -59040570
2 -23049360 -73715966
2 4792369 58303101
2 97135561 -61627296
2 75134507 -86796573
1 5886678 -12900438
1 -36723684 -53983630
1 -16302348 -72419297
2 50185835 -73742788
2 -7369237 53759568
1 76606220 40610689
2 -65197667 -74413755
1 94667274 -10395197
1 -77585468 10561448
2 -56070192 -52542564
2 -11583133 36618461
2 -84581143 14666855
2 25486319 -82116131
1 -43743427 20211227
1 33414654 22621879
2 -37762196 -68608920
1 -22592550 -8182306
2 19398397 25514120
2 51771332 -86378536
2 -80102606 -30415769
1 -37288717 -3081543
1 75021065 96503614
1 38624779 -2486384
2 -39408574 69688338
2 -30337863 -86444326
2 50174135 4521234
2 -28295549 58079004
1 75962873 -81890646
1 38320581 97190770
2 19812649 -67780554
1 16126889 24251597
1 -83930710 -65433185
2 60080935 93534339
1 -92844197 35467688
2 -42431719 64368630
1 13803449 -20430440
1 -23926826 20279564
2 -29690458 41340877
2 11029214 -32785685
1 -19230011 30900968
1 -64577799 80691351
1 91286717 -16539514
2 54086204 7126653
2 56833785 67249590
1 -48014602 44923147
2 -30825256 -23353567
1 11213248 68112287
1 -85837013 37760397
1 25744447 23810546
1 40695538 -26164847
2 53404714 -64170909
2 56108655 -45501014
1 95839863 -70522113
1 49208565 -73581803
1 -90164473 59385440
1 92593153 -17505083
2 65955403 -54742271
1 -95099256 -63603768
1 -96354179 20041606
2 -35035247 61734529
2 -9102675 8147582
1 -23740132 86655860
2 76932619 -45373065
1 -69046157 -9577145
1 64258009 55193429
1 91022520 71649381
1 -21335270 17662722
1 99656972 99647537
2 -21417904 27020955
2 -13593606 -98618102
2 -16123185 -11582376
2 86191716 31515910
2 67912142 -50167782
1 -77609814 -56391178
1 -42140287 -75925675
2 84738270 39871302
1 79043524 -98726600
2 -44099664 -39001863
2 -96062646 -91507495
1 63685934 -13145821
2 11019923 -79288275
2 90890810 -92775185
2 -40611286 89684653
2 16705607 -56935857
2 -55553958 37970811
1 -21095203 -44371636
2 -60339364 28322857
1 -69328563 17612875
1 -86261941 -39910860
1 36679828 5577987
2 -54550712 -28402228
2 -27128827 21418097
1 -65067404 -22990825
1 -14498320 81287872
2 20658413 -61130050
2 12098039 -50812387
1 8928791 -68321665
2 -26120650 55505211
2 98569355 -79166133
1 -88678960 -56898680
2 51246047 -4468241
1 -76145385 -9774163
2 -39644926 90906683
1 -49004178 7042416
2 -87379598 -25906867
1 45690906 -59807988
1 61610109 10586053
2 87595228 -28921559
2 4882675 96542705
2 -64587346 -26903093
2 0 0
1 0 0
1 0 0
2 0 0
2 0 0
2 0 0
2 0 0
2 0 0
2 0 0
2 0 0
2 0 0
1 0 0
1 0 0
2 0 0
1 0 0
2 0 0
1 0 0
2 0 0
1 0 0
1 0 0
2 0 0
2 0 0
1 0 0
1 0 0
1 0 0
2 0 0
1 0 0
1 0 0
1 0 0
2 0 0
2 0 0
1 0 0
2 0 0
1 0 0
2 0 0
2 0 0
2 0 0
1 0 0
1 0 0
2 0 0
2 0 0
2 0 0
2 0 0
2 0 0
1 0 0
1 0 0
1 0 0
2 0 0
2 0 0
1 0 0
2 0 0
1 0 0
1 0 0
2 0 0
1 0 0
1 0 0
2 0 0
2 0 0
1 0 0
2 0 0
1 0 0
2 0 0
2 0 0
1 0 0
2 0 0
1 0 0
2 0 0
2 0 0
1 0 0
2 0 0
1 0 0
2 0 0
1 0 0
2 0 0
1 0 0
1 0 0
2 0 0
1 0 0
2 0 0
1 0 0
2 0 0
1 0 0
1 0 0
2 0 0
1 0 0
2 0 0
2 0 0
2 0 0
1 0 0
2 0 0
1 0 0
1 0 0
1 0 0
1 0 0
1 0 0
1 0 0
1 0 0
2 0 0
2 0 0
2 0 0
1 0 0
2 0 0
1 0 0
1 0 0
1 0 0
2 0 0
2 0 0
1 0 0
2 0 0
1 0 0
1 0 0
1 0 0
2 0 0
2 0 0
2 0 0
2 0 0
1 0 0
1 0 0
1 0 0
1 0 0
2 0 0
1 0 0
1 0 0
1 0 0
1 0 0
2 0 0
1 0 0
2 0 0
1 0 0
2 0 0
1 0 0
2 0 0
1 0 0
1 0 0
2 0 0
1 0 0
2 0 0
1 0 0
1 0 0
2 0 0
2 0 0
2 0 0
2 0 0
1 0 0
1 0 0
2 0 0
2 0 0
1 0 0
2 0 0
2 0 0
1 0 0
2 0 0
2 0 0
1 0 0
2 0 0
1 0 0
2 0 0
2 0 0
2 0 0
1 0 0
1 0 0
2 0 0
2 0 0
1 0 0
2 0 0
1 0 0
1 0 0
2 0 0
2 0 0
2 0 0
1 0 0
1 0 0
1 0 0
2 0 0
1 0 0
1 0 0
1 0 0
2 0 0
1 0 0
1 0 0
1 0 0
1 0 0
2 0 0
2 0 0
1 0 0
1 0 0
2 0 0
1 0 0
2 0 0
1 0 0
1 0 0
2 0 0
2 0 0
2 0 0
2 0 0
2 0 0
2 0 0
2 0 0
1 0 0
1 0 0
1 0 0
1 0 0
1 0 0
1 0 0
2 0 0
1 0 0
1 0 0
1 0 0
2 0 0
1 0 0
1 0 0
2 0 0
1 0 0
2 0 0
2 0 0
2 0 0
2 0 0
1 0 0
2 0 0
1 0 0
2 0 0
2 0 0
2 0 0
1 0 0
1 0 0
1 0 0
2 0 0
2 0 0
2 0 0
2 0 0
1 0 0
1 0 0
2 0 0
1 0 0
1 0 0
2 0 0
2 0 0
2 0 0
2 0 0
1 0 0
2 0 0
2 0 0
1 0 0
1 0 0
1 0 0
2 0 0
2 0 0
2 0 0
2 0 0
1 0 0
2 0 0
1 0 0
2 0 0
1 0 0
2 0 0
2 0 0
1 0 0
1 0 0
1 0 0
2 0 0
1 0 0
1 0 0
2 0 0
2 0 0
2 0 0
1 0 0
1 0 0
1 0 0
2 0 0
2 0 0
1 0 0
1 0 0
1 0 0
1 0 0
1 0 0
1 0 0
2 0 0
2 0 0
2 0 0
2 0 0
2 0 0
1 0 0
2 0 0
1 0 0
1 0 0
1 0 0
2 0 0
1 0 0
2 0 0
1 0 0
1 0 0
2 0 0
1 0 0
2 0 0
1 0 0
2 0 0
2 0 0
2 0 0
2 0 0
1 0 0
1 0 0
1 0 0
2 0 0
2 0 0
1 0 0
2 0 0
2 0 0
1 0 0
2 0 0
2 0 0
2 0 0
1 0 0
2 0 0
1 0 0
2 0 0
1 0 0
2 0 0
1 0 0
1 0 0
1 0 0
1 0 0
1 0 0
2 0 0
2 0 0
1 0 0
2 0 0
1 0 0
2 0 0
1 0 0
1 0 0
1 0 0
2 0 0
1 0 0
2 0 0
1 0 0
1 0 0
1 0 0
2 0 0
1 0 0
2 0 0
1 0 0
2 0 0
1 0 0
1 0 0
1 0 0
2 0 0
1 0 0
2 0 0
2 0 0
1 0 0
2 0 0
1 0 0
2 0 0
1 0 0
2 0 0
2 0 0
2 0 0
2 0 0
1 0 0
1 0 0
2 0 0
1 0 0
2 0 0
2 0 0
2 0 0
2 0 0
1 0 0
1 0 0
1 0 0
1 0 0
2 0 0
2 0 0
1 0 0
2 0 0
2 0 0
1 0 0
1 0 0
2 0 0
2 0 0
1 0 0
2 0 0
1 0 0
1 0 0
1 0 0
1 0 0
2 0 0
2 0 0
2 0 0
1 0 0
1 0 0
2 0 0
1 0 0
1 0 0
1 0 0
2 0 0
1 0 0
2 0 0
2 0 0
1 0 0
1 0 0
1 0 0
2 0 0
2 0 0
1 0 0
2 0 0
1 0 0
1 0 0
2 0 0
2 0 0
2 0 0
2 0 0
1 0 0
2 0 0
2 0 0
2 0 0
2 0 0
1 0 0
1 0 0
1 0 0
2 0 0
1 0 0
1 0 0
2 0 0
2 0 0
1 0 0
1 0 0
2 0 0
1 0 0
1 0 0
2 0 0
1 0 0
1 0 0
1 0 0
2 0 0
1 0 0
2 0 0
2 0 0
1 0 0
2 0 0
1 0 0
2 0 0
1 0 0
1 0 0
1 0 0
1 0 0
2 0 0
2 0 0
1 0 0
1 0 0
2 0 0
2 0 0
1 0 0
2 0 0
1 0 0
2 0 0
1 0 0
2 0 0
1 0 0
1 0 0
2 0 0
2 0 0
1 0 0
2 0 0
1 0 0
2 0 0
2 0 0
2 0 0
1 0 0
2 0 0
1 0 0
1 0 0
1 0 0
2 0 0
1 0 0
1 0 0
2 0 0
1 0 0
2 0 0
2 0 0
1 0 0
1 0 0
2 0 0
1 0 0
1 0 0
2 0 0
1 0 0
1 0 0
1 0 0
1 0 0
1 0 0
2 0 0
1 0 0
1 0 0
1 0 0
1 0 0
2 0 0
2 0 0
2 0 0
2 0 0
1 0 0
1 0 0
2 0 0
1 0 0
2 0 0
2 0 0
1 0 0
1 0 0
2 0 0
2 0 0
2 0 0
2 0 0
1 0 0
