1000 1000
-27900961 -61553176
95253355 -30357339
-32923136 -51790098
71463775 -50834915
3703480 47397376
-69891354 63957070
-71015169 98165896
84681886 -97737194
-3390820 76759688
-98355196 522631
-59830295 47910609
-13853575 -74080055
1203577 32172005
-50232433 78379875
52090020 -99008245
-60561421 91647728
13806752 -75810942
24915324 -12791703
36373382 80883616
80797355 48895461
12852530 -59923138
-9240880 -89094000
-34314831 94353724
71113411 -24558995
-71520002 -85189289
62721321 -74725423
-48805478 -31350296
-46661929 1384108
32280346 -95085539
-94093783 3105639
47269729 -15629635
61075787 -54655204
32553093 -38923520
-58039904 -14008890
-65113430 -31073525
61519700 -24726187
-13820187 -99744537
94609187 -47721181
27719825 -95618656
-80807944 -81761040
-56486463 -91283815
-22634111 -65570261
88330210 47224423
52138884 30703961
-13674038 20610555
-95019080 58045101
-44093740 -66404310
47188534 66056707
4564179 -59024285
9902190 -58335008
16938805 91967112
-55261063 23938252
76217072 -44365020
-39983676 -60651876
10103447 56453259
65169444 -20791620
66154482 -93866654
53357769 -4948304
-21727981 54484692
-24904754 5496653
16058116 -82885657
3226396 32592529
-1350765 71964376
-34543546 -49585071
-7920079 -44270224
213251 75358644
51813259 -90981275
17170068 44952188
-63183326 80546693
89516314 77186393
8911135 46920121
53053468 -92797881
2253815 -24934383
-17933329 6411236
-35575749 -66957804
-49843461 57161917
42270809 -67001270
-42520532 53382936
-43685773 -59079957
49166183 22935922
50810929 48394149
-90070764 -50620567
94331621 2624187
-16829121 27099305
56802060 -68851705
-69415222 -27312808
-20110689 -34286806
93295174 83638246
42565845 -65340511
-32298315 -24638156
-14959876 -40493542
-7494812 70374588
76273886 -72689068
20747338 49984657
25436941 -67411888
-66501377 22429883
71809316 -23752131
78872056 -56572140
-76956473 -81342701
-50194406 14559297
87246489 79845587
-54441220 -19609628
16544981 19652163
-93171986 -8629683
-80751477 11627188
71133646 27046062
-2579351 4288647
84115942 -36361166
-33860147 26210897
-88684628 57379643
-20190475 91576794
20341026 -55186005
40758218 4135204
22792503 -786919
-86227622 63801745
43647331 -74885541
58021194 -46464771
-74296246 -58277526
85609154 -25433826
86193362 -67468232
59577831 -95142324
61662687 -90156630
25998567 9514842
-64274261 45778628
55674633 -55345218
-63768425 -52958889
44371469 -64515842
39619362 56572601
8302045 -14870313
-51068569 14928227
40042686 74590786
-19357623 -54904875
-13182401 -1936121
-74853584 6346132
91394263 -27573248
29800791 -36143860
26215873 -96511545
13003298 -8536523
-10241532 -47785561
-3130779 -98754601
802873 -54566900
33433621 85617160
94706123 -54825659
30304028 -26947018
-59502429 3008167
30115315 79235460
-75669416 80540257
31120499 -89242308
69620187 63664546
-11392340 -91216723
25155780 -86469189
-82980733 -29075187
62388291 -48628347
3586092 30022565
31267964 -47853242
50096221 -47028324
-61411165 -67929164
29761540 -16470158
-90900814 -66705043
36303125 -39934432
-8182610 -50403242
-69862986 18934802
29692494 16147974
32328882 -86226125
-24926485 51829043
65359855 -26547096
44377717 -99770705
-48399052 82379122
64918049 59282370
-88570873 -92296598
-39324922 48702375
-66710427 61525349
-54944810 -736087
85075234 63051113
-76883320 -45845624
56267497 73894721
-7170478 14934070
-16401594 86404512
-47305251 -24961621
-73132579 -31556350
41896554 27768265
80513923 -55256362
-72877241 38790634
-1926997 -67885130
-7665365 92040808
40743182 62018494
76060205 -94473924
4789989 74032755
37083868 -26368243
27786133 -10134778
16276305 -87283090
27650981 36569993
22974504 -90894173
-15855794 -36234251
32209400 -71814385
-91529758 63527990
-91728372 26622316
-34587051 88984165
-26384603 -12089250
-20048442 -83997685
78020809 65950033
71476109 -26788898
-239780 54081013
-72287231 28782460
-28835955 -10639550
54593723 -91984736
44585257 87440350
-50937461 -17755297
98526816 20076123
-99221899 33206745
-3265265 30736215
-42641470 -90751657
98232509 57522726
-54566525 75287843
91290158 -28152095
-9685700 77901396
-48887502 -78172672
75908341 -38209592
-56910769 -96610920
45265893 -43862528
-35847264 66769639
54209988 -140385
-65379319 -38745644
-66153159 -96727473
88995635 -66852504
63883711 -65375058
-56126714 38246732
-4230543 -26241397
1562808 -57894206
66470062 41202933
19104328 -7147035
14680293 -43215638
71091133 -77266812
-21361369 43104996
99242468 -85819637
80950002 -76095477
76280502 15911567
77165923 87676353
-56534758 -89098818
-3434959 -88987237
-1845931 -67539124
70707609 -39551249
86723717 42027355
-63350489 18993428
12712723 -11713475
-66344148 -96880428
-40096066 -15666586
59582965 -99147492
43957504 -69004933
-2308207 -61778404
14642482 95716335
64144264 31158158
18834510 -9077017
54340528 93826549
-42644326 62299752
-52723010 -49094432
63870682 55509743
-2462903 -29499039
89494390 -96889239
43913649 34186608
37306181 2207112
86540526 77569501
-69061629 -50273523
-19278456 46123491
-63138551 -72587762
-76871428 -69070300
62087858 -95979707
47459640 -60210802
-66384254 -19077633
-4261519 1800167
-94777902 -9028580
-53518837 43015471
-86483568 -78390858
-75280097 96534623
30721231 -44472816
-89749342 68633552
46203053 20543774
70270251 96791185
95431038 -70342214
-42929976 3508158
34437858 -15191151
-11170858 32714959
72504157 -3474285
-70035556 -63711219
38088949 -93880098
-2908677 78219288
21234758 95827410
-82563449 96088849
92623471 87267553
-4688901 -57843545
-89209994 75861064
-3595163 5561758
54869305 -90490579
-8316429 19191451
-77300392 50300342
-64890810 48753595
-18531446 -90346172
6179543 23938332
-87256524 -46027290
-39907387 88660350
66879637 50832425
99176197 -90299702
-41694491 40630757
80414673 -83387253
11285565 -49071021
-20693594 28242134
-66196109 22075572
84101356 75711243
-5097307 88673196
91489900 -24215074
-22945116 70118664
79772492 -73400911
-96946216 58523438
-34987490 38468397
27128746 -84202740
-80853953 25105123
87321784 46524745
39671865 -81677757
-12548647 -1856345
-98411003 72602900
845033 98736919
73328853 -19104597
-43393355 34648925
75838483 -90053430
38247860 -95974299
74144365 67328383
93927472 -84697257
73826181 53916857
-7614747 -50502382
17811241 -61161310
-83539824 -27969638
-28928531 36957288
-92204107 -43701678
54441978 -89256667
83346233 -4752753
-6015835 56030975
-63073623 -15808734
-28643447 -32686983
-22740413 46049385
50075086 -52804965
-85476583 -84492554
-16673448 24219451
30652670 -39032748
62981233 -42847268
48507786 -76962078
47584647 -19207526
-82250239 -82515676
26299009 -81343884
-70600551 -74454345
73309265 33257349
-10711677 -34737955
-98030327 -32706571
87122809 78731063
77296811 -26673774
73037624 16898758
84922568 27371896
4107709 -59922596
1044656 -31750881
77918215 -12723259
62831027 16542251
97334725 26426000
96426687 10415673
29071789 -32399151
-6853496 22725695
8499407 -89012399
28766009 18972131
-61218078 -49695908
-70964845 30735682
-43421730 -74095270
42803488 -41151672
-61263414 -70384107
22209660 27726055
-51508463 42844296
-17362601 -76745685
39796567 -73590249
-94647887 -54531575
55884099 89647654
-42751498 -98221201
77020857 37472250
-99023787 -97088632
21883499 -14479737
88340719 29742222
-39522097 60665421
-60913487 -30107764
28740564 69572536
99188430 81890002
62132419 67477150
62837808 21398089
97168768 -89376045
-62966294 -54524793
-9056368 89481697
-68354288 -57614181
-3319019 -53172270
-63183657 -11105785
-8194417 26218201
-35745174 -62207444
67534779 -33794555
-73129135 -47404456
22487780 -19470956
-49898420 -34042621
363743 -48771657
-28778144 1806372
-24279177 15012524
25636480 -65940337
-20465130 25405953
14887649 -84813452
10088731 -77005135
22338958 99049725
-12056061 -40713926
85504275 59155301
96947858 -67734116
-1528671 2275464
-92612630 -83001002
-2471958 77858558
-3667701 29875151
-66380144 47629622
-50564007 -50787596
64224928 57358075
91417739 25156817
-49437231 -10138593
57564319 23468971
46463836 -82033219
-30467132 -32346951
79455486 21319157
-19525543 57476807
-57740947 64959761
19751587 29938677
46937675 93246746
71105303 27138957
9530470 -3017920
-55388299 19953964
69166368 43150327
53024764 46564058
24237237 33391295
-24230935 44442502
20427836 -72683632
-2200488 -14150254
53502795 19408034
-59272810 67332380
77325549 32958280
50434403 21201648
3656687 -80415398
-87168653 22702352
-50158691 -49405638
-99907196 -63546988
56406976 59371779
55038468 -55295495
-56215075 25573343
11481000 8063232
5022096 68022162
-52145107 -60233573
25616173 -74550069
44857966 45654405
12986785 31635330
17109973 -61898482
59303166 42828696
62413298 20060738
-57236910 -37040147
66070578 -72238993
-35785981 -7395601
4492540 66163382
-36615751 -26862643
-48772938 12047371
-27373035 7169175
27707699 -84775575
-45009148 -69834577
8131718 75562592
73733360 80607026
12242355 5506046
43607564 39236507
-17934798 -70647673
49413066 55427093
-29096692 -55521500
24755870 -55307482
89813280 -10509752
-44346371 -58513748
14623609 -5694181
-41130448 71554241
31239778 65850672
81075097 84012880
-33305334 11463840
-12973569 -11417689
-30810664 74826384
-19667571 -39240210
-47487341 -66051946
-36699619 -23543645
-68116553 34577862
-68427276 -34770191
9922327 55303118
-55206635 56328594
97814846 -264394
-53442212 52963357
24517598 64954818
83321852 57943703
94472946 8273738
-80262423 -83086690
5495621 -38832389
-64006006 6764009
-79959839 74684958
-91366989 68842786
-2184497 -27447179
-40352955 24449755
-57804073 29698951
-14997932 -8780231
-52451638 -95365384
56886586 82311797
35275153 -2120429
-37165612 -44039264
-33579199 -40207250
-79417149 -53843761
-36930451 -39106254
22061357 -59679572
99600800 -78918468
95766490 -89428287
-68069139 -27842676
97226508 -43084137
-66118019 29746365
11961678 -43126448
48093321 28594271
33228887 96963746
-68208096 -51841955
98553979 42631835
98592571 67067058
-20623830 13904729
-87422670 17529735
78423481 -40979
40279450 -24353121
-3271588 53001201
63572914 39880249
-35446065 45011264
-45556510 -51979862
77766503 -38219558
18653994 -11674529
-30563896 -10271820
39208288 19263677
-80061915 -97335010
97813189 71000193
38067250 -81507937
32396793 -51077879
66451856 -82556581
69918804 44974123
-26862635 44875337
50392900 10198253
2594864 -77617861
-80090235 13965813
-85497687 67148800
-18554396 -25646745
-84804912 92268816
-18003005 -99900402
71879638 -15368808
39812546 -26278354
-55278162 91817723
-37173851 37625734
86547855 -64694550
5265232 -52260696
92713427 -94483927
50391410 -24815965
-62101350 18367154
93265656 784309
-32733516 40493515
60158677 -86824579
-12471324 -18231202
26553976 -58395720
-5779759 55240128
-60128681 -38932666
34788980 -33900121
10433964 -67799773
69825961 -67972820
-32667370 73260113
-79000584 -91109822
-85593749 72597862
-52218103 -33770794
-62887278 -82685977
70614695 -14319453
-21309576 -69621622
-3929838 -9602459
72166339 -61150900
32969744 83598838
91355328 51236678
-87695989 -72810016
45806226 -68773353
15943237 47092991
79120171 8756553
34533028 38285561
47175739 -1030837
-28432976 -91951193
-25721987 -85901648
-16071262 19348921
-42454169 63907098
-53198162 -45456568
44940973 36236255
-72398282 42872000
78987201 69623675
20860352 60571462
-59722192 70342528
-45914463 33164363
32773716 -61399603
47356950 70028775
8314335 64410249
-36620589 34406340
42455147 8006436
22104788 87462798
59328082 -30750478
-66843380 -93966475
13093320 -83126088
-94373471 -20041542
-77169542 -41965708
-72342034 -66771753
-53683929 -98182342
-75323452 -98965320
86715406 39110243
77710640 -21237914
-51209140 72005484
36415732 77583952
11990291 -90378443
17627993 -47688495
-7709334 -45554562
76211323 -7750857
50799031 -48381253
21009022 -90632058
41842764 -36107650
21926642 26635551
-87619839 -82810416
-28476395 -97899029
-96864349 -41303768
97806475 -3799847
74962239 -57632580
-85627097 -71966524
-41866210 -23730539
-14108982 -96695002
8132866 -77359556
29602245 -43964627
48284516 -99576469
4558641 5813567
15181510 -916454
62975896 -74432338
52203214 9540636
26730220 37418901
39519872 -82900263
-24204031 98253825
-5546023 95171886
-62460695 26118807
-93331355 21932579
-49281598 -48087791
-44782793 -35197564
39959243 36609421
-54838844 -84133565
-83710033 -30438513
75375054 93445673
-7470782 20848608
46416271 43072926
5129924 8021477
-54559623 51135847
68235584 -68139857
-17369670 -62523389
-14835141 -3452085
-24816916 -70399330
51533249 22704165
-72867264 -18148270
99170529 -45231987
-56106204 34866306
50732741 39129771
-91308743 -10945047
-17499375 -80460930
40387679 -63417327
-67828038 -72453795
35567682 39320312
42972521 37301886
69162030 -66475579
-28998968 63724467
-39727619 4308722
33909392 -91317746
31386419 35455466
-82692805 37959003
92727017 -88964483
45901823 -31005914
-91876144 -63379188
25675765 49150926
68689997 -30668524
58430512 -91823611
-11761042 61594038
914349 90602474
27904360 -76193361
9847424 -3596768
-39872302 49582752
-46108527 -66635182
-57952928 20400079
8371907 -59682772
78276231 73433491
-63014630 78195465
-52810450 71003247
-39859578 82887193
84554482 -44686594
77161245 85816187
-53491061 53244478
14838515 35591757
26194230 34747897
-88929102 -31730774
64672458 6614952
8714066 20918322
54283141 -75199845
97716597 -84878098
-44560870 96330213
-77719934 6088504
-15716032 -66284640
-42765030 -40734564
-5331008 31473519
-60696713 17375392
3191578 -20776527
-15015687 -31019105
-95427349 -97783121
36964776 99822828
-31907947 83283244
42414559 48035675
-31046004 -14719127
10081028 -48871376
-33749474 -24246501
-27916288 7797624
-33597510 21689656
55405017 -5636222
-93854424 50686459
34676340 -34843651
82531741 814568
80038041 73979627
-57039479 38239681
40456561 -34977647
17361543 49535
-16667221 29937699
30489736 -62030042
23250831 -74252663
29392324 -48039905
27713594 -14151779
-53837792 95642851
17332506 99797306
46677446 12564698
15767519 25253885
90410234 52823023
-46362410 -49556142
-75576515 -74541664
63698018 -13808006
-96269291 19900369
-80050096 56670941
-13391361 21092253
-88421427 55799046
-65937255 -82901625
-30941530 87345768
-26806012 63455069
59097919 -50711574
-50914268 71872559
-15562743 28946788
6717035 -51720460
-98897438 -99795225
-49351366 -2872731
75101968 -45259847
93448510 27588482
5213 38799985
47987288 97179219
70787834 19955117
28270525 -65404073
4210665 82366408
69712175 62333270
25788339 -74214503
-24926077 -4577475
-32704916 -15113743
-33650593 76676018
-75044442 -95751297
-43030159 73066443
22710074 -73941880
33314636 60134838
-12276681 -2187959
-10871611 26763145
76458727 -59755105
60200012 -62884324
-28288397 47246560
82129330 -11529463
3320169 -71561370
-45775873 51841504
-219608 -70891493
66511128 81814414
58490431 67075476
-76159459 -67139466
-41556661 83445989
-90495891 -19189618
-59054780 81153413
-21034546 95335108
22098253 81184902
-78570204 -79389795
-42274119 51073342
-1680099 -65853829
75133071 81953848
-89607523 -19550769
-15192903 -21546761
60078110 17132968
-1052619 -62896149
-95820674 26589237
-88033867 -42562189
-6599837 -19463770
61346613 22925836
4079248 55420635
50755742 -45191805
-64006904 -64438936
-43828731 25370357
-23556302 9939256
44085427 66413514
48367361 -72720038
7729193 71734860
-49811902 -88723800
80925531 -54947348
-17843496 -37217430
-58111831 -20127089
89827086 38852193
-80611577 -46145697
-70703499 -16772752
-8835755 -66748602
-11940407 33375749
-78546824 -58080014
-80193294 76569052
39024670 30140808
-3445679 -3749596
23530366 35626459
7361318 -2561956
61230608 -16224079
81344937 -89934221
-27151651 42156138
-25454588 -36498560
-45130005 14736519
-78892816 -35627503
-99883893 26774781
60026179 -49596315
-63704204 -8719648
85716701 602134
29687549 -42251028
87889781 -94476594
54290174 -31287782
-95661323 36960464
-65601492 30336902
-33370814 64216358
74282137 95629116
90301616 -52025878
63991925 -353151
-85616633 -35152973
29219524 -81138081
45636701 -11993086
38410599 81851994
25648708 58179242
-41218624 74706395
-15028270 11365409
69405178 -59014713
9697505 -27138490
-37661664 76211714
6548616 66552545
83285266 49253207
44882322 73177802
-26331714 -89916236
9730613 35183938
-47452673 -62339790
-43477871 76630343
-35362744 81766852
-83864793 -45324808
-87145566 -44435783
-69729388 41783916
5665687 24152173
65137460 67758705
-6863423 27587227
3798941 27351327
46420235 55474913
4728120 -37136081
-11441917 29705500
39789264 2126804
-10172896 62226369
99886579 2036240
-21333418 42374432
76657646 8925070
63600263 95820202
-48615582 92792853
87093131 -71028941
-94360406 34171393
1930097 45275180
-27137593 -76706584
-96838895 95066674
50541587 -70822290
44557992 49581340
31803202 7786069
-90087128 -66883926
95342443 24108829
-21338569 -260023
-5369229 -52254617
56670453 57328013
53148214 -28711584
16597631 72787078
-45725501 -42951005
91220388 3690762
-51034059 -40085907
-16792491 -6849515
-11782842 74344711
-43961217 -13631385
-11533683 -8724893
99061176 -99403226
-66287152 -27214118
96894711 -91025952
61230388 -18428347
29317036 -24443859
-14599484 -44138842
79665937 38503852
63807292 -8934907
48114088 -3736433
-47529309 -81918209
30512247 91850838
-14998678 53952996
28297706 -86280244
52604734 -74265157
69526313 84336490
-62550374 -6412587
66373295 68587489
-69922101 -28837525
-94749510 -84215633
43856871 -56175351
52202170 87083890
78104104 -18226250
-74644795 31868106
-71868328 41911395
59993186 73469293
-82163508 33118727
-12928278 -9494567
56741552 2837815
81089021 -84630573
-47777721 61862648
7966423 50615333
71719184 -10328094
-86649257 26856081
95156811 -45686555
-1861906 -81398767
-41798515 39013682
-26696206 -49659737
82208369 -63694412
78216984 -1341001
24644654 -37143596
95975131 90726532
33748327 42481146
-2164677 -16953148
50932642 -9510122
4868888 -21075657
-17943961 -44328716
45343190 -34648326
92207755 6291585
60605031 58693933
-70188472 87364565
78894609 -41256876
61599751 -11986986
24318602 -47801598
-96626237 43808119
-40819115 55051948
45778480 28018417
23015926 7672378
-56764408 -20473194
-77466953 -79148752
52291955 94168235
2355881 79918298
-54730029 -13135644
93155941 -52300930
-41090635 -62522275
-75157710 53760971
-34979542 41237256
-70749731 -43746739
8451664 -73379792
-77055311 -93914766
61137182 64341790
-7639793 34641938
-57685685 59432024
-61041170 -84623868
-11256257 -14450092
32234505 14008240
-6073463 -58964303
80416416 -65409615
34805818 39196509
-70809404 73572357
79849690 -53768455
87468801 6549249
62802511 -55129853
-28509645 -30764567
-24679333 23770537
-11887674 46951408
-18406655 -11025789
-51593765 -67011105
881390 76424023
14490293 -12634935
-46110333 89625134
-16822807 -53275203
33831545 47816204
39529075 -36406391
-10317672 21153725
67385270 68719672
27785283 -30467983
14402165 54854071
-75910497 -9412207
-33125308 -61591118
-62123348 51926533
-59099257 54987019
87975914 19469997
-4105980 -10693022
1 -70811595 -11142696
2 30998800 -37099325
1 9625473 -16921928
2 -16589361 -85824008
1 30285964 -4026620
2 -82872895 -77060287
2 -55824253 -80031709
1 -10499691 -62971263
1 91882808 71961031
2 15065186 -43581164
2 47344081 -31511327
2 -79584795 81939879
2 36926897 85220734
2 57207093 -38684051
2 -96860711 77419173
1 18792839 5617475
2 68518151 -67672305
2 67922130 2308001
2 16483994 30659986
2 -73366635 -48667232
1 26788845 -713680
2 19254612 -3723167
2 33305571 70964592
2 42925622 -38728717
1 17690119 77704741
2 -1290223 10507171
1 -7552951 17550562
2 2771295 19124982
2 -67042707 -18109692
2 11825843 12494751
2 -81887775 -11387054
2 73457004 -16864955
2 85443046 86630376
2 69806724 41379133
1 -54771736 1927039
2 -46270278 -51043548
1 45233285 72017109
2 42981700 72984334
2 -13228021 31055218
1 61276322 38423685
1 -51069145 -43021540
1 74529022 -40013902
2 -68372558 93894267
2 -24215426 29816680
2 -57688570 17101099
1 -94285956 -59873221
1 23261824 12940018
1 52086757 79171048
2 73066543 8704870
2 -36851729 21893480
2 70849932 -81705194
2 90311915 16877993
1 42378689 16083217
1 -345203 33293615
2 24233662 -70849333
2 -13870873 -39068882
1 73433579 -74319121
2 -80424855 13174512
1 -57008809 -42422616
2 74678483 47876082
2 -59480777 37818984
1 -49240999 -67091111
1 -87920064 63781048
1 25002280 -97154243
2 24739238 -62337159
1 -44042352 88150551
2 57544907 -4410831
1 -35811252 -1214075
1 -15404098 52439958
1 81590626 -83640092
1 29807389 -91170437
1 -65489558 20236115
1 -66589374 3240968
1 -86665286 6601950
1 6994394 28918180
1 -33262837 88013197
1 -79077915 47513618
1 11294665 17496165
1 72858285 -14481616
1 23181225 -63703056
2 -23036143 -2402478
1 -54296946 -68344765
2 30441161 -12974874
2 -60534916 62408165
1 -68715565 -84962938
1 -76133374 -26427928
1 -53675451 61091825
1 16849155 10893431
1 -29988256 32251539
2 -38830282 30183869
2 18197065 77006138
2 24519755 80423245
2 50435772 91635513
2 -22846104 -11669218
2 24627726 23294056
1 -26592059 -47148517
1 -15493281 -45892054
1 93649435 71627358
1 86551885 -85052121
1 -70015059 -14369119
1 -88280685 -82163680
2 -68555493 -46148433
1 -82738639 -41956135
1 -57188234 -99189976
2 30993893 -12726895
1 -35720758 3981484
1 36921091 1707320
2 -6657168 88798998
1 -22870221 39873225
2 15683644 -76986910
2 -24135427 -45726132
2 60898177 -58392053
2 -34248333 60371292
2 75319171 -92936027
2 -7305145 -47696449
2 22656234 -94695888
2 11672042 4414170
2 -85025603 54100741
1 54910765 81449766
2 -31277130 -42213837
1 -85715990 38421020
2 -59871661 85518476
1 -73166165 51205101
2 43594689 85987534
2 -38483014 56479977
2 -36729793 -40721668
1 886279 89897923
2 50269214 -75831617
2 -16251280 66637946
1 -28542141 78104748
2 -64074778 76443575
2 33374107 94114094
2 -99268804 -99886374
2 81563393 48348505
1 -41348970 -91841676
1 46579344 -49713738
1 -11678900 -27064960
1 -23343496 -60775954
1 -22272058 15154935
1 -28365088 -79748808
2 -20470476 39244929
2 29142851 34905119
1 -88410135 -67067835
1 -47913527 31928427
1 10033174 -4661415
2 24298522 23544332
1 17658425 98474759
1 98588386 -42327372
1 -41462505 70905985
1 79064309 80151778
2 -17045598 17188526
2 90123566 25643652
2 64867698 -76208135
1 38946800 -33219931
1 39547624 -57404360
1 -65643069 -89418289
2 45486831 -80922853
1 4525675 -83983856
2 -99539067 -90406942
2 4931643 56612148
2 -19843520 10494108
1 61485229 -70769836
1 -13097208 -49668733
1 -78762749 60073614
1 92741754 97956651
1 15145176 -99698441
2 25945212 28212519
1 52004384 5268741
2 -75434827 43329272
2 -61558726 -9048817
1 54049258 64112797
1 -64293693 25314568
1 41330712 52052451
1 61645509 92748345
2 49360493 41791646
2 4802116 -33422849
2 48323678 -17966665
2 32364602 18803707
2 31393684 -12257168
1 -14300518 -93881784
2 -93580225 24135437
1 4864318 -46638980
2 -88853876 84881350
1 80726985 9385064
1 -47147390 -64288703
2 -47659544 -80831742
2 96999190 -93098133
1 -88529320 40563126
1 33311471 90846264
1 32637909 73116189
2 -7790298 35188326
2 -82778340 -10043613
2 -91239906 -6950258
2 80792574 49586262
2 55704478 40153778
2 16805577 19008419
1 72369439 -85359384
1 -47961672 -25813742
2 83571322 83515563
2 -28256778 -67234688
2 4449934 -11059706
2 -4157839 24083679
2 17163167 1449123
1 -7704614 59829204
1 32945392 -49525363
1 -61820675 -22550342
2 -80077593 -22328544
2 -76762440 -44599015
2 -42496390 -18801136
1 -78647359 -95969866
2 23038553 -34275550
1 -19634934 90674582
1 17377202 47924354
1 31439917 32403395
2 -82314931 948523
2 89888818 -96816862
1 79783180 22135003
1 -76415875 38247341
2 -1923455 -3053653
1 99937347 68395875
1 -1638105 -16461701
1 -86273882 -61883328
2 46034020 18284302
2 99483167 -63036322
2 -6489825 -96462371
1 21778443 -26647830
1 -35973249 -30934910
2 -83010556 -97856492
2 87063266 -66079685
2 34868839 48429361
1 -95871139 -42735302
1 79399701 77274019
2 68037722 83912042
1 -19141612 -44499811
1 -76103937 18630629
2 -45314709 33312097
1 71428769 22257958
2 -6941378 20927772
1 -89592188 69979152
1 73516781 -7458212
2 65893959 3917988
1 72983078 -4704777
1 49955095 -17562928
1 16357388 -57511116
1 -56565393 89534723
2 -53200580 3742589
2 33532970 -52436531
1 -16008127 -21284516
2 34215673 54087054
1 25234046 -82633377
1 50678720 -89371902
1 85402419 79919337
1 53363471 74623852
2 44603003 -21538960
2 -76480809 63771283
2 20205633 70636146
1 18447732 89413150
1 24366584 -6811289
2 88193958 -31597174
2 10453911 -6759666
2 -50500715 -68371435
2 31708397 57253332
2 -64031185 83032255
1 89635672 -84299731
2 -66933108 -77299150
1 -66671052 14869717
2 47305416 -63738026
1 -89114175 -28752271
2 49708769 668886
1 -35559832 -91994810
1 78641337 73227960
2 -84842529 -62837836
1 30350875 -2910932
1 -81991744 92040419
2 -14719248 71061195
1 -44793878 28462167
1 38231861 34780038
1 70328655 86914519
2 -97385213 -73282962
2 -50582112 59964326
1 27350405 -11801958
2 24460017 35263199
2 -93489073 -25344180
1 75324706 87862205
2 -51616242 -91263941
2 -65519619 -7718763
2 29443401 -72974906
2 76630525 2154216
2 -5805366 12310638
1 35888195 94638781
1 75617310 79475386
1 66771786 91094318
1 78008836 13849171
2 93082572 37100441
2 49581129 -66860014
2 73854391 -4983177
2 -17203616 -23068466
1 -95896284 50830770
2 38692975 -10692688
2 50559734 -68055215
1 24226022 -60406905
2 -33381811 85040115
1 -12805670 6185785
1 -28987215 -56751287
1 -9596144 -66094674
2 -86619288 -93099021
2 -49488341 -33978835
1 -67613302 -67331140
2 -77714337 -71479505
1 14176844 -74530730
2 73002456 71866793
2 1314689 -11968766
2 -61137996 -44201161
2 97622514 5418405
2 37363190 -69928659
1 -30335564 -99301391
1 85738725 14105574
1 -27192279 88798988
2 -15435937 25449417
2 -88128894 43820506
2 -96762152 74967919
2 -6494554 -22231819
2 10437041 -46250493
2 34786365 25892145
2 -96122223 32722705
1 57105860 1479571
1 89510806 -70603405
1 -14804566 -41579452
2 63838953 -19110828
1 63476876 -17182052
2 -16483443 53718506
2 -32175921 -14342326
2 26973024 21771644
2 -262576 40631801
1 36968669 -88462914
2 -60978633 11608530
1 89376711 92722880
2 -1011250 32526813
2 10935320 52330114
2 -14947182 -13708523
2 87771049 14813097
2 44209692 -57841323
1 53095588 -70201784
1 63203751 -18078511
1 -82744201 16934541
2 23169409 26680626
2 -35145338 53288719
1 27576726 90993488
1 84141651 -55655952
1 -44118866 -20169488
2 91439042 73626683
2 66349562 -5097499
1 -20054324 -66667886
1 -61821410 -34661689
1 51629789 90880997
2 58210456 23231409
2 -82093552 39400837
1 -78284585 54936511
2 -63142001 71002037
1 40452940 84919166
1 64116154 6630161
2 -40081121 -36377652
2 7132198 -71029185
1 -26685137 87495605
1 -32673884 43790212
2 17416894 81712360
2 29131223 11281520
2 97129997 -16233545
1 -98378871 -90923102
2 -47525743 -64691413
1 -88943642 -94232720
2 45168117 -36798924
1 -81862414 -18520831
2 -47518795 -80600106
1 -95680941 7511948
1 -33341529 -54549493
1 61589218 68435213
2 -50077610 26577350
1 66589318 21237779
1 -34972010 23237253
2 57465975 -13568204
2 -49770321 -65038754
2 18727701 -13402803
2 48190458 -123962
2 87700988 72865193
2 78632473 -46818922
1 16382154 98757346
1 32752878 76316952
1 95716846 87036103
1 47064413 -62249555
1 -16799047 -99964096
1 68471117 -86277117
2 92816596 -2693467
1 -81455689 -81606494
1 94147122 59405913
2 -1645928 36088664
2 71049910 51613096
1 -9273345 -98899887
1 976151 42293974
1 67675529 -8566524
2 44614554 -11322861
2 39950847 46308002
2 22624953 13513070
2 549172 -27296276
1 10454170 18341799
2 70894066 -52386416
2 13852830 -53828515
1 43478018 91881546
1 -89724949 6669425
2 18591701 -85461308
2 50627356 -43061464
1 -38932006 -83054228
1 -29437752 74193629
1 69003965 51794650
2 -56771875 71538399
2 12731900 36679493
1 -17012506 -59640959
1 53872111 -47317253
1 77902834 -41871190
1 -71013029 -45578718
1 54551229 -11642997
1 87044851 -47602601
1 -55721056 -31595942
2 -72410155 30522869
1 97577924 7070359
2 64008895 46181546
1 -84356320 -99278359
1 74915270 -74923112
2 -70612100 -13794072
2 -42255673 96435597
1 33115090 25132388
1 -81992209 -77007411
1 -24324664 -31381054
2 79264119 71879902
2 -21182454 6094533
1 -53032102 -91748911
2 -39351511 -14114863
1 -93194443 -65987251
1 -82948020 4927433
2 -35485846 -65604597
2 80576949 -85370097
2 -84648456 -71476952
2 6116300 -51263008
2 34942920 -57216823
1 -60781227 88020563
2 65669314 -54796391
1 -31803801 -75149775
1 -6530828 83677105
2 55557007 96387898
1 2482430 25249653
1 33500743 -13109085
2 72776053 49450329
2 -64020560 -53334406
1 -95890611 79581610
1 -86022988 -46968580
2 20177686 -31376456
2 -2853408 -52929676
1 -4192684 35529230
2 -69171231 -44220746
1 -56200183 -69249765
2 28470208 22563906
2 47414131 -38014507
1 -54337403 96666407
2 93054304 -6600335
2 -28834319 -98780397
2 40626882 48053097
2 -2496575 -95333577
1 3848380 13402934
2 45500906 33482865
1 -60969353 7957769
2 76581313 -88005719
1 -40935395 59208333
2 47253925 26244268
2 -65460116 -92611717
2 -9345119 -69400943
2 53162963 30856064
1 92841557 -80874912
1 -84208506 53093456
2 -990516 -61495846
2 -7759880 -38637839
1 -90584743 70175165
2 -72642050 -67132999
1 98786298 59435045
2 -7082091 31206330
1 -60835902 44287204
1 56281485 84464919
2 43673251 -31738226
2 -52977596 -84653911
1 -24749265 43443538
1 74042595 -18437712
1 -87581648 65905616
1 85030705 27205557
1 32815376 -42223729
1 -3719575 -46661439
2 14700722 -15658778
2 -45483614 -58963092
1 -26096091 76632342
2 36067386 34390699
2 -34402972 -27309793
2 -30506227 -18498343
2 -34033425 57277489
1 -21944375 -74224743
1 -6362291 -37843812
1 -94400274 25078029
2 -40843320 68888444
2 34794059 79642321
1 59364241 24091395
2 81867666 72341126
2 -74320313 44695979
2 -70962800 30664454
1 71701362 92896772
1 69529114 36069949
2 -29539353 -1878367
1 70811840 5596499
2 -60385481 36057675
2 45851526 -7178025
1 18597232 5581094
1 -79746355 -76092849
1 -98498458 -35248697
2 -66360254 -74146629
2 -41987946 -39341778
1 -62734021 -79049832
2 -54192344 -30107343
2 -85411365 -80866355
2 -97685539 -28512657
1 16900478 -56374165
1 79695784 74015823
2 -27862545 38945954
2 -2941185 -49843570
2 -61269533 -4534342
1 88287633 36673334
1 -5229209 -62901644
2 13521870 59401228
1 -75847470 15024436
2 93394170 15023412
2 -71802003 10308640
1 83775171 -48593777
2 21298881 -34536024
1 37113984 -70417174
2 53586533 35887516
1 -67970286 39428445
2 65960630 -29512990
2 -90567037 -88274503
2 14398291 -61901915
2 86080106 6491778
2 -4318525 -94354880
1 -57256524 74367738
1 33768965 90452266
2 5476701 56265346
2 23805121 -89562142
2 20746498 -1129130
1 -97206545 52003118
2 -30016544 4521668
1 86620857 24092336
2 12496215 -40386197
1 -48441390 40207389
1 -36789239 44525929
2 -91232212 -82480760
2 8133688 -27356276
1 -68348135 75682442
1 81327563 -5786207
1 -31418470 27333340
1 70301968 -75928962
1 -67147253 -45133142
1 17821079 -24221332
2 -72834100 56657868
2 8660985 -8916061
1 -51878031 -17524282
1 -40915583 -68839197
2 -9225394 -65257175
1 74950215 71580632
2 68622923 42333217
1 59852457 -61839025
2 63321063 -70092927
1 -94410485 -32013856
1 -85283701 -52510710
1 -72661008 86917078
2 -36495522 35814192
1 -56802588 97640960
1 25935990 -3642775
1 -46984908 61018491
2 -47897571 -94381748
1 -11906030 -85807561
2 -54646757 224398
2 87483587 47178387
1 71275381 36127849
1 30977428 62433801
2 -46888862 39898303
2 69805377 43346247
2 -36151247 -31051437
2 16437853 -72088746
1 -85171669 -21434948
2 -85620756 43776845
1 93934167 -21667191
1 74690035 -42423344
1 -81404853 19870156
2 25488408 -19778511
2 -5586071 23213939
1 -24045300 -33901259
1 -86722873 39767172
1 28411383 -36561714
1 -21611551 -62931129
2 76967174 11905174
2 -44748580 31499587
1 -47035487 99288913
2 -72799834 71616537
2 -49818412 -78081272
1 -81788064 -5455140
1 -74605968 -35439168
2 74653852 -87853898
1 84532622 -47399571
1 32821918 -54234639
1 68979300 62537392
2 -71363868 -72764154
1 -80480620 -55066001
2 60888648 -5570377
2 31498494 -99552874
1 64868663 -60722904
1 -76706954 60982030
1 -87212695 -27363555
2 -55747019 -23742441
1 -1823713 -7496166
1 87048695 -5565430
2 -88488236 16388223
1 81050689 -87557274
1 -34956845 86165616
2 -68069024 65583310
2 28120701 -49618565
2 30133645 -46573361
2 50877001 -90726804
2 3702819 -97830613
1 -44867124 11765649
1 51042745 -64798688
1 96183342 -79998462
2 -7362016 -73147847
1 3109712 -91029354
1 1474481 89407328
1 36358260 -46197638
1 -77293053 41039538
1 -94001374 47870025
2 86552003 -43726002
2 -78142693 23558144
2 73939579 -29000658
2 24425981 -97505629
1 -88232433 4073223
2 6242611 -24697019
1 -60415008 15470386
2 -96811940 -86108151
2 -66106612 90627738
1 -30003747 99371402
2 -39141589 79047735
1 68455062 -74377672
1 -20575310 -85150746
1 -91594846 4813322
2 5199709 54648000
1 -89078002 -85596220
1 37961924 -8248289
1 62751053 -14704332
1 -12209961 64417865
1 -31508912 39693396
1 -85003623 -442394
2 -32455646 -72749939
1 -58858090 -45418631
1 -2274531 -29267586
1 -29896184 27551661
2 6599395 -79761915
1 -54139587 83478590
1 -49155794 27570820
2 -15099496 77801466
1 32449465 -40750640
1 26169503 90100213
1 34368286 95887826
2 -18816506 -35868574
2 -18934347 49635702
2 -10670903 -78510105
2 21047502 -97926897
1 -70676836 56841837
2 -36060431 88591856
1 -40675730 22981438
2 -49466902 -85818600
2 -65580515 81944449
1 -82060600 -90351144
1 89736039 -19720102
1 10597726 -31216394
1 80549329 -25363458
2 17253117 -4436446
1 -8548621 6718831
1 -76633381 -48378598
1 -46226534 -74848765
1 -53358869 4432272
1 6505376 43102564
1 52460763 -79795005
1 -38686787 88344903
1 63842703 -31083306
1 -16901905 73153846
1 55098294 -85624199
2 -23458980 70033943
1 2830204 -74445944
1 46854025 -33722942
1 93429963 -86572071
1 8991483 27403353
1 -13361454 10683079
1 -85179157 -47040775
1 30626823 10005165
1 -33046200 -31405690
2 -35786764 77267954
2 -50010689 -74024462
1 -33163197 -30809639
1 38107056 11302525
1 -15543630 -69320494
1 -2428330 -26278487
1 -3728182 -7928973
1 17625083 74112690
1 -7093890 99102022
1 -34953686 16995471
1 -55601177 -13663928
2 -50464487 -73445841
1 32029747 31037370
1 -6441103 -35643644
2 32950666 -37343430
2 -7559114 -86970941
2 -60995403 -50319736
2 18870626 42430198
2 6249085 5841401
2 36520907 9494044
2 83215557 -56778183
2 35292844 -13391061
2 -39278372 32003737
2 31105759 5434290
2 -77570240 -93855900
2 -7519828 -51331565
1 27738957 19344946
2 2898678 42015685
1 -41111597 -40231296
1 74941637 96457576
2 -37997003 -55644568
2 -5964304 -32617478
2 -37670918 53523958
1 -40634642 -34577316
1 -72566910 68578167
2 -88200016 -51597373
1 35011566 -89351354
1 95168747 99609191
2 5043480 -51750444
1 -45606344 78790868
1 -72540698 79989603
2 -665451 99390191
2 93922238 -92285379
1 -32516675 -45250411
1 -48792836 5327003
2 49682435 -57575039
2 62323847 65726525
2 19250482 -3765506
1 -85826460 -75347072
1 93231096 -68867798
1 32051192 -58393369
1 4771640 -42452558
2 -42843368 19579120
2 67828676 -59614
2 -21268747 -85283525
1 94706078 -25261306
2 26645247 58706918
2 66421540 46556989
1 -98693422 20567484
2 -74105514 -66095136
2 28846189 5030105
2 -29243371 -71906716
1 24327778 43686398
2 68339326 90007111
2 -78860688 38501318
1 -67375689 -85913217
1 24150588 53190504
2 -27230377 37395952
1 -62663663 81307221
1 96023696 -6885339
2 -79630283 16067591
1 -25225492 -56753865
2 -57680513 47014964
2 -32417553 -6287590
2 27617275 -56373935
2 -98827468 45993297
1 74086581 8979826
1 5182586 -28070838
1 14452635 50930721
1 41948401 26038274
2 40125058 88108311
2 93815177 74572713
1 11968664 16792008
1 -1900772 19101163
1 -35267814 -98178637
1 17888954 46639286
2 89885422 -14898096
2 -67883133 -54820175
2 38892235 -15278729
2 28347336 52215678
1 -1791026 19025872
2 -19477940 82036231
1 -46034608 24811917
2 28259000 -61778992
1 64259283 -79065610
1 -38440937 -29792600
2 -55219888 56900703
1 -26307290 -44625761
2 74475402 -90734862
1 -88913498 -75691699
1 70947587 -60792412
2 24309492 81491819
1 -20811994 -86650630
1 -1929359 -91057279
1 61158399 -29403396
2 -57861162 -21065661
2 -39029430 11883735
1 -10787986 75177262
1 -86601731 67452325
1 88386715 -82528987
1 -12321586 77657552
2 34558254 -50054223
2 57836380 84974889
2 -53243610 -91749036
2 -67440735 32311781
2 -75964269 -42157108
2 -8148927 -43976786
1 -30627415 -99138415
2 -37679330 -76444558
1 -5847954 -80040412
2 -1106072 -24004569
2 87879167 88807247
2 63984508 59864498
1 27316822 29607543
1 47078557 77382778
2 55040329 68219900
1 -29317961 -12726667
1 -27751779 42114946
1 -97117728 -71481582
2 -86653438 71520974
1 -18119772 -12042100
1 43981114 -10101344
1 43276605 73731302
1 -50196894 -34129939
1 -14170350 -94402726
1 -18407295 43955152
1 32762398 84723578
1 97104438 21988234
1 -48404223 49263269
1 26646046 76937622
1 45157521 98674334
2 38464029 34202737
2 28834045 -31644077
2 49390704 -89287751
1 -65250414 31716317
1 -80325784 -84746372
1 5152285 16629814
2 -9638885 -83828307
2 -17958246 945252
2 6542526 40164221
2 36635735 67871404
1 -94888657 -59348407
2 62639828 21914496
2 -28822236 -97784220
1 79153403 -85764396
2 -34573700 -49659828
1 -62940729 76827286
1 -54816792 -96109672
2 -32881060 65893317
1 50125996 94573913
1 -90172460 1868526
2 -81501660 -77683425
2 -61511732 67496188
1 -31558561 61375818
1 54056402 20530022
2 -11598574 -72499673
2 -31848079 43208499
1 -34877006 -6487231
2 48244913 -69208252
2 -2456285 88817121
1 -8326345 27398315
2 4225600 -84513623
1 -28106932 81249290
2 99658969 49408809
1 96499084 91528371
1 45913260 49784964
2 72101539 -41157014
2 -21144463 64411600
2 78303780 -89410194
1 83636192 47296976
1 74797304 32360181
2 28085043 24553980
2 -29416889 -4534413
2 78773698 93208037
1 -65458480 -81171977
2 46226338 28833775
2 44320152 26215175
1 59980827 -49548062
1 -47622891 -31270418
1 -39742048 59639795
2 9424759 1392555
1 60235541 -93828789
1 -76900827 34042660
1 97148830 -60908923
1 -61095584 -46080684
1 -61204141 80785021
2 5339000 -33781918
2 61683669 66880902
1 60088939 75922111
2 94750135 40457366
2 -30708860 -52853179
1 -74121642 93492835
1 -3538865 -33872346
2 34857236 85859186
2 45498980 48838244
2 2747161 -52368450
1 -46197238 7440101
1 -58517239 15499065
1 -92893496 29418298
2 83337614 -61368410
2 -28067027 -53989080
1 64745365 -77866527
1 89014375 77271973
1 -94289555 26429033
1 19402761 -98380325
1 -51233504 -47023058
2 -53530223 -58789737
2 7337917 -25355145
2 -39495960 42930912
2 44285519 -5288485
2 94859429 -41480618
1 65959484 -52967321
2 62531744 -51337810
2 -69403150 -92557756
1 -1409803 69638249
1 -31834469 -86065536
2 -11415700 70523170
2 47795142 -67089104
2 -88143709 -22401326
2 -20781650 -93978051
1 -41001108 31259053
1 72469316 80501209
2 -44853937 5468669
2 -51600420 32323596
1 -20448527 68166466
1 -73314152 92685099
1 -60282222 -25589099
1 75589454 92645332
2 -47396062 -45234116
1 -75595868 -41297333
2 -27362869 51194135
1 21717304 45086027
1 77996923 61221431
1 -8663533 22028808
1 28050757 89853214
1 21112266 -76928821
1 -96427612 87049649
2 45034680 46097945
2 30937903 11234814
2 -20598720 93434261
2 -61364279 -36994262
2 89933003 58603491
2 -96234816 30869862
1 85635747 -81961182
1 -23258515 -43630878
2 -39920381 -37443759
1 -92357733 49378616
1 63116409 -65686715
2 -91141545 -61844448
1 -71991234 -45547124
2 -22475945 36909212
2 76475224 -98362606
1 -99748299 -18903557
2 -55152380 21509903
1 67460526 83705967
1 -53288295 24248900
2 35368753 -93903753
1 89482472 -10838930
1 7199888 39133937
1 -51980579 75118218
1 -9809178 83941374
1 33319989 60615403
1 94928688 50349452
2 88505005 48952761
1 -44078001 -96212858
1 93212717 -30969867
2 23183890 33446054
1 -32941140 -77795698
1 43714206 23435592
2 59657921 11906480
1 -11328258 63691094
2 -77696297 -41114012
1 48047058 -23443143
2 -31792844 -88213825
2 -60579245 -44753054
1 -8295318 16226577
2 29358342 29611577
1 32477392 -22458967
1 -73506207 76803392
1 -66893104 20982396
1 -57471109 -17584208
1 -31621791 -73680388
2 -51476085 65712781
1 41664735 87953432
2 52376274 -55245517
