895 1000
65800797 11670874
80046548 -76349703
-55156979 -12516970
32041596 -46245796
65097594 -2338262
22232272 -3575827
-9596772 -87006196
34627793 -61732263
75655184 27281207
-96534349 -56091753
-25625429 56246668
45336942 -66857619
-68600747 57195534
-7927713 -39902440
-82016469 22900344
-12912420 -74372461
-50722164 -63699310
23783720 -32865872
73404695 -5879142
-55701042 -44174685
-95234150 91018651
-95987546 66531231
-95201033 -4830922
-77549715 91156611
-12418780 -67029487
-58266456 -21567701
11574680 -85527847
71667687 87070486
-315592 42973933
18390639 16256337
41883876 17667939
53968629 -42005418
77645073 -56321926
37798932 30268711
-61389612 51049767
42068417 -65385747
-98854517 -56623762
38545316 98597234
89753844 -94055550
-8568673 -86488037
-8055738 29851426
44323579 33164871
20235356 -96481058
99009238 15991266
-15236035 -80080237
90104065 69916240
-72089179 -73352160
-29674086 44072693
26857766 -94444107
-90877978 -39358791
-4744538 65468154
-38639246 -96293199
-97695966 48917308
-92621880 99906070
-34065604 -55425759
74425667 -1190553
-68025683 57878658
61397600 18749246
-12743126 -95273965
-22837839 -87076800
82839440 72020839
-48814959 -32733775
-36144720 -89249740
-31177484 74027318
-12815111 90713046
-91302439 -22055462
-18348661 -65043287
83874021 -29941685
22480748 -16044627
81045977 -56231496
42577951 88415144
46293801 55471644
26737252 -72931369
-68205334 60207764
73130964 -33489512
-61468674 8956828
76223053 55970403
-80762975 42232730
16260047 -7405304
-16692259 -11940459
66004079 -96555064
-61598351 44521666
-85420020 -52344583
84127153 -25207967
18560537 89577091
77992234 65173130
73161136 -38861513
-11792882 76802398
37010161 -101613
-81074763 72518148
-18525025 10141124
18627889 9972926
-47794345 10214390
-97190915 37864914
-74075546 -79017936
-75573000 38633190
-16845145 -55555105
-7899688 15345013
-57346592 50251198
39828289 28743827
-6083044 61213945
-25131206 17820522
-5377081 19594454
-27990797 -84407725
88110423 -15850558
-53193072 -9065560
-99092635 22101760
-67683851 65434817
55816093 -46886980
26611448 -64874765
-73725213 -65743091
-21298196 -96445190
18899823 9429642
12197202 -76681522
52062306 61553231
75283538 -47974510
-77637625 -1504376
-29393559 -49847668
-34255393 69501657
-46348901 42615644
-66449916 6371392
-71526849 52974390
18409207 -13026188
92603196 -39210700
48430898 26741662
-86485066 19214643
22769453 74705685
36651689 -7783262
68051580 -5814361
8255232 -51151109
53390744 72630248
23642234 -16461230
33691102 75753119
45254776 94248675
36864319 -48047929
58323463 -48577763
-43087011 -77069235
9904577 86796614
-52414087 -72161442
54580221 55024135
-25761223 -51466826
-76761142 68095155
12828255 -50475407
43710232 -87593090
-38744199 -19120166
6026444 -48034537
35504233 -85353456
-57083974 -70331322
-76082648 21711697
73663768 -59312836
44625764 -86701967
-63771202 84503593
71300206 -98461248
-70622689 98649739
53673873 -28597518
19935656 83957532
-95430952 -19570987
29953606 95690877
-39385851 17397303
-49206500 26180200
78145663 21869950
89032858 56819944
86488622 66166259
40394318 -68051117
25152410 -37077663
-23779630 66574449
51078041 -30221827
-28683075 64965532
-83868368 74894610
-53702909 694236
37168130 -77678133
2750880 -81250891
-33043652 41737178
11650844 -14779152
-88598953 27570498
1956810 62444344
71780650 -57936927
-91770669 -9010333
75454913 -89214366
-26292029 48623649
15198097 607322
70385495 -97555297
67410235 18792501
-6312890 -5781217
94913019 83541867
-41619903 39984201
-88750328 84597512
26334689 61130977
-1131812 30722383
-41707120 -9498105
-47053762 10269235
52332308 -87233947
56272083 -75273112
-64487478 -86921999
61701651 31726996
-15149320 61736856
64181559 29416110
-51791390 7752538
-98028680 31591794
67650023 41895720
34396283 -50599299
-66001788 -21453518
-60322541 98162318
81401064 -87150736
3351159 38545647
1331244 -7789694
4976359 56297398
-66459352 6179915
19257916 -38751558
-54508200 21569533
-16693612 -19040434
-37107961 30342480
-61904983 4309
-15887535 63617012
58029095 -59933663
-10532961 4278851
82825333 44941740
95620421 23465251
88830878 -77497209
-86435200 77021484
-30768211 -7817963
995797 67412408
-26407678 74208149
-64543410 34536445
8622340 92850238
26326167 -19051610
-36192768 -55554910
44449399 -58265432
-94648421 1902250
94484950 -71438136
32840715 63380674
60838777 -16048012
-40066398 15666047
90685202 56459197
33480680 -51235521
93462879 -43233636
-75821229 -97287532
-70563021 -5541325
-71004881 50287456
43137694 17409932
-49125316 90133822
-65421089 21980223
63714791 14681917
-83415834 79028311
-92409826 -78417268
-62520231 -36414522
47537467 40430889
8613298 98318546
54777742 -40012569
61268273 -701501
-91418774 40774784
96003615 54731152
-50810174 -67240003
-64436184 -74559406
42850526 30701309
20835130 78701510
53198095 93725211
60923490 55414042
34442352 69429248
91011980 -69975982
-6390504 94548889
87496140 -71508252
-20673344 -6336675
53650756 -3890563
-52075701 -65895603
-72604457 67435392
22166543 -43494475
41781885 -76600842
-51160248 -76127269
54574040 77345701
-91436428 -55793360
-9551787 27925533
35855937 61761667
31190914 -48628298
-18604280 22814651
17363539 74719257
-96788996 75005217
-31331459 57376041
-46514523 35054024
-78325217 -25164340
-57728949 53926139
-89568337 -50929673
-27530515 -83046044
-59173313 -95270089
82075612 73825600
-81967761 -52082910
75842623 90639185
-95082787 60996816
-87631483 11698559
-12970428 88624491
63343747 46280601
73802180 -95606890
-85714487 -80928887
54125137 -5012917
69822743 -32229010
-25786508 75799921
-75129753 -35389844
-18435888 37161518
41891429 49856095
23681694 74907163
-77175748 23967041
67122588 94230296
55227111 -48816763
-84601842 72039801
-86819347 -79888009
66392592 2427730
59337203 76524400
95595514 40194771
-64818147 73622716
-6089932 -97762988
78036933 -42479041
22131115 68123560
57801441 -44576458
-94720364 -43788410
-68881248 -307131
-23823728 81477693
75707989 6459367
-89841034 -4184778
20371386 83451462
-96436548 -74442876
80501217 33552039
10076439 -77527594
-84816461 39838419
65977497 58188315
60425327 -49634607
60402715 -40112436
-19472513 38462260
93885802 35050192
-56221856 -61671073
90538159 -48318199
-66840507 27413259
-66127375 -33285569
-84953985 -38616156
-55164694 -55968409
22105078 35417401
-31030560 915121
23387528 2606294
-5038925 -68437759
89750556 38571067
-58547178 -39061429
20826136 50175882
41154504 -45628101
89422092 -46130015
-7801088 87556669
-60761531 -14283402
-86870143 -17262930
-98032137 -27602038
33781807 -481155
43550437 -82986121
-95052358 78617113
32048596 18171877
-79221829 -26082918
57995686 7952486
-960084 68255609
-70805820 47746241
50438486 40492738
-52619000 -97463322
-43593337 44109352
31666020 -10680546
75036052 -98878063
-16140993 70904489
-56697549 88165909
-12315246 38343234
-92126525 77084258
-91782268 -16248447
-98076571 -87178883
39254563 92782691
735177 -24782037
-4010065 -2749752
-2487148 99775093
92784193 25184115
27720793 467700
-55422949 -59834808
29484646 -63356182
-62234245 76243072
47147560 57037061
45202969 21624762
12484358 -57033627
-27433007 -14595915
-78328000 20357833
85695314 33301088
26083779 -23888207
51329756 24949876
-25283514 -73181045
-73405953 -52680310
-74979833 -75254300
25213400 -28105398
12059795 -94742678
-58098860 69790452
98549886 -5939197
-48902137 -20333105
-46191980 45697445
-58819819 -51182805
86737643 -81191260
39166574 13747174
-52951738 -91590357
-15478564 77378250
2328125 73132041
-47532642 -11632446
88203608 -70439027
-45693326 31577768
-96527631 -86776226
-81518903 -67963564
-98173113 68048527
-37890670 12898600
-54918142 -47106865
98590581 65723556
-32942887 -1110122
17698618 -7712876
-93965703 -46205244
-37795601 9381554
-13240197 5598922
-21269038 46725835
-64906612 -58395710
23681627 83714683
15292450 -76703005
-10962867 77988301
-89975264 18764820
39329709 60034593
-27066808 -35632013
17261122 -98560962
-80321043 18015050
-30578710 68368065
-39344812 -13263930
93047189 -60363729
49017825 19205849
-75195230 -44748413
-45506216 -11706009
82414644 56052096
39766778 42103536
-82083107 6096270
-15915430 -44940772
-73659590 6954026
-33011382 46625670
-36489981 65670119
-80374480 92438174
62969586 -66712497
-98344432 -60695523
78556910 -67609124
-27972853 14827119
-65967033 71604099
-20627952 -26438666
-85628313 11354101
-32593804 33865833
-24030632 96786332
2882601 -92827027
14748564 -6113739
-46643350 -60516466
-61374434 41088974
59275456 72861631
-82183834 2135585
35423088 78900976
-29278185 80785753
-34307009 89595019
4422138 1795087
-26600815 90236501
16314197 90971468
2325568 -94712404
91669792 30685885
27472216 -77751874
-18062537 -32360841
-85958218 -17128821
22354713 96686027
37775001 19914795
45292789 60980279
15632226 -2949544
28467794 63108955
43894707 -48944686
-6833305 99189609
984695 -37895940
-47659440 -49894805
-58923337 -73099757
-15295798 68654758
-659358 95918594
-29316917 -23626007
96529515 -20670780
62200399 52620546
49306572 -36912341
83002455 37071475
50568116 39597935
-10835247 28295243
43920560 -33799658
69772019 -82367454
-30661483 -12184733
-97564311 -37061287
13043909 -77160425
2256181 -45223750
-76568993 -93363066
-44928110 86960383
15850738 75288012
7133594 25754973
-21624482 12380252
-72015727 -30666008
-41078171 -19801547
-80203613 -89013273
91798333 -90510055
-24309713 61477504
79110050 35718893
-23949478 -54537695
60917381 964930
76320868 -21513789
85778824 -26038711
33114586 -21422952
18053793 -38273807
-10469433 88186477
13941449 -13579107
98801145 96664161
18514516 -55166670
25031783 -73214583
-9711492 77436345
-60557348 97344533
58822036 34603203
22838458 15132939
-86888394 90448449
-8586622 -48594658
82407917 74028988
506639 20250608
-48655982 68186740
-17570704 -66378775
-25675936 69397811
8335066 71959863
68624024 88265513
-14384795 7136210
86437990 -12861461
17091246 -36836650
-39492117 29242860
-36153937 56533899
24183200 -80670082
-37705271 -60799117
-9393774 37294807
63840157 -93775531
26475077 -26985858
-6282756 16863158
-96999255 77819095
99733268 76146540
48106403 -22675191
18106685 8068333
-32279095 16730426
-43614673 -96278111
-33114760 6675258
-64081883 -74007065
82526834 79909486
-48244234 52280543
91481427 59226397
-3478797 14050496
20274965 34604015
-92381844 12877722
-70259121 -733595
-22914501 1335400
29998303 -67258375
10066434 29335130
-62596538 -21895295
-52648507 -19310519
-15588629 57640731
-35684012 56253183
82246118 -96187027
83722459 52750468
5031011 -82710686
-70967927 -64521776
49528720 49028800
-16367186 25553276
-9052640 22320048
-78413548 43767333
-2380905 73204602
-41537411 51188314
-19476557 -72382603
58238465 -78954614
1734867 70443269
28083999 -41893680
-85640498 86146238
89959211 -55083651
97666817 -50878017
18927660 -73801969
-38323744 55214190
56759352 47959733
26029371 -88795025
33525023 -7091472
-63324140 -30506907
-57302306 -92372163
58816152 86811319
-85571285 1160284
74722033 -60660406
-37700775 -74816457
-16710137 -23543101
15119500 90383224
-12184065 50165729
99287712 57595073
83793105 37999115
-6786696 70731734
18691466 -54530640
9190698 2489019
95397547 -2762801
66730292 -4767916
2859921 -15410230
-28598912 -90572015
63104632 14192435
53532030 38346166
63529709 37826664
-85716437 -84168746
-41269159 -664065
-50498337 81919426
39514498 99063139
37062253 1305737
-27962530 23307602
-78706676 -17208080
85280939 90728936
-12033866 30484023
-74283894 -66805153
17784617 -45303575
16640773 81092390
-4715175 89185705
27531871 -20254595
-29911569 1333217
69680834 43577942
-57086124 36888357
18807782 -19071963
-20008824 44931902
-53762362 -41677720
-65853756 -30430209
52361711 18275108
61520406 -44560431
85923592 90159012
-76646141 2002902
-90784311 -35843940
-2235188 93654839
82840544 25856463
-41881770 93049637
46899216 62888777
58983081 28206661
-34904982 16580050
-49975551 -45586680
99345222 -63580838
-5258558 30015625
99585417 -54417140
63857968 28887687
84327256 -95536511
-52861136 25378374
-20102362 -77232791
-13076731 -29507277
-35852439 -10886672
-85030210 -62795557
-17229557 -495533
14909606 -26911980
-46188957 -70330342
98766071 26409050
80822370 71422424
-92158414 -51209480
-68677493 -67316047
-21733187 55099391
-16012923 -16575714
-12112224 -5358856
-27464120 20830695
43597904 35026640
-41964275 52433518
-58453155 -16962465
72758342 74699649
26720479 -43483365
82121018 -44471216
-14801558 -5853553
-79444504 -11551576
12387210 36480876
-62212242 -46105772
-13421818 20228796
27844550 -30889735
52534552 64844995
12002501 -88168374
85178685 -7061310
-19518308 84538381
36971899 81292951
16846849 91033780
-81750210 -68964894
40068105 -10394810
45133974 44970269
-8366921 74705485
-36846092 -17151222
-28153984 64704938
-81400834 75541119
48286277 9633774
78744040 5177348
22538705 -23869174
40478816 83794954
29250006 -12942431
-28404051 78173863
59466813 -37751940
5798202 -38915790
-7880683 28830024
-29048424 24047992
21534624 -15296216
-40590732 -31398088
51450691 -86832298
-69610998 75079540
-96862980 -24186931
85446844 -51011832
-93318122 51423297
-19929514 -83292755
-99497802 81736947
-31205485 -26934336
-48760474 82268567
-55483374 92906827
-46008963 -36777299
92052726 50314828
26879182 98626717
-16669500 -36995699
31606214 -51586195
14097870 95256131
70335670 35573267
-88613665 44486873
-54008597 73472690
24895987 -50650459
-33943214 -47326718
-13073409 -42517165
30548499 -33441016
1343913 55721106
48627932 -65695613
-2472912 45860539
48691729 -44864669
6278410 42096176
-94899523 -24429089
76501079 -57874728
-62618597 89223054
77312683 -9401051
-12397816 -92282928
-66293875 88699018
-9435078 33593587
86266869 -88881526
-31398691 56621708
-24302945 -26806541
-18569073 -48333830
-14029443 77040968
75417870 -17424778
90226916 -63985993
78110184 24109598
-47803129 -3494674
91146961 -64272977
-75049924 -18785687
71813262 -71471637
-11238201 -97737242
-56521862 11931808
-54474606 22467924
33586398 34043060
-9335232 -15691374
-89981553 -45295931
6370239 -81121815
95919153 -8550625
-73459041 -55142842
-19128835 -76146616
-99520655 -83232126
13273200 -41018652
-5291629 -47323784
33890529 4420161
85464887 19658447
74437568 58220153
-29848040 26743048
-50789029 -29567931
-43008509 68193718
-47497657 -64686269
-9982200 -99827379
-80949194 -37479210
-93513473 -51095599
-6238441 -85030041
-61176657 -66972514
-50204639 74632725
-66385928 -60697312
44495268 -84415077
72521447 80838807
53013616 30902159
41638675 -89497304
37245744 27451184
-49600385 -35693003
-67499286 86456716
-25713191 7391106
7563728 37519420
-99959790 -83179028
-34274627 26614534
94100856 -40956900
-7929413 -87996705
86636020 -14559438
24743250 41865948
-90032767 -27233546
-46394740 21754880
5173402 82488681
92991377 -40864761
86586423 -53187924
11119073 30237120
69210198 -10497600
96893506 96136151
33655570 -3986630
12834342 4457233
-68928233 86212143
-54744757 -68923923
-56920628 -74827378
10613184 89842193
84224503 -70284609
54998209 -12127203
-37855961 94191736
-70803222 -38880169
20255070 67317441
-85870484 -25295483
-42542000 59357855
-51139746 77764953
73901103 -73331803
75197930 -54246240
-97272645 60073035
46285178 -11967729
19108349 -66200878
11488108 -55943217
-13584662 62187721
-55580525 -25382346
-84993187 -29360160
-35168425 -48065954
13053877 -22849147
-55531707 46544717
-78750767 -14174690
-54816836 11114173
41395488 -21292767
57891794 46559782
-55170096 15296590
27885987 33089723
-78878006 -52442741
-18643618 26687527
-76739328 92746706
-92549212 -54639148
19978506 9676010
80315850 -48129737
3804309 87501683
-35347465 -2336212
-55791496 -30625451
55199859 61637191
25267726 17974100
96681334 -99616978
99459167 -33336787
-65523835 -92910511
40179212 -55710930
-8153670 -85121485
41566042 -86182432
-40919364 -74280926
-28920074 64826715
-25497276 -33468575
18401688 -56425206
-68923524 7334937
-42484913 -25277640
44096909 48245374
62398928 1723591
-27785947 -703233
52196152 40183016
-93153771 21411749
28501238 51655319
-51539249 -6161243
8717272 -31319550
35014381 40307081
66026155 2799677
-32373609 94095018
-39373558 -10377557
33197238 94645478
54496777 -68455508
6266852 -83209924
-82448187 -87988137
66251817 2880123
-97823111 -67532897
72650119 -61534130
59877619 -93110596
-88938915 -67987290
25851468 -11621143
-90424331 -40478164
99828918 -12914898
89884779 97106413
91201430 -81628566
7993878 10027532
57189373 4344234
35888727 -6292522
63013917 11686149
23698013 -5328059
97552065 80565730
-34450805 42466192
80932062 99728954
-40865280 -61800686
-29787976 93326044
34221263 -29804195
29717642 -51420146
35664957 43796932
40903344 82062922
-99565645 78066098
-11906370 84621137
-11034630 8428233
-97864290 -2200635
-90514487 -75145904
19526038 65149628
98231720 85699889
80682444 69594465
69323418 -36219085
54496592 61614505
-92543090 -19025499
51170306 -75291385
25804833 41678173
-14524896 33404310
2 15467231 13986152
1 44568612 -21105189
2 16032310 15901587
1 -23153818 -14821396
2 82977969 -95002321
2 -17631861 31498256
1 -3352117 -55020155
1 -69320267 -45589461
2 -75994997 47395965
1 -36306758 -36121461
2 -74506956 -54155217
1 26819284 -81810167
2 -4585188 -67050046
1 -72855510 30505953
1 -36089738 -78780356
1 87722159 12619594
2 -55969233 79377494
1 47795443 32290770
2 -82530626 60063077
1 -82422881 -75358376
1 56139880 -99552658
2 -54572813 -54742
2 -93127841 5304125
2 5216453 28623284
2 92501823 -69122838
2 29238308 68909695
1 87099529 -29488771
1 55977547 -43942408
2 -60920093 35030703
2 -91233291 83122037
1 48257993 2990169
1 34884025 96488868
1 81296000 -55194877
2 -42615438 -17320533
1 7321092 98765374
2 -48270921 -25038319
1 -72576699 15977334
2 -78718541 49672629
1 30812275 -65704540
2 17688985 26497912
2 47923969 75830461
2 -1141948 -53072707
1 55501248 87539860
1 22570562 -45164402
1 -9526003 94581155
1 50087686 31337271
2 80342501 -8751647
2 88569839 -15028289
1 67651178 -85845137
1 -87079764 -54045600
2 20916082 27488632
1 -56534034 17165678
1 19354670 -99144255
1 -64848794 17263788
1 -3721938 -49833056
2 -21486233 -94643447
2 -47716154 -3281607
1 -15741747 77371820
1 -15276220 -39698544
2 7398973 -40654823
2 -56801189 -72285860
1 18962493 -42513341
2 42458370 -76458689
2 -62303826 7532331
2 -93996907 62625910
1 42630905 3132774
2 -27185186 26919175
1 27774921 86096871
2 55877021 92169484
2 -5147209 -84557511
2 -79200958 4671445
1 -98610163 73366558
1 50738377 25599252
2 -61582930 -14351910
1 44993268 -64537843
1 -36823703 45816044
1 -44180935 88192079
2 -35750248 -65344848
1 94703846 -49206203
1 -86580294 54462290
1 10111426 -99293062
2 80142477 -91433027
2 94663844 82926240
1 75095724 60433760
1 -71607389 -96942774
2 7728671 -30051486
2 -56684929 -50808347
2 -72692733 9118509
2 94766599 -53430189
2 34548331 -34275662
1 -35943256 92276229
1 -67015331 -49759010
2 -15103858 19875809
1 70669606 -2765578
1 4213074 32116350
2 32823288 -63394326
1 -54827352 -85675501
2 97250739 65482127
2 25915886 -7647146
2 -4589919 -75137176
1 47327701 -93175141
1 -43983487 -44344886
2 64773623 -56840865
1 -10271054 35840143
1 -45919157 -87943416
2 -43150825 -23206361
2 27034629 18137587
1 -61986605 -10166155
2 -60415371 -35552867
2 96563483 -38800637
1 50321401 43797703
2 -89361436 81903133
1 99901623 -51989589
2 92879628 -39594335
2 -14731510 78333871
1 85158731 40806071
1 96461186 -67403810
1 28271688 -6308394
1 -70468252 -86248830
2 -74192246 -29483004
1 47310635 -16387408
1 -98249822 35173293
1 -74992863 -25654737
2 38792396 -7720063
1 -94004338 17108129
1 -39094169 87872241
1 -77708264 -91166575
1 -43156164 -28455605
2 31950060 -77806642
2 -46956409 2239827
2 -56954103 -30265088
2 54847466 -61797679
1 31893927 -60492918
1 5774616 -16880847
2 53636150 61425676
1 -2445370 84098733
1 19272025 946784
1 -72191590 -695192
1 -55898893 44279162
2 13903653 -80882832
2 -40494228 2613133
1 11446558 74809484
1 -1129759 34313871
1 -90976409 -79193243
1 23046584 -16663336
2 -94412062 -37932818
1 269504 66092481
1 -41884074 60435404
2 -3929080 -67836570
1 -53894532 -83593096
1 -99494364 2223432
2 -44313422 43660098
2 -4518731 19777662
1 16573186 36011351
2 55128520 92098739
2 -5288129 -69523161
1 -42197315 -32849346
2 -98535476 -93841571
1 -73034814 -90810711
2 -7474047 -89511885
2 -27444703 -97471868
2 -78863025 50630254
1 63582021 72824801
2 -42495406 -20747099
1 -4340195 -40347060
2 -85607266 3610062
2 -213477 48681805
1 -31540534 -29920688
1 -41392974 -52215846
2 -60117108 -62450986
2 -31974147 -86264455
2 -19113801 34594764
2 40753193 78344902
2 87534191 -17649277
2 -7161162 -79765259
2 -24720764 32576506
1 -16793241 -82089503
1 90735299 -3583789
1 -71814525 -53211221
2 58958082 756255
1 -43117321 76361643
1 25043447 -74132822
2 48462854 56669202
2 -95546645 -53980725
1 -16431710 -92930121
1 -26678213 -55663752
2 -68552626 -95889495
1 82455407 54207986
2 -10924929 -75283071
2 -55048330 69989597
2 55082465 -65569729
1 -47659232 72747269
1 -30836521 -61710776
2 37594366 -4407571
2 96348684 49865317
1 26226960 49068811
1 -72547649 -46768637
1 -90099436 3786769
1 49806045 75915205
1 82985084 -33129717
2 63722894 -14109303
2 -9998798 -43693130
1 -36968782 95170268
2 -80112804 -27543391
1 -5037432 -95377349
2 -60947078 17355229
1 -9897503 -49954967
1 40850620 -8606309
2 -60497518 -88217662
1 61647656 30961348
1 32546521 -64148834
1 -10917471 40390978
1 -55822254 59998873
2 35914077 51499456
2 -29113899 -53499847
1 32390850 71415524
2 -19761244 -65391006
1 -70220739 -77607948
1 47365024 95786338
1 -99591012 -50333543
2 -80461952 -5156046
2 97405350 -60538089
2 83371965 9640545
1 21422884 38255969
1 21733680 -77125554
1 11241975 35586902
1 -24022121 -45719800
2 -85720928 -47159134
2 -43143315 20155625
2 66655779 -97290488
2 -73358602 27742786
1 -85131857 51562991
1 73955043 6880154
2 2666491 -2836233
2 46830225 73836429
2 -31319617 55591843
2 95053754 -81115365
1 28525181 -33914268
2 -43141936 -69057920
1 6332889 2464427
1 -61948672 78591744
2 -14611694 -82425136
1 22932093 14029207
2 -13298806 52183742
1 -92590384 79788778
1 60047927 5873335
2 -42563674 -65948986
2 93447531 74916070
1 -27920164 -16092269
1 -42255840 48630385
1 4222227 -28573577
1 -9688941 78940906
2 -2457000 51792343
2 82734423 -28647398
1 73817029 54401064
1 85509170 41583674
2 59158538 -35615281
1 78413926 -29102524
2 -24402420 34606994
1 14395771 17631482
2 -76495183 -16992804
1 17058210 -25556303
2 1876129 33457506
1 -30118401 63022103
1 11652487 73955966
1 -2101249 27625759
2 59083027 -31608924
2 -79816582 88209810
1 -40437589 -43373973
1 -36456547 -44565797
2 97017878 -14104198
2 50280521 -50947377
1 72466462 -91307223
1 43299771 81210809
1 -1157709 -51935959
1 83587600 -42304458
1 84655602 74863471
2 60837339 645809
1 16184274 -13468269
1 13004059 -69281063
2 -89138941 -72163239
1 -3772163 -89097191
1 -48371018 69944086
2 -20913525 16411256
2 -75638179 63707756
1 -50396442 42629929
2 -55801086 -78620302
1 -69927524 -47599559
2 -66388750 -83334625
1 17245779 -74111391
2 36100514 84969904
1 -87650264 833378
1 -46004451 20756116
1 -40195791 73187075
1 -96093989 70179823
1 -49467054 72808268
1 -63772561 -32716567
2 -10256118 46760784
2 15688402 -12143579
2 -48435823 68830357
1 63976648 92566586
2 -86053716 53684098
1 -93915462 -91824439
1 -22642701 -3464877
2 22423732 -60304212
1 -22817946 -52880560
1 -99530820 -41475754
2 -68203276 -10468210
2 -37281136 6981092
1 -22839085 -8399067
2 16925563 19141239
2 -61058966 80210224
1 26971007 53153002
1 -58990577 28684916
1 50031636 -4824229
2 -12257643 45089963
1 -1225940 14008283
2 74700208 54205004
1 3256489 4858598
2 97070750 4573869
2 -95790328 -74319780
2 36720829 26769166
1 -83699044 -95321148
2 11659945 -78966085
2 12634848 31536183
1 3193784 -58662778
1 -78452555 -17923227
2 -64770225 42134819
1 -29180266 -98965185
2 48726949 28755561
1 -26154477 -26632268
1 -60107622 -11014332
1 -4292966 72619583
1 29994543 -85407415
1 71682817 98963523
2 -22839894 79581655
1 6350821 75892489
1 -66912296 -86119066
1 -65085150 22651777
1 6704322 97264012
2 -61398767 -99933940
1 -17857166 -90101894
2 52032925 12665041
2 13699856 17372609
1 -1355468 -24630979
2 48736754 14943168
2 -96071165 72490055
1 97626000 -58854506
1 -44261921 -364130
2 -1400608 80136905
1 59718560 -20062742
2 8346110 -71724140
1 -57843205 18585743
1 -6246118 93950177
1 91214188 29588008
2 29654068 -99541797
1 -37127328 -17668217
1 94996824 -35686736
1 -65797765 -85094404
1 42790981 61213043
1 -23843790 32846767
2 5336821 44044097
1 85189591 32601408
1 -15246360 55479183
2 35616088 -6555968
1 -74102348 -64130605
1 -35854745 47851010
1 -33563248 34243762
2 28193938 6302050
1 -11593580 60190634
1 -86834801 19408125
1 -45743730 -81939512
1 34890115 -23962128
2 43459831 -50746906
2 -89533864 69092351
1 1939117 -13749189
1 -17188730 39138709
1 24256479 -40207699
2 -84728517 -31999140
1 -86038746 -90989881
2 -55120486 -96596067
2 51254943 -60141093
2 74102669 9024769
2 -32156818 -82308306
2 -69601310 54812970
2 26737457 56249602
1 -73173548 -3919747
2 72118125 80993728
1 -69753179 61716568
2 30808918 15577955
1 -45654871 -6770680
1 -15115609 -14735603
1 45056698 37156399
1 -42326378 -90859131
1 -81849012 60328182
2 63732115 -28365124
2 11493783 15546865
1 -22912003 14987058
2 85195115 38112815
1 -7074216 44931179
2 53697143 -31889832
2 64190421 -80336760
1 -46826670 -66960042
2 -52727112 88824908
1 56919225 35936514
2 -18317804 78081806
1 15862565 -88735647
1 -99062885 66566587
1 -71776181 -39080737
2 -78752556 -41389263
1 82761976 -53625193
2 -85561965 -62504079
1 -95000659 46772122
2 -15115064 -8473968
2 -63542790 -57289181
2 10820987 -69672918
2 2506685 -57329285
2 -24289327 27527770
1 16352677 55680016
2 -8383471 22983561
1 53581729 -26728099
1 37052618 73298726
2 39865312 -30555706
1 30363557 37989733
2 -50883168 -79394507
2 19496664 -95872637
1 -58376716 -15604830
1 -68832709 33934699
1 -74539270 -861011
2 41849808 68568590
1 98895672 14434303
2 -90378620 -47329206
2 -67285074 1402357
1 -42917628 -14667946
1 -39168023 49067603
2 -25144134 -98784737
2 74513989 -85586294
1 36374363 -88091517
1 -97585422 66895664
2 87501157 19254282
2 23381645 4047773
1 88442944 6997820
2 -6551119 -82478709
2 16660280 -27873403
1 -59304813 18909611
1 -14139724 -41489913
1 63697244 -60409142
2 93509578 -4518343
2 80813711 96412170
2 45479772 -49408051
1 -48192787 -5837950
1 8575756 -27147999
2 -15239516 -21162436
2 -54266773 -2533519
1 -83279238 39691426
1 -56260802 -14249253
1 -54735071 92618770
1 -89859939 -15301496
1 56825102 38713811
1 10139784 79316704
1 -62173209 97520289
1 -10372491 96000061
2 -8518283 -45959603
2 -49547433 -16862913
1 86245399 24811790
1 -81026161 -51551299
1 21300702 -9431026
1 69406539 80065959
1 -22467561 -41422451
1 -49214663 -32343872
2 -94076763 46769565
1 39388334 47040898
2 -68260598 -48811833
1 89901978 -97955243
2 81361462 88564504
2 -61398846 41761
1 48558184 -28295385
1 25745012 28228663
1 -36117888 -59960100
1 -82631948 -71286059
2 -22837357 -49872489
1 40696485 -11141745
1 -31075787 -49020293
1 62073619 10103023
2 -69724486 98973015
1 45742579 -34624682
2 -87583784 -63801249
2 -12613082 37647276
2 39692033 -55844382
2 -14763516 29805258
1 -70152981 21053494
2 92758109 23837638
1 4582663 78405203
2 -29038534 71019484
1 99733425 68464776
1 -81407714 -11670482
2 -70295865 29412430
1 -67091500 59288771
1 21908157 -1371652
1 50117726 -52501519
2 12873800 52183671
1 88382422 48376667
1 -13976058 25290016
1 -78038004 -24230660
1 -41909040 -74284025
2 99285832 7198480
2 -68963883 -12062021
2 18859545 -55439697
2 -84420214 35618780
2 56599918 -57662627
2 83183254 -84686790
1 97242004 75192204
2 86997338 -87112611
2 64032100 -69849497
2 -22351016 8905494
1 -38910836 14149825
2 15042855 90522784
1 68329162 1987948
2 -69726350 -98933204
1 -20700866 90291158
2 -2510363 -11635389
2 -71181048 31101329
2 75661632 81042117
2 69177260 47678497
2 -57467768 91241418
2 -40929010 25777177
1 53485744 -74284514
1 -61397125 8829356
1 38979859 40483081
1 -50611426 -97365026
1 69301163 -30854794
2 -40332011 62994101
1 17498411 -15655983
1 37927176 -19486486
2 -29195329 47772062
2 -11346965 -30257327
1 -99155999 -79189329
1 -98147213 17471987
1 17666847 76505633
2 -79736588 -76453591
2 -98160051 60199079
2 -61569073 31850765
1 -59319879 55325693
1 -4191227 -22966198
1 32185140 -67823658
2 1321548 97713710
1 -86775828 1486302
2 -61653319 -86494100
2 -5980586 30722583
2 31011007 76273857
1 -1467108 -82659553
1 -61848882 -27819596
2 -57831246 -623107
2 28398888 -7479731
1 16066678 59835601
1 72551042 -98821338
2 33029428 17906627
1 -26767681 -89018031
1 -11984229 -73774089
2 10918616 -78442546
1 -80728837 -27282727
2 -73280063 -87759836
1 -21737573 -14988302
2 -31749356 -34933382
2 -6143162 -75201797
2 -57861350 -48221987
1 23958418 92389730
2 -8233377 -19710231
2 72810038 66127172
1 78479135 -27318127
2 -26139464 -11123285
1 -40700295 51030176
2 -85471493 -40593674
2 38148600 32532024
1 -93394159 55060642
2 -72222086 -50932785
1 13823742 -74122996
1 63405066 -45502148
1 19564470 -55397469
2 -30599266 -68344291
2 35950085 -34062330
1 -41672600 11539385
2 91829154 12424865
1 -21447964 -97389615
1 -24707742 -82844447
2 6032268 9547533
1 -39422291 -98330844
2 13591845 -82151665
2 50380360 -24893784
2 -17316780 -48259556
1 53324023 56986201
1 -64620433 10461135
1 64958987 -32852236
1 64266659 -48699005
2 35473067 37039819
2 -44506148 -66332608
2 45206777 -28576848
2 83848017 13821252
2 68948000 89552293
1 -93292155 14916416
2 -75536052 -3243380
1 -1574223 65256477
1 83104812 37558020
1 -34819401 -87982379
2 16274429 33485171
1 42987734 47863819
2 -41675047 -30401549
2 89262578 -69116336
1 -17815341 -24199698
2 -34643516 53529236
1 87196629 -82342274
2 -10919122 20850336
1 -12812050 84919768
2 74472061 25445257
1 -59638328 8652312
1 -94591069 81179906
2 46436382 -35174379
1 -45099997 56351071
2 -79114945 29541194
1 15542727 20080602
2 -32055579 37159484
2 -93242066 11046824
1 41930488 78785737
2 -45413961 -51463126
2 -45417527 -75884854
2 -58227128 72458886
2 45825584 -58220899
1 -20784769 83370113
1 8815370 -66986467
1 41665845 -46312709
1 -12616440 -98306596
2 19035388 99591139
1 55942210 -66180059
1 -84122503 73935392
2 -5984007 76827265
2 13986748 31420225
1 -5016589 -85523224
1 93262514 73261045
1 -25685719 -63086102
1 -38970956 364915
1 -27176200 28896754
1 -76807783 55318280
2 91204755 -81350617
1 4179279 2407449
2 56094740 52536487
2 -93253746 -1638514
1 -2047376 -4005338
1 29814604 25781642
1 -282967 -46105167
2 -69277903 98208464
2 82145051 -53750611
2 -39273835 97225208
1 -76997386 -22871539
2 14042359 6505041
2 -40613682 -2683104
2 -73786351 -72412234
2 -64577592 32210118
1 -96624137 -50594133
2 51813316 -73372838
2 -68319988 60071505
1 -41567010 60424418
2 -43580920 -61573734
2 64207908 -91098023
1 -37203190 -61249954
2 -63041491 16441304
1 -84792945 46035271
2 95776841 -28380077
2 48748384 28449583
2 -65045376 -81220545
2 16096351 -37209257
2 42894872 -5659058
2 -20932577 42310000
2 -55767771 78317280
1 -42539196 34959649
2 47547517 -51438093
1 -91013675 -10859184
1 80083445 -41503131
2 -32601154 17921768
2 56671814 96807716
1 13249019 82712020
1 81263653 -53853315
1 17766608 28456074
2 -43094344 77040493
1 -51663690 19031355
2 -65661540 44376643
1 -8766052 -83050977
2 -88224614 77233332
1 -91933027 -77182267
1 57777382 -43992385
1 4569523 -34472223
1 -92815044 5324898
1 -83661870 66072211
2 -16006022 -60215237
2 -63407522 -16263024
1 -33551005 -6817846
1 91845202 49841497
2 30813933 229010
2 -22730497 9611810
2 -18840473 -59764048
1 84612595 78122176
1 95071200 15497987
1 -7268682 -24153458
2 -1335725 -93153415
2 -37145800 798291
1 -81157570 8958020
1 -33200720 -80059915
1 86012296 -21456251
1 18328513 -16862590
2 -80609251 22522636
2 -84295211 54920991
1 57278851 38356107
2 -61414883 -92450009
2 69678164 -11907217
1 80845098 68370983
2 46493158 -49162310
1 -81147961 65457693
1 -6179403 41564357
1 48410942 11583357
2 -35101990 -54998765
2 -93524383 -36218495
1 -16278410 -16259560
2 62284190 25791260
2 -38554967 -30266114
2 92256522 33129065
1 -11949945 -19164218
1 -80808112 -39522326
2 20544028 -2154732
2 -61545586 -42222995
2 -73852013 42738554
1 -53907394 -80700489
1 -62726434 -74842492
1 66721865 -35055355
1 76528002 31094164
2 -71388239 67649170
2 -68569326 -6057626
2 77682814 -12396259
1 -86605000 67668627
2 -10081125 92483366
2 25612430 -25159967
2 -91807823 -17824603
1 95169434 -33821152
1 64024116 -72615934
2 37677434 15713461
2 10968377 -97521471
1 -25705596 -83658216
1 -58500708 57060983
1 -77994373 11567970
1 -4821504 -39262481
2 -71613312 -48950009
2 44992365 23790257
2 -36089640 12333725
2 -19997648 75191541
1 -79808731 29821724
2 -95338244 -77562411
2 4612986 45803699
1 -35501091 -87146066
2 -7245637 52298782
1 20528605 -18960612
2 36034280 -69568204
1 -53226420 -68503019
2 88557964 -89671317
2 21896654 40789235
1 -98473246 -36920047
2 14129944 -82924851
2 93381770 -17570195
1 -52720107 11638671
1 -13169788 -42707871
2 -60369785 27282245
2 -97763804 7021481
1 5341542 -55708028
1 9662269 6849183
1 11664327 -77643186
1 3396202 -97583369
2 -14635210 -67807068
2 -36310087 -8053156
1 2275528 32138371
1 25443968 4764240
2 67844193 -75827819
1 -6236307 26970722
2 -90599473 34490500
1 -1354467 -12854538
1 96953955 -43319580
1 -63520973 -62007893
1 45013588 -63415831
2 33392504 -61284777
2 98080769 2871493
1 77744670 -4428865
1 -2012234 9745096
1 94454391 33657234
1 -74395923 -64131081
1 -79476348 -41855697
2 62908543 27879605
2 -95431852 45967620
2 -27061658 30752736
1 17759598 50848205
1 -9489971 34855232
2 -55947986 -83594870
2 -45602762 -12536017
2 76564516 33047404
1 -75721011 -48072812
2 -92684957 62473382
1 -41955483 -77640242
1 84621217 85059713
2 18716946 -91451355
2 -3066073 79075607
1 -10263728 96837387
2 77233354 17457579
2 -36574801 -47355185
2 -64086087 81801503
2 32649707 36363541
1 23735135 -93810127
1 -77404997 -76840265
2 63140082 67787149
2 53350915 29508604
1 81435793 92220960
1 -92789297 77629904
1 -47493976 -58732802
2 -73673089 17771583
1 78836592 -62872760
1 -31280791 97560220
2 -53086032 -24229482
2 93228098 -89028156
2 -36383341 -75852678
1 -41534813 -43346704
1 -54466801 52046935
1 -89246830 -56368744
2 19307354 -78215304
2 -57911793 -66651827
2 -84626860 -17552565
1 27184757 95439122
2 73069025 96808933
1 -61923870 86911824
1 4683406 -74424951
1 15218652 16919404
2 66995987 -16480003
1 -88193122 -63545776
1 -52573932 -86090046
1 -9426361 -94965025
2 14204634 63559090
2 15606024 49038826
2 92670082 59737833
1 81522529 26359194
2 -87776271 11977436
2 -53058767 -23872902
2 -28433781 -72403131
1 -23077836 -73357647
2 -86445824 -55364757
2 22726655 67514658
2 -15565939 70753945
1 -45726058 -9538330
1 26915894 3946410
1 70372728 -33919180
2 23632158 74341962
2 37901051 -39053634
1 -90014808 -62163209
2 -49909014 6023437
2 -15101007 -44828364
2 67149072 -15870123
1 60256975 -2877278
1 77235955 -33393332
1 -6750979 -68176807
2 28974799 -45841882
1 -78327225 6803197
1 30073504 -48298546
2 42163124 58623200
2 15085972 -63136192
1 55460991 21595380
2 -4062659 -14541301
2 46405066 -20906852
1 16929939 -13645246
2 92378191 -91093380
2 -35921744 67020925
1 -48849199 -22722817
1 -73083733 -68772672
1 50350359 -36075862
2 -4252669 -95847779
1 10826703 -56400621
2 -97081062 -75277870
1 28939947 32499478
2 43639040 32992442
2 69856251 23619433
1 -54785188 -41274988
2 44183711 25317241
1 -43073248 41152153
1 -72493094 43105139
1 52011759 -73626947
2 93393979 -27598541
2 49678642 -83909985
2 -166294 -2938858
2 60985281 76594909
1 -66736507 -49815936
2 46299806 9248974
2 33971104 44090196
1 29106036 49218744
1 34727548 15427413
1 0 0
1 0 0
1 0 0
1 0 0
2 0 0
1 0 0
2 0 0
1 0 0
1 0 0
2 0 0
1 0 0
2 0 0
1 0 0
1 0 0
1 0 0
2 0 0
2 0 0
1 0 0
2 0 0
1 0 0
1 0 0
2 0 0
2 0 0
1 0 0
1 0 0
2 0 0
1 0 0
1 0 0
1 0 0
1 0 0
1 0 0
1 0 0
1 0 0
1 0 0
1 0 0
1 0 0
2 0 0
2 0 0
1 0 0
2 0 0
2 0 0
2 0 0
2 0 0
2 0 0
2 0 0
2 0 0
1 0 0
1 0 0
2 0 0
2 0 0
1 0 0
1 0 0
1 0 0
1 0 0
1 0 0
2 0 0
2 0 0
1 0 0
2 0 0
2 0 0
1 0 0
2 0 0
2 0 0
2 0 0
2 0 0
1 0 0
2 0 0
1 0 0
2 0 0
2 0 0
1 0 0
1 0 0
1 0 0
2 0 0
2 0 0
2 0 0
1 0 0
1 0 0
1 0 0
2 0 0
2 0 0
1 0 0
2 0 0
1 0 0
1 0 0
2 0 0
2 0 0
2 0 0
2 0 0
1 0 0
1 0 0
1 0 0
2 0 0
1 0 0
2 0 0
1 0 0
1 0 0
1 0 0
2 0 0
2 0 0
2 0 0
2 0 0
1 0 0
1 0 0
1 0 0
