857 1000
-57996125 87286314
-40779430 -33712077
58491888 -23730557
-80520739 -35131290
38154452 -43648367
84748271 -44107514
-42703641 45831968
-24208431 39178412
98311956 -4274496
64292839 89095229
45143374 31299948
-5362390 82609898
-64540901 -65267262
40315088 41598187
-49140782 35670537
22956850 -22078699
44209224 -7136907
-78351102 82177420
-437507 2701111
59052744 -58871841
-2979355 -62283056
-63934725 96317378
35495789 -93166634
2558870 11856844
53468435 86324107
17624054 19368071
1977968 -1388192
33344546 -35221973
-41107424 37437067
-26892396 26175996
-95902704 62268157
-44868751 -51419184
-16725401 48306520
3523994 29296510
-77058969 82837092
-26929602 15093100
11410477 72478039
-68172233 9135673
-79007484 -577372
-14253265 34386637
6271070 -73022687
25589121 -44112849
73181541 -39234600
-49281170 11450029
-62373975 -67925884
94342273 23826434
-75076388 -58276679
-57453796 1989884
-68713607 8198211
43551665 46070198
-38836703 6743787
-20778175 -83377937
25757736 -74909863
24512765 11049592
-2047409 99266616
-73756072 -37224138
18663014 -43259977
17505424 -95650588
15799441 -8155446
76435034 68224254
44567050 -94058172
181513 -76706332
25283553 -77992976
30205236 42727717
41314277 -90913692
68346459 26273263
95411689 -97522427
-19915927 -52431717
-88865762 21169425
72952403 -95403162
-32627300 9086829
65826853 99196331
-43937895 -61447924
82912994 35848639
4072892 71861547
-69680263 -88135611
-64841943 1156304
23163328 30501250
25745329 -87042028
-25439356 5884926
-67841811 19575968
22053542 -57092898
-9524615 -72430123
-98744336 -45346023
-40749185 1609623
-36787185 74208067
-74079240 79139879
-29791683 -18443970
-82595332 -18017135
6360774 -46878690
-35014301 73993923
-24849774 36680512
19698124 52660120
65618092 98313554
4198480 -2040184
-82464217 -59821265
-16914163 88873032
-31040729 92105688
-53240335 -73922415
80203571 22731299
49455728 58526843
37666721 -56583615
77488778 75376488
-42640647 -92124962
13512711 94893446
68887368 -83763511
-94566637 -68985227
83674893 -55962407
-5132490 25131488
-24392334 49292984
-58011918 -48417648
-7028254 -6856551
37765500 77590282
-96332134 -85552621
37178678 84525165
43052007 -63612200
32320548 -13365594
14527256 33235091
41110129 9809326
4702771 -75597029
-59360539 7139202
38153975 26106502
-77339543 -53927176
-76279326 21828867
23638214 17527967
-78373319 -671660
-55011848 65626296
43216577 14598427
81562170 82753652
-80204822 99400807
-64211394 18740847
-42108385 62847185
48598638 68109154
-22081521 72418872
-50661795 42225129
-50635669 -64862387
-86239523 -10022334
88566854 87518306
61863536 -63579066
-93534736 -87712473
64132231 -14498251
3644407 -71908055
95206736 -38363255
-55609604 -53139017
-1221848 -70714733
48026114 -35814426
-20450879 34566758
55192275 -41565908
-16630674 -71852241
70372888 -14372884
20764729 32707531
-24798440 -27746419
-40228113 34525206
-76537497 -36231587
28572303 -25848215
59653534 -70072233
10536075 45220896
-93142360 -36702060
62675286 58259173
87544440 3764399
67949973 13969801
1052921 88086917
-53478992 15457
80679579 -43754805
41872312 82406697
15114227 -96431172
-24177590 15153403
-50321391 -57167851
59116925 88110660
-37737556 25657475
55585242 -12310772
-14573514 -25567660
90246643 -33878684
-23103148 -7715873
96048526 -94561710
19408091 -35558709
5044570 -83485139
69046681 -79538988
-23293793 -95918060
86488637 49726259
53295087 -28905119
86248285 54119227
96951376 -18366141
-30255482 -11556744
-85899270 56068301
-3726109 84523325
-41044336 -77797666
40840013 -65783261
26500866 -50797694
-45359403 -82263136
34694519 75065755
-55903022 -73434950
-52973938 -60260912
-56178971 -86856342
-84613721 76248633
-52656487 -69690335
84428892 -78802272
2831588 -13891840
74551416 -66103370
89964931 -74907532
-90384207 -58831492
-36629158 38755184
72971923 21087820
-77193511 -95789145
-78052281 51989152
79571269 -22552914
4012136 56642238
-51102311 -76331754
-10671733 -96445439
79803194 -7281282
75544746 57230909
78428637 -20336931
65771230 59973638
-53613370 33776587
58869056 40322645
-65992484 -63648440
-72376894 -78998789
42089031 -2621642
1589213 -99404972
-94899458 -82588118
-5141032 76053296
85211896 84671811
-39143581 -48612533
7458391 -65890416
79344665 50184686
7415594 -12738416
66924653 54889411
67379411 38360594
-27862820 85212245
78051253 -86233960
2633963 -16477402
4523809 -87941232
9437126 30257069
83368460 -870797
16541085 -36457298
-7887640 88469003
73140813 -36083584
67820246 29840618
63950203 -66002768
-63301720 -24721364
-84943418 95811230
50700640 44113875
-17525532 -65502403
-80290158 18080050
31846090 -92871990
-9349391 97761095
-37663775 -65519948
-82746517 -52309220
99336346 -75710287
-12167585 -99378057
89090946 68393794
-67689791 -67538863
62301756 62231758
-51254648 -47353183
27925453 78768321
74579550 -14556367
-17926130 42982035
77479632 25280190
-4123398 -82935300
-75807290 -50294164
-52533070 -19760945
67235470 67359682
-84949538 9803155
34092869 84488954
85110897 -33096830
-64703037 -25558354
6902784 -73281796
88949962 20123535
72770352 21720902
489222 -9788323
75655310 53212167
48710564 27585134
-47134677 10245542
27310242 26190196
-71587606 -98741712
-18502657 -95980686
71378997 -24120675
-61801158 -51267188
-66778235 -61054179
5848991 -75191927
-750280 -29150976
-2432772 41145955
-38730511 -41331134
-67093870 39033553
-70754771 -13443796
-60231630 33395352
-39019515 -42583099
67662443 -59004703
-80298145 66362172
-79863178 47489047
51508361 -51885751
23993574 1634165
-97116661 22887357
61833178 -85291221
-60483148 -11378532
59470492 -32317831
-38655514 91282935
2468163 -42962280
-51412365 75130338
14202904 35374293
21286007 -22167136
87766128 -93512363
-52517066 -65217145
-46338611 -92055068
55433979 -32815211
15299038 -26201789
75432376 6942339
-70170304 -8191025
6517754 -69167923
19453545 -55820764
64377768 98550969
-57649734 -21075963
88478120 -74277747
-46631046 44818429
-19807278 -62934246
67414981 67571858
74059495 -46004909
-11222054 55181108
63126040 -78457572
-11272783 42439335
-83762455 18560018
-21981281 -43457382
48351593 -55813717
-24981639 7848415
-95455986 7385709
5936677 94471906
25912305 68921782
-52839602 48286943
45621735 14390424
-96027460 529352
-31898791 -74185544
-20190453 71387521
79084991 -5322933
16219495 -78896144
63543191 94727393
13287410 -42536925
14005693 -67702901
-23516618 -56177508
-95812731 -37642715
69742994 -95981895
98490012 -91268717
77653066 28196033
28999339 24402316
-8690897 -22670174
77859178 -25378927
52951892 -4718357
-33330836 -1523251
93153816 -14722199
6381657 -1729483
-7002090 9373311
66836386 22441211
54738310 -41198318
2624174 -19157922
95715726 -16261946
-12243840 6811444
15542727 -82024919
46171114 38762534
15681212 45712155
-76958020 27686815
-45175750 -93009686
54788321 -46582480
51894270 -39707496
45570306 -78542516
19728001 45048085
6937758 4468325
-73090465 -34757727
24043956 26290506
-40351054 -65835793
17902262 -73331871
33479573 7881034
25856115 -41825216
96937318 1538663
-52749183 24543592
4746769 65134892
-75358431 -29707202
76226681 59571020
-80136477 79429890
-99112627 28120950
25685398 -82049809
22418517 73131737
-61625990 -14860482
-36053613 49328052
-63991378 -85065672
-58397543 76111696
-16007270 53910884
-35397970 -72401607
29137056 -90151156
86908799 -38460653
-20809399 76387873
-802967 -8344432
3742950 3832170
-16737941 -24576286
-43938974 23606473
41556665 36665795
9797532 81746424
19402305 16491544
-34180405 -99312096
-84377768 83348692
59460387 54344580
8255463 9741052
37339445 -4030521
5818324 72857493
-13086798 -33523500
-4619264 45243485
-63100948 66103804
-30064027 94577769
22517845 40642002
16764838 -94285605
42380190 78578872
-87158343 10837865
-72670592 4694084
57898351 32243962
68109016 45665366
9946 -73963055
35777998 80085766
-23944756 -39218229
-66360736 -26882558
39593943 -65610070
-67850222 73068829
91688995 -65025322
-17931191 -30951170
-37792805 14141331
19855726 -95413346
-64318112 -68511605
42326260 -37764085
-80553638 1039908
-14199767 69655668
67837396 77344713
-96618342 -46090752
-13488624 -32152659
28629113 39159656
-35206540 -84917017
-50527087 -85215261
-59630070 -43096235
44394806 -18377309
-96812116 -67941075
46200256 -73536385
-16433368 17911442
49399837 18572344
-66675379 71764883
-27195210 44242459
66414489 -47229017
-17367941 58605023
-34969366 34251884
-97900775 -13986283
-22310265 51542010
66624993 83244701
98029440 42483195
99386961 -31385731
-97246678 -61600631
22974657 43781766
-77238257 -41542431
76369011 21691275
-59736382 58844738
30609620 78285210
22527668 26104603
-68608052 -96585590
-85464205 -11057844
-76805960 14024007
-47445914 -20433571
-16375198 -22190372
-38945672 30243821
25243379 -49750206
71380426 -40916233
49999499 77146702
73444830 74133749
-67408683 -27025844
-52818207 96206574
-92432327 -38523309
-60238100 -12554588
-33933623 38177294
94108067 -85194069
3748087 -2541675
-36001305 -91356139
-11789709 79458490
-42731883 16552781
-687035 71835093
-25398751 18322445
-70077426 -22927294
-45780593 -1501962
25148149 -67561564
5412592 -72335764
-23612828 -89744172
-28267481 52594385
-7443841 -16045154
-25351498 64010783
78816714 -88861102
8597224 -31243432
-22599571 -17435200
-37976710 72595919
41665062 -81872918
-57521463 71807770
-9869785 -6505611
70567095 17079787
-84422176 72569152
-94992413 -75213499
4967101 93242336
-96501837 62936542
68047290 -66129365
70341844 -24769317
-60758535 13119811
24258710 -55009655
66263276 -81941822
53139341 -67144067
-42031786 -3819932
14307150 -32321007
-60513237 -47850362
45644028 56785688
26381837 82133341
54702492 16211122
93513987 94476024
87718359 -87773558
75162984 50997450
84868085 91216522
18963567 95726636
8846447 -92273709
5232999 58205032
-71220428 -66894844
18477452 -28503725
67676343 -65564724
2114269 -71037972
-18888334 34499855
-8714458 41601032
23734372 -20727944
95483179 -82332622
-87856599 30953227
43179669 -58486473
92510977 -47621878
-56405356 70859015
66585651 77379061
-62378286 62558211
73279606 27948460
61053616 42854714
-85649012 -97940823
-10989184 -20468933
61009458 -65456307
69043548 91125086
85242480 -57878877
73909543 12845453
30512831 61493215
-7553559 69392721
-89093753 95172596
-52449283 -11857528
11517849 -44066414
-66687354 43661724
6219935 30619862
-41431679 -29065639
-33694563 -20500460
34075080 -80378064
51669366 -19343575
67716481 -76914104
-33272656 65195186
-40167328 36760028
2121843 -48030177
-86536963 -66257786
-44348703 -14848963
32839995 58425841
-915325 -33442456
75007493 80390712
76568799 -89397476
41222386 -39163499
31770862 -17211267
-85195365 -47692930
24445369 -49407339
31249086 -98603923
-23001664 28631098
-6173717 51481929
40758320 43725680
-51788134 53658955
87401169 -57119838
28031199 -38325097
-27382893 -56947535
62126372 -39128807
-6221732 71701782
82304306 37133864
97970366 -29652934
-94347839 76043055
-71649876 82257590
-67149749 -27026841
26885599 -94688145
33942953 -83384301
-79386009 -43599702
-47357660 -72230764
-66055447 61372311
-43231165 854206
-84954528 -78654278
16914550 84800035
-1812410 -12337421
-40635640 31557285
-31308852 -55517780
67345649 -5814971
22744446 19177876
53951829 -74485828
51003694 -96389068
-91077213 -60681558
-44065859 -22110707
34289591 42865741
-76848661 29064495
-9563195 86931931
40302500 -42904108
30957977 47205641
84522038 55347972
-4473087 -52127473
79429812 35225990
-67775427 54891273
1592664 637322
-80184802 99570222
-22399243 -75662891
-72051959 -73716611
-34398169 -71395550
6493743 -63129171
-67747068 74052335
3116830 -6700304
-19768373 -44595729
12500163 -53930003
93275638 -26949511
-71601540 -56541860
43847030 -69685963
-81943610 23925373
31333008 23276841
-76085838 -49719037
-50148816 -14557965
9779144 -3754277
22529112 27451941
-91427246 37727186
-72885623 -59352695
-85300360 15066497
-91633807 -40632691
14771580 17816470
63886467 41114183
-33318966 -72728258
23246245 -90321533
-7491133 -4920506
-28478771 -32906726
-57113523 10565257
60846220 -44629401
40812634 19317003
-84437275 -36786233
-56817930 3108141
-59164674 90608201
-68744495 -48245176
66821322 -32050297
27317012 -1528492
-83712023 -72296123
-78665578 -5395046
74393059 -67309193
-57630726 -11984544
-64388688 -2360696
-82751060 34878141
-2040239 59648904
-84980498 -39864582
79452421 -41194020
22019747 -91651501
11456640 -52468492
-61860292 65201818
-83043359 -95191672
25274394 21911577
-79616916 -63705675
16514565 -47408595
99712722 -10812575
21878232 37848987
-74135558 74105780
-28254917 -83236132
-95841629 13992117
-26358980 -11005976
49129442 2118132
-86559525 41176886
49525385 81098225
-71370268 35460222
53178402 13498387
18306715 -33230559
-58802620 -77348594
-41054269 -56418892
48688876 14096827
-96715749 -72023341
65825646 48401597
75023739 77678846
-53040924 -55793549
58198568 -53231178
88279209 3633811
-94248058 -15644049
-74467164 89925013
71023237 -80807583
-92830998 -72425417
41072970 99652969
18938772 -87136234
-64484828 11896047
-92006483 -87347486
26749342 46977267
74953926 56682393
57600352 82549956
60228802 40779571
-62497616 32624090
-68090726 -40295760
63338051 95700953
32573266 -27295155
15146220 -78393644
-59201227 58106102
85680685 -13830544
38338788 484138
13347905 79270017
-8833937 9793922
22446437 48863077
-4159657 -840420
8358335 1712141
-15737904 23310631
-35909798 18475049
3615501 -2992740
56711501 1592586
49809901 35524776
-39254017 20049551
41655907 -17616834
-6994370 75892204
14578022 -65028957
35455181 31202677
10472693 5433172
-32256543 1319448
2698888 -98361245
53314698 90189894
-8097966 98539231
21849862 14189395
-67335557 -71319508
25687753 -61543574
92565375 36279945
24321083 -17600747
-45034834 94891639
29791167 -62416572
-86524369 -50862564
-15891521 -24686840
-93484164 80570017
38519551 -27919978
73399471 16988530
71143648 -93736993
-51030737 -23901642
27153951 24458346
-8835897 93387660
-77931848 1520175
92492964 23828547
12624854 -99727733
-17328480 -62425299
-67533661 -63054064
-25470636 90153049
-60709516 -85226132
-9912972 40521359
73607738 23398963
-52004652 -3397135
-33892243 12127288
70906659 -78605182
50009539 -62748596
-85773888 -80124079
-86736419 29679852
-16283610 5390216
-18264875 -12151904
-11879637 -23790647
13784054 94359979
-68694086 -76691755
-86538707 98766756
-33943013 58351641
-1127001 -47248222
-71332897 56144015
5263242 24997099
-10359250 -23337549
50573632 71370999
-91377597 -39452592
-19576671 583170
-17220615 -77151485
80755094 46203273
-65948632 66495775
-57294873 -37509782
-43149804 74688094
97996339 -90994456
-92227701 40672473
-975886 -88542368
-35790590 -26170714
-17510336 -49586525
75410575 45392876
-77944673 87752906
59123905 -34948676
78115095 72628959
25728492 -79737330
-4372452 -41461577
-42741941 -91492124
75003651 -23617358
91389223 43825790
18513884 -29774860
-20769316 -51760581
-58571746 16510222
27967854 39519347
-34135005 40452368
-56617794 -55306374
90086503 -99128979
88623928 -28690857
88876830 -35341808
-10196487 -99735806
-26956773 66991924
-21953291 -84467996
-23443757 68670775
-2430221 35304768
-20869442 -48440107
74301397 -11040998
89714784 97644442
66671026 -46467920
-54432211 -68856963
-75888232 -5361120
91848869 63949148
64820169 -32506026
38803117 -65548267
-890075 -94039542
-41258985 27679946
47188232 -58570199
-43038195 31784242
455017 -74765060
60539709 33518049
-62405696 98024796
-13016203 -7813371
42347433 -88104300
17944144 29214943
60357981 9018458
-43826300 -83971705
79977443 84469749
4480085 -51977431
34990665 44797612
-96725568 -56716799
-76520491 -13383047
28046754 -37984552
93799690 70667741
-51580957 85008559
71042970 -5745294
44795865 -38524886
53661743 -91362726
-26950663 -15703976
-86489033 -3990825
-42456004 90993481
-92978224 -73614690
-36628579 13717696
-85743373 -60484419
-63170445 67851506
-88865294 49247293
-11619392 -59896012
2119436 -12869422
10314681 -83572639
-46047718 48435488
-4793443 58733724
-79791162 -75004748
-13851111 -59997579
76814808 73870581
22396119 59198226
-97291931 90325775
-30772553 79940115
46174173 -37753792
1761789 32598868
450373 60430801
9678093 38591345
-68788305 64101442
-48767981 -49424937
-32997576 85847494
34282981 -85936938
1 72796787 20954706
2 98466321 -70510463
1 22008321 93005625
2 -80607433 37131572
1 48846161 -1176871
1 41665266 94305049
1 -73238475 51554230
1 -86199563 -89107287
1 43491581 72935699
2 33366499 68078589
1 6669933 -3541683
2 -39440242 -4439046
1 46136017 90397991
2 76245484 64308141
1 78371203 -34345197
1 -60874129 10528465
2 92534365 51167989
2 96689976 -62407808
2 -72759874 67059049
2 18398540 -31401094
1 -37096046 76086287
1 27640516 12580168
2 23472881 -10334520
1 15117541 93957316
2 -85447733 19480825
1 -31544496 -51515961
2 96561356 21222200
2 64136554 29015262
1 45839765 95213735
2 -39131463 40382037
2 3426864 24210968
2 27895319 -5592
1 90102963 48477592
2 15536640 24585295
1 93184201 -82656911
2 93429376 -13548458
2 99031710 8604517
1 -49213641 73586255
2 -79940068 75020954
1 47018141 65903900
1 -85612062 -65387801
2 -91649238 -84526356
2 97005269 -36534344
1 -41320610 72487316
2 65385715 42845034
2 19572364 19547927
1 -27941302 -31187421
1 -82709830 -52532318
1 -75430661 -37838340
2 32021112 85343173
2 -28205286 -29730098
2 78874420 77966851
2 -95930533 -29173577
1 -54152624 -70339222
2 -51918959 -23354238
1 11257962 92865517
1 -39144477 -37531021
1 78450999 72125087
1 97128765 -42139208
1 -46777812 -62869612
1 -90805322 62514479
2 -16156580 72794552
2 -27221404 33769739
1 -51552239 1133590
2 38993125 -2652064
2 67617838 80468874
2 -89047914 -89212162
1 -18385738 99008620
1 -18814239 -84978447
1 -8332685 79978001
1 -74640120 29266802
1 -55747857 -44558361
1 -19916912 -13784597
2 44076195 -77296859
1 12349893 -22788148
2 -7757306 -50185255
1 -77390704 74060934
1 7830672 -71397524
2 29736067 -4612107
2 -54747809 -91205205
1 -58219969 21245554
1 32033393 -87129972
1 -35604989 -47267883
2 -32246330 -33835983
1 -53857983 45580772
2 -25152427 59420986
1 -32621013 -28498103
1 -89766337 71616079
2 94319221 47462076
1 -75326073 -93173780
1 -43359034 59185476
2 33246409 69432984
2 98035461 -20749738
1 -72845483 -6406557
1 54904601 80287890
1 1533443 -27593292
2 37793100 96684633
2 -50583251 -13916802
2 52247215 -97811890
2 47768882 17170420
1 29107768 -49094405
2 22407492 -24867183
2 -53251105 -50996883
1 96465193 85157518
2 91983739 -6415522
2 5286316 -26344517
2 -56911534 -51375296
2 27874966 -8950913
1 -62841108 -6359711
1 -26071822 -92454154
1 -20047446 92063494
1 88748126 -72022016
1 14061182 -82254347
1 -80066237 -9318763
2 -92148344 18824760
1 69730355 -79780993
2 47868187 89475787
2 -61521096 44654209
1 29811727 -52866555
2 40717923 -12539541
2 61115942 21795465
1 70420169 -1479398
1 89569689 -43279229
2 50361060 50811497
1 -89126295 -73271419
1 -81207926 -23194399
2 4783585 -9173740
1 61088276 -39943438
1 50737799 -28638871
1 90185889 81022040
2 -46242591 -88894182
1 -46902033 -87567395
1 -90396823 -98374404
2 1275404 -8423129
1 79037331 39414904
2 13726731 -5490311
1 93030291 92669635
2 -50609595 36663262
1 39991121 82599980
1 -90671440 99751466
2 -23442934 50864827
2 -58308914 -19363003
1 40693559 -66142987
2 57734505 -97220639
2 -63682237 -8568643
1 55053538 -99563244
2 -87130639 42591536
2 96733495 -91848495
2 -271624 -77527462
2 -85596196 -1991102
1 92518587 31282069
2 23951704 28130535
2 -35206204 85548878
1 68148857 -74141529
1 -74390064 -95215083
1 55649744 -70006221
2 10630776 54683365
2 88540378 -50142808
1 5152916 -48675666
2 95272054 46274883
1 46711639 41470680
2 -15937785 -97158046
2 -89006541 -87902638
1 -65430099 -19204291
1 -68679031 63238198
2 -5479733 -51026295
2 -70379397 -76160445
2 -90611568 -29011667
1 -3153196 -5585601
2 51715679 -69946349
2 -39952570 74973104
2 29656468 59881785
1 -90261024 -76805432
1 -25481098 70713209
1 16988091 14891893
1 8878935 22307319
1 25149273 16216092
2 28313454 -54542488
2 78769584 36142732
2 51897292 -84600283
1 16889786 -89909448
2 -66069893 -1066079
1 -77561384 46510389
2 -6558850 -4165097
2 25888554 19285421
1 46774887 -54843171
2 -42445024 -61547653
1 -38353085 -23568646
1 -52855438 19810316
2 -12781429 88682181
2 63505862 -83350985
1 85381470 96097506
2 -58444983 -11344866
1 -22685772 66211287
1 81611004 -27159037
2 -17068485 -18272118
2 80661804 -1499211
2 -2472460 69377985
1 -34787113 -96899581
2 74902203 90968691
1 -11358118 -56382196
1 -17929849 21677089
1 -49375194 98713221
2 18523536 96233429
1 84915609 50285731
1 -80548891 -94257894
2 -45644026 48421470
1 -10407034 -95167422
2 71043865 48427354
1 -78731684 -80576444
2 1151439 -94828769
2 56188383 4199831
2 -26422184 -18186758
1 37430024 -46284077
2 -2799024 91307066
1 -65075131 12332227
1 -65990685 -61640780
1 -62927560 69511383
2 65744812 37150484
1 -12563785 55595977
1 -86145555 50660420
1 51598253 6887324
1 11719902 -31789580
2 -83362227 -58808782
2 13131138 35280130
1 40451361 -62093910
1 94622284 -33201061
1 -98871457 49156106
2 -44611609 -31799901
2 12023528 38558567
1 -49109207 52589367
1 -56535051 46948397
2 16459780 37416472
1 -25433045 -19462610
2 -11350271 -17795409
2 -14618627 -85480468
2 21406856 2504174
1 70714594 -10504012
2 30687207 -66873242
1 -79076750 -60131270
1 -22225180 -3665293
1 63133646 -86109027
1 63047079 -27602897
2 93113566 64262189
1 55337118 -81564530
2 -76458801 5137093
2 4601852 -41255726
2 96160746 -32993851
2 -99940099 -26422006
1 -91701053 23244063
2 37763596 -11290370
2 91213804 -6319679
2 83176309 -40829549
1 44813572 -85555240
1 -45686510 66379878
1 15230947 -81746816
1 -67855843 84604673
2 9518138 -21635408
1 -4856857 -52292401
1 18659432 55148066
1 -39714842 2996624
1 61740898 42200631
1 -38276858 -82596627
2 -9018633 -89581995
2 86178431 -38216957
2 -96990965 -719685
1 92960636 23942026
1 -64371160 -53260798
2 -38816038 -71346694
2 -52450453 -67041226
1 -48788041 68013815
2 -94865151 62780494
2 -6338551 35872479
1 83580078 14652987
1 -30198947 -58679046
1 44317578 2239509
2 -3043497 82602574
2 -99994054 58574838
2 68992843 -88803993
2 -27020949 -9012686
1 -57216009 55171274
1 31629662 28504449
1 75243651 -64255374
2 16914295 -80225136
1 -47266361 -11056025
2 -43042211 -83019796
2 79760699 56461961
2 44850802 -37907362
1 -70738012 25938510
2 67259464 80947243
2 -16813249 -936959
1 34181977 64093405
1 22668242 -67340384
2 -56144376 34187924
2 -22308400 44177448
2 -651279 69351038
1 -2144514 20475591
2 -91263421 -16505255
2 3269610 -26900863
2 62043112 78167237
1 95147442 -91480389
2 -82502066 -28482736
1 86126265 74908140
2 846649 62348736
1 43295978 -84611748
1 66967656 20622475
2 37232242 -21000908
2 11658708 1149633
2 -12146081 -40099516
1 -95922069 -91969306
1 77381732 65545519
2 38537472 55943015
2 -60562241 -24762782
2 -99147283 47274051
1 25441287 95223732
2 -96256658 62895829
1 -13070545 20588728
2 48013230 -78758724
1 -63893625 -26944280
1 -11556028 1376241
2 -25484921 79402353
2 10917807 7927991
1 -90922377 -88252680
2 24164167 -77423485
1 -16876428 49447905
2 14993423 80758461
1 36701475 -39494696
1 88258885 6047257
1 -46678693 -71344403
2 -23604309 89111602
2 52007430 -68721044
1 -95615953 -19860966
1 53896673 -8546752
2 64508968 -95086361
2 6289881 90003048
1 -78078237 5469302
2 -86602708 -66678678
2 -54931358 32839570
1 -92067553 -25008722
2 -75560818 69232810
2 49991270 -8943980
1 -95922314 91948968
1 -2003776 39209108
1 -79618933 92336571
2 81448172 -96166107
2 -64887150 -3223242
1 -70567846 85971964
2 -22574789 -7986740
1 -3073101 -64154810
1 -21635400 -58065822
2 99919844 -44266858
2 -10945536 286363
1 -14357704 -34166502
2 40824777 34123107
1 55872279 46091106
1 -62852875 -82219679
1 -90270711 58379911
1 50105381 -6258826
2 -13922256 60241876
1 64075770 70486448
2 19779569 20042278
1 6014242 -48295018
1 43718242 -98271915
1 -62426725 -64044185
1 30406357 -6838497
1 48894646 15937876
1 -31259399 30326200
2 96159698 -62050891
2 -75411422 -93100741
1 52990366 89500837
1 -92718842 80460857
1 38840768 -57346147
2 36395028 -30473190
2 -70231315 -11053852
2 11948959 -25010866
1 95031413 -53639183
1 -1934201 -15755110
2 -14027025 1045654
1 89517832 -5699597
1 -60021731 76062614
2 44516852 19924188
2 -49749613 88872915
1 -73177977 -34226185
2 -27326925 -1073552
2 -11572716 -48589398
1 -15612179 -74336560
1 20833656 48224805
2 -82248386 -24255049
2 64691100 -42771317
2 32217818 36663
1 46397480 29156421
1 -86598690 79765593
2 33327609 -3020358
1 -56203593 51890648
1 27953261 22845440
2 -57230372 -16225324
1 25163953 -27529888
2 38243928 45536378
2 -55537175 51985977
2 -44087059 -89082998
2 -10903195 32890110
2 -18885086 92817125
1 -31437924 -90069540
1 19675507 51382892
1 -48580446 -14230462
2 -85074042 4409687
2 -15824721 -49666604
1 99829401 -19156369
1 -67265722 -29980750
2 92864690 -3857829
2 79916847 60687540
2 -14325986 -11849320
1 -66312942 5080800
2 9583139 -76082059
2 -12648694 -21850117
2 -36443645 -81987558
2 -36654071 -71035527
2 -8588703 97187633
2 48570524 31908005
1 -82322458 -36396834
1 68012853 -47493560
2 55356199 -14880137
2 65963494 4704494
2 74723744 55185600
2 -48672230 -48785865
2 -88098326 -79895205
2 8255476 -16239021
1 -58641859 50092051
1 -73473645 94458897
1 25125142 -96542358
2 -26013553 66394024
1 95358498 88681498
2 -61614508 37332377
2 -30759619 39286157
1 -97110678 86956016
1 -8021182 39434287
1 -22929488 70902175
2 28123031 -52664984
1 -97479385 -56965994
1 46764504 55363137
1 75467932 6364748
2 -57357910 -88817460
1 61274591 36239770
2 83215029 36516594
1 39974237 87800946
2 54194970 8340171
1 49538031 -33522954
1 -96190578 -97930171
1 41355986 87923523
2 -72604100 25566167
1 17516816 44245308
1 67663845 19374718
1 66709734 94587328
2 -9862304 -4213125
2 -48849989 69230350
1 28111460 -63097801
2 -51915261 -20865695
1 -32109562 70753550
1 59786507 -90640670
2 -50323362 -48894534
1 -88038001 -239257
2 -81245849 -43612030
2 -41542201 61500030
1 -98060086 -77436426
2 -99353897 99813785
1 96575455 -70664186
1 48710532 18162919
2 12750246 64239299
2 -39973827 15420266
1 37166978 -97112058
1 -7693496 63692547
1 -4656785 -34721563
1 -11451650 40391244
1 -97733064 63233653
2 -33144519 -51665144
1 -99388039 4459937
2 60847908 31333844
2 45350236 -80633888
1 -5553951 -80694294
2 -28364146 47290151
2 76625965 -4907848
2 -34228567 -31788692
2 -67549393 77852860
2 -6726875 -68961958
1 -13557653 44993143
1 8685690 -17043535
2 -99248736 78748851
2 71656457 -95971096
2 -80221081 -10700386
2 90150833 73923393
2 -21616670 39150763
2 -29515394 -56720844
2 15161632 -60768763
1 11053306 -31648795
2 -84358645 -37875957
1 -90267442 82689160
1 -49099532 -55216318
2 -77363459 -24496009
2 6542033 -16648925
1 -19139420 68426029
1 -48617507 92984380
2 -75750407 89546270
1 -53908464 -47866242
1 93949735 95906050
2 -77654195 18386818
2 -42462419 -63383070
1 32412449 53245498
1 -55006903 80538550
1 -51110246 -52425920
2 62214487 56046403
2 38735563 17047472
2 -85652483 71947045
1 -32602 -57847607
1 78019831 -63015942
2 -42073550 -40974206
1 4526536 -41119590
2 -51573320 9308943
1 -86040937 28776129
1 77198542 47034579
1 17937760 -92091202
1 -2957909 99544347
2 52789844 -72008297
2 -91469748 -70545461
2 29544983 97782941
2 -93654295 9936370
2 -20499796 -8240531
2 16222876 45081268
1 -60249977 -6152279
1 83348143 -31293364
1 27732430 -82230147
1 -23349736 -58725408
1 -96900103 -67741034
1 -86448543 77593307
1 77144248 -82941039
1 -75032241 90749999
2 90294345 -4917993
2 23073710 74526213
2 -96019249 95600551
1 -54100147 84120326
2 -5943305 86042097
1 -22198435 -47754441
2 -50156811 -73926739
2 19920983 -53459197
1 15247440 -10406787
1 7363066 55785488
1 97060080 -57020131
1 27755198 -63470308
2 -85877002 -99840024
1 -82781063 41306656
1 84573017 91267247
2 38865616 -5296941
1 -30770729 -72616276
2 -77015726 -38060674
1 -53940349 25726386
2 11768482 -31115872
2 21129687 92632709
2 -81294031 -57913590
1 -11372787 70972876
2 13082451 91143315
1 46928802 -43608985
2 51887248 -79554483
2 -43024791 43988881
1 96665221 -20357555
2 -26534537 23614571
2 67398180 -33599480
2 61103580 10554843
1 37938567 6263795
1 -79280517 -17150787
1 -91424402 -86560797
1 -17676669 -33220866
2 -40588158 72860444
1 -85053147 -44030620
1 -20541381 30634175
1 74293852 56090429
1 -87518556 92541070
1 -34497051 21222654
1 17727897 64368692
1 -3472501 22478159
2 -1390908 66909480
2 -66690000 -77490675
2 33064168 18523634
1 -75212572 94413580
2 29779155 -28997266
1 -15558063 -54493088
1 64802409 90871117
2 63731560 -80718369
2 27767374 -23269386
1 -40118849 -68805225
2 -60198434 -92774008
1 -47716575 -65824998
1 55397656 4799373
1 21684427 17786374
2 -7219105 25641916
1 -7448605 -81788074
2 -59278749 91389987
1 62429983 25861395
2 72791337 -73698219
1 49820878 87217412
1 -14759314 55086855
2 45957971 -13220823
1 6060808 2559457
1 79290071 62205893
2 93400668 -13655455
1 46086900 -8312416
1 25862587 -14281404
2 90517970 98370325
1 16156699 33776605
2 -40581480 12202396
1 82930685 -91062407
2 -47156057 -95513722
1 30347673 -23831702
2 2470079 -84726075
2 -44992301 55655373
2 10742227 -47709044
2 39070134 92764748
1 47840568 -43299803
1 -28577548 -2352696
2 -63491789 79647001
1 -28665415 17339482
1 -96941923 82595112
2 80965436 97197172
1 30973776 93576047
1 58294806 49638497
2 -88907547 90392297
1 94878575 41225490
1 -82606212 -36063604
2 31726684 77742610
1 33397982 19863867
1 -75328814 -60749254
1 -15468144 -3343429
2 -94126870 -83742318
1 66421349 -67627577
1 -87980576 -22704418
2 94635064 -97070440
2 85524672 -16645991
1 33067543 97693142
1 -56214450 -80993531
2 68644967 -35958682
2 6949977 -97919645
1 43305846 79737420
2 -3809822 54344914
2 84603887 60699634
2 33079863 -19566776
1 19683970 70518231
2 -32825198 57751049
2 74008731 -43267811
1 41620975 -26952068
2 -97140123 40430080
1 95876003 53640399
1 -10489230 97494941
2 -52295556 81400674
2 -99592858 -24905325
1 39135994 -8510005
1 46086713 -78431529
1 -98694110 -1397667
2 -47052753 -10607442
1 2608554 -2503932
1 -69554345 -9932504
2 -39414274 -11795220
1 -54044172 -97354013
1 -40621824 27760528
1 -46675177 -27519078
1 -34572636 -99000849
1 -92844088 -43815300
2 6196003 13819729
2 -4779598 49183046
1 -75722280 -93583190
1 50423168 48143907
2 -77771259 -84069924
1 14532410 -3490120
1 -61581199 -76465369
1 73547063 -80003981
2 10063515 93543718
1 -18251503 -96007283
1 -93361296 70649241
1 50926132 80220689
2 5217973 18533244
2 72048758 -43232683
1 65468380 -76838301
2 36981428 79204670
2 80904078 -28335618
2 -21918808 -15281808
1 -14621539 -94818202
1 -78888126 -18979278
2 77530603 7607202
2 31141834 88160647
2 -91843335 -84050597
2 -37990517 57205259
2 -86285662 70736543
1 41385784 43757981
2 23978669 -79646958
2 91402649 44828278
1 -98404406 -18286996
1 4874703 63451406
2 42656076 67063974
1 -8755282 -58143870
2 26574322 76076516
2 81258314 -78157727
1 2862995 -88047218
1 19559985 -45113449
2 -4436440 -19606403
1 48859363 3218181
1 12939802 3720226
2 -25543232 -89131154
1 -92856811 26654140
2 99523545 -31641086
2 -34296446 31121858
2 -87165139 90926194
1 54377599 -32700852
2 -65636879 17709564
1 -87917944 49550037
2 25626553 78124203
2 99966476 38656378
2 -96874478 59401229
2 -33195858 2829470
1 -64260570 75201870
1 30936413 62367703
1 18604291 84598793
1 -52015999 -56123786
2 -76953284 -54422579
1 13936336 -44872810
2 -61234590 -77429739
1 -33987183 -67843748
2 -544599 -48399729
2 -78173803 -79609585
2 -77543185 86334885
2 64459087 -13575384
2 -22402644 -99400270
1 -87482679 64425562
2 19771395 33239242
2 8441111 -20678536
1 -5794471 55510825
2 92625980 -8106113
1 88286464 -87190181
2 -41612760 -59390019
1 -4262829 -88666820
2 -13580196 -75160062
1 -43003809 34502582
2 -61380785 52432621
2 -74660602 56451592
1 95302839 12961776
1 -48097246 -52203787
1 912306 59761926
2 76703850 29500111
2 -37260648 13429628
1 -54732546 -3524756
2 -48013932 -76303175
2 15590712 39472983
1 52282802 -55387952
2 37738392 3877176
1 67726719 -36813596
2 -11973657 -66524438
2 -79505494 6662885
1 -40904495 45022534
1 53990488 11630085
1 -22891777 36951266
2 -62736158 -98190312
2 61571614 29010977
2 -41488913 38176148
2 4122138 38275464
1 -12732930 21250439
2 97463628 49389592
2 -11137426 39253139
2 -63618451 13054339
2 -30552123 -6338262
1 56848143 74119941
2 -39888135 -10309042
1 96353843 -55125515
2 -57586619 33122735
2 -55247181 7965710
2 -55083024 -51079769
2 -49270081 21861042
2 -49127982 -17819182
2 -79643035 -35182104
1 -44390278 61899469
1 35666270 24479104
2 26385058 42876792
2 -17870070 33129897
2 -1299401 -84752368
1 8909370 71027842
2 97664145 68148476
2 10355797 -34242488
2 63148360 -42223990
1 -56584893 6709639
2 -32808288 -94438260
2 6998334 -11832074
1 -37454670 12108688
1 94289506 57728254
1 -24937488 65933711
1 27833179 -32837167
2 -55841701 30672234
1 -26450975 16015812
2 -50854292 70543358
2 85790990 -91804682
2 79223160 47846307
1 68511146 47216722
2 -34509403 -70596333
2 -12820323 -21133058
1 -61907057 -71361044
1 -13282940 83111147
1 -28720928 5284655
2 -30090295 93715394
2 -96039991 86340765
2 -95209163 -35800790
1 83878407 -20977479
2 -90305246 32624017
2 1156191 -71963295
1 98580063 35760143
2 43955461 -97181739
1 -96819069 -63112586
1 84104137 75694983
1 -94901351 71692077
2 3075381 2111096
2 30750052 44794689
1 27905835 93684687
1 51485705 -82532889
1 -36301132 -48298731
1 -61957967 -78604591
1 38110983 -32341123
1 99197762 -57167129
1 -72026750 21989389
2 50026094 -38591122
1 97169021 29129441
2 84464065 -98877481
1 -61990067 41124481
2 16819464 87644996
2 59337072 -25369568
1 76741528 21918113
1 19229165 14928815
2 8613502 60007943
1 77475054 -52865001
1 -1163731 12615569
1 34010978 -6309716
1 61349162 89394665
2 -15256102 -27878040
2 -53372289 -86936715
2 -25527837 12717148
1 -5637049 96653806
2 -49707313 -28358816
1 -87234336 -21172984
1 -33527989 40818983
2 -84550585 82101491
1 56535967 -21674554
2 -54229377 -55292695
1 -95284753 -24234869
1 22900130 -93099513
2 19516056 -65293336
1 28396948 -25747239
2 -36352574 6043397
2 78165357 42262472
1 55325757 48391324
2 13624835 -75206932
2 -26036764 -17685717
1 53955467 -39495852
2 91847527 24255923
2 17591268 66721131
2 -98661016 -41680462
1 0 0
2 0 0
1 0 0
1 0 0
1 0 0
1 0 0
1 0 0
1 0 0
1 0 0
2 0 0
2 0 0
1 0 0
1 0 0
1 0 0
2 0 0
2 0 0
1 0 0
1 0 0
2 0 0
2 0 0
1 0 0
2 0 0
1 0 0
2 0 0
2 0 0
2 0 0
1 0 0
2 0 0
1 0 0
1 0 0
2 0 0
2 0 0
2 0 0
2 0 0
2 0 0
2 0 0
2 0 0
2 0 0
2 0 0
2 0 0
2 0 0
2 0 0
1 0 0
2 0 0
2 0 0
2 0 0
2 0 0
2 0 0
2 0 0
1 0 0
1 0 0
2 0 0
1 0 0
1 0 0
2 0 0
2 0 0
1 0 0
2 0 0
2 0 0
1 0 0
2 0 0
1 0 0
2 0 0
2 0 0
2 0 0
1 0 0
1 0 0
1 0 0
1 0 0
1 0 0
1 0 0
2 0 0
2 0 0
1 0 0
1 0 0
1 0 0
2 0 0
2 0 0
2 0 0
1 0 0
1 0 0
1 0 0
1 0 0
1 0 0
1 0 0
2 0 0
2 0 0
1 0 0
1 0 0
1 0 0
2 0 0
1 0 0
1 0 0
1 0 0
2 0 0
2 0 0
2 0 0
2 0 0
1 0 0
2 0 0
2 0 0
1 0 0
1 0 0
1 0 0
1 0 0
1 0 0
1 0 0
2 0 0
1 0 0
1 0 0
2 0 0
1 0 0
1 0 0
2 0 0
1 0 0
1 0 0
1 0 0
2 0 0
2 0 0
2 0 0
1 0 0
1 0 0
2 0 0
1 0 0
1 0 0
1 0 0
1 0 0
2 0 0
2 0 0
1 0 0
1 0 0
2 0 0
1 0 0
1 0 0
2 0 0
1 0 0
2 0 0
1 0 0
2 0 0
2 0 0
1 0 0
1 0 0
2 0 0
