384 1000
-18307231 -53069118
57747784 14636907
19885383 -75761667
96516647 -50239516
-74797643 89641416
83368687 50490021
-55102247 2520054
65180534 67513917
4089171 40383419
-64994789 3455730
-5297434 21595366
36465781 26956421
-21277139 -38978474
45174057 -66334878
1513924 -31296867
15634016 -98020207
69133063 -64276945
-40038612 25898162
-71824992 -10981554
31176224 -43521966
-40515583 -46622635
-91586219 14544910
34575190 56898534
49798315 73594315
29566408 -61335640
-87223911 84803526
11759947 -75731027
37806862 49241870
82906992 -57000830
11702303 35497281
37477075 -15579085
72660334 -72663682
-94249158 59126500
661308 -67378279
41616119 -66074150
39819578 -15646105
98898805 -98899465
-89484569 48233360
74344037 85990357
-22828920 60313747
45117272 56426807
80695780 -10052831
-8294599 9393581
52392751 18502642
-46000078 -25387608
-88450331 -35904946
43947735 -56006641
-44363778 84210003
-30651913 49698578
-63859210 56297530
-59348576 -36519432
17097466 75960369
76710091 -7933408
30573311 27612898
-12073356 -96429511
59997297 -39739247
-97275716 -14439722
94953860 93209439
64228443 -5570315
-78441561 47346610
-36041974 -29255272
14738087 -66891891
-30165526 -92094239
-89879299 -77109329
-68295436 91698924
-44820509 -1222146
27254585 24872351
-30544695 72276958
52406218 3964675
60051528 -99971384
12805732 -59667139
78409502 20048824
13258262 15530017
-90040299 73363361
73226334 -22513295
-99252205 -68481859
17142613 -10299278
50122846 68002245
90892917 -60506551
-68807627 60243547
11537764 -77402520
47469831 38888227
11165184 -61207652
42757024 -30558501
-30529885 16087764
-91063013 55324914
-24626263 82275847
50322226 87346490
60709850 -58851639
71151429 60281928
-55683569 86452546
-23846732 71899224
39901469 -86024594
-46531145 -73723887
-60963977 30794385
-94091773 -15338772
-23934182 50573787
89366135 -94105580
-24664081 87231002
3318766 84639521
39964434 97322397
-67885394 12255753
52118605 -32145467
9002895 82436832
95235122 65344818
51797363 32670686
4569910 -7932085
6043321 -19533007
59259470 -3012259
-19701512 59512177
-3310233 98295493
-98614359 -13793285
44617498 72755585
-87497051 -56731862
-72092341 -27530220
22308539 68338078
33110193 -79611545
40759352 -93060493
89376340 -14771202
-49426385 2278609
-65050706 -62872177
29195739 -45112660
35354334 92035567
-10976693 -12244578
-52732402 -5386197
45425658 69321795
8044872 96473729
69229313 46811299
90079437 5178733
77648513 -65751376
-97413299 -29496542
43408277 52473414
59412922 88213258
-26557945 -15832372
-61037401 -98694377
-61566554 76532033
-68580628 -26088107
-34052540 -79854453
7900970 -80709932
13903871 -92512871
76808925 -92315070
-95841342 11845891
-41342811 37370159
-57451109 73387972
-39847042 1252989
-75727191 -27286234
-74812820 -37260340
-49047083 67681086
4365076 -62883536
-61577913 76911335
53443367 43327675
-30244069 -23144467
49517444 -62620899
-43330830 88219754
95706883 -42581587
-34896657 -76910597
87451658 -74967831
62402329 -30737998
-4833664 -1374791
99878198 -42532418
82697712 55319294
-29424684 -23332630
-3135182 -39598746
-2482282 74044596
50955930 -98770106
97073932 35939805
-34688300 56915659
-53188877 19346225
7565978 -85170857
24763919 55996656
-68397579 55789224
80821393 89867263
11645627 -80945922
17679288 95740084
-46792334 -93188038
-85352382 70073848
-53258783 -64094623
-3693369 37739298
11783893 43606036
97352293 -53659289
82280516 15256186
24688207 -53057414
66288812 108578
14937722 71499330
27495985 26371152
-17839625 -7781997
-17914735 -88385231
-69331153 -37018232
-41278149 -53752746
5575579 48348135
18421983 64445880
-47132381 20223198
-42037505 -82320438
-86198040 -98309388
-51968677 -77737250
37518936 -88845748
10613202 -17171799
82936780 14723506
-13777165 -23097987
-44210473 50390864
-57391134 -33764817
-22150048 37949903
-46551967 77210495
-76542252 8518799
9383297 64686247
29132127 29033328
1772888 -19678358
50517567 81999746
83690359 -87748255
-65485505 64319528
75473780 -15761956
67066246 -75450206
39273300 -13913019
-84494644 50003025
52910251 -21987503
44247680 -28705116
-38238851 95519117
-74754027 -25386006
-64350844 15209182
-20104572 -51296278
-69746588 45032453
-22129543 -38456083
-3939974 32026300
44278045 -71611977
92707551 32266747
-83495210 -68691098
-44141304 -79302307
59301037 83571036
86090423 95131996
-26855507 74806394
-1382360 39000673
87036153 -30091465
44522530 -87104849
28104333 -87717875
13502210 80171686
77720501 -39483877
22060041 43755622
28298284 -44409043
36495343 -29363571
-97096825 -27423672
3885231 29202894
-97583051 -80592035
-44504636 -87739711
-92607715 61717986
89040742 -58414214
-66897178 33053141
-97038325 -12341619
553532 -27344663
37453825 -99999433
80172253 -18825773
41690351 -49043965
-52771981 -89590885
-33999928 16266754
86903183 75526304
618994 -97504585
84214672 89806358
-38269315 -95495776
-83235486 86631621
48349606 17226049
-88671802 -23326838
-90273698 37390348
-22434909 -3052617
69602720 -34795660
-34795092 -69365014
64325576 7056544
-89471059 -2106477
8302639 58532289
-25200958 -42243039
-14200373 -73180927
-18169149 14218587
56541307 86418621
-56560792 18561885
5193505 -29211645
88014404 12720085
-58090391 6059474
-4033816 -48141036
48806347 4152274
69356614 -73952363
9198986 70925429
30498336 -12922116
-62512230 -26475438
-67943150 41027277
-48699400 45790409
-74874156 59372256
26107205 37100227
76035211 59473059
-21965057 -17351488
53436867 -28009219
84710866 83228449
41804285 93967633
-54173403 -73379526
30772748 -62229532
16334468 -52850694
-29408902 52645724
-60276392 -74466546
-941984 -98910567
94633073 -22788622
-24481851 83631229
43003484 -54066327
-64449738 53160356
12633414 -30889311
-95724437 -35898165
36092616 90668358
-73586832 -89771208
-95803576 73319844
-47543320 68217453
-41495717 2539384
-97794947 -64254210
88391515 -72644887
-47111433 -27203849
26401947 -19368515
-89640775 -95537055
-59389463 21035019
-80514946 38393737
-8445908 83614021
5241072 -44964683
71653515 -95812494
-52627774 62032998
72261790 7746131
33582337 -26214606
-5480791 -71025423
31513961 86039018
-78215193 -94460146
-67105033 86235377
-40968473 -37307316
43324169 38299898
95279206 85433474
58984856 -93800244
44593493 -64110258
-27979874 78469910
-66494774 -11336052
45367817 -70222440
91810559 -42324896
65421235 92740043
19041799 -83411290
-54436713 51519934
37558951 -33922630
24133587 -70406389
-84171013 59343759
-25447195 -90455084
47844814 27376878
65326714 -82123026
-23406907 43124020
-68469876 24311569
2781479 -78813414
9850534 3550250
33327811 88803068
-53521829 7734713
474755 25138369
41727079 -35584232
-84064298 -27967084
38110286 -60193271
-30599660 -93988985
-82128864 14760235
24305151 37745690
-34877433 -7576058
10300916 24666328
20306710 -69550719
-92722788 86894009
-39403043 51836834
-44612916 62575054
51378122 -77036147
30698566 88714895
66369626 -49627345
67304787 -16310317
55722599 60613067
-99580205 -64243149
-58232134 46349247
-38890519 22336498
-39917812 -40360997
52062945 85414633
10080960 77721118
-39313239 14880223
54290594 -69612331
-65259135 -32036026
-69460973 -85112449
-9632233 -9872051
31359206 -65566489
37322530 -78933667
57272379 50245194
10858261 4627316
40384167 12994978
-40655776 63794419
38647280 82152033
2 -5692602 72970069
1 -89098937 -48754170
2 -71033053 -53629658
1 61250565 20982023
2 -96113946 -10346291
2 -89865955 68057522
2 82945073 -61373081
2 81271232 -6810565
1 27622947 25829202
1 99411898 12630437
1 -37124369 -35054524
2 -77910846 56684277
2 -30320746 -73749746
2 -57438965 -85010317
1 97141716 81539841
1 -92973729 81208315
1 -67545856 -8550886
1 90335819 -82072666
1 38909357 13937455
2 -96408837 -95897254
2 72160268 95311774
1 -66061307 -86274792
2 6914643 -92378298
1 33450904 -84790076
2 80356724 -12946048
2 -95484210 32862802
2 -10452922 -4251283
1 74515334 -20878693
1 -5889010 -88257306
2 -54201103 -82923631
2 -49198954 -8747294
1 -64781818 -47174831
1 -29247497 35771554
1 -50290992 -74446000
1 -17826891 -37821777
2 -42510004 5816534
2 72058105 -45666624
1 -38044922 43945052
1 -88328662 31489110
2 -28940575 95405983
1 80785147 92028063
2 -12223221 -24424785
1 54696523 -29667776
1 34591281 -37707887
1 31884845 1323875
1 92576581 80390178
1 -66784654 -64797747
1 70973807 -19688875
2 58381489 3967850
1 66146073 -26800823
2 79015711 -59445403
1 -5112026 -23847569
1 -79902517 -96409823
1 35079288 -90640586
2 -95234604 -68231179
1 -76203117 -93861288
2 34230290 85550543
1 8399129 64090026
1 -21101499 41443175
1 -57232950 -57009591
1 -76619413 -36700292
2 -1498039 -12140007
1 -79312519 9112296
1 -86919855 -30524232
2 95191308 79068970
1 -27860071 -68257420
2 7895012 -73276619
1 -69686442 -80455735
1 -71096320 80508858
1 -87722322 -82090792
1 -23435717 -66330924
2 -28264018 -11409075
2 5197313 -89205427
1 -95245890 -67348527
2 -24358117 84095814
2 -52604479 37523
2 87897517 51538833
2 -39348872 45897482
2 -32110388 -38898640
1 -59829671 26247637
2 -89493421 -36919080
1 -10195699 64826621
1 84370887 70917954
2 51426811 72634222
1 90543431 -86725434
2 -539995 -83779148
2 4811777 -32892287
1 30418649 -76287651
1 -43636177 -89990911
2 -53378735 87689123
1 -12273355 84522069
1 36060901 46533149
1 -7569370 28140524
1 89241884 -50771609
1 -72007610 -87163395
2 28433888 -18071425
1 -53244804 -61501030
2 -90583077 -29245449
1 -56611228 -68873918
2 -55599352 -86639903
2 -70419051 -13551435
1 -93927359 96377016
1 -79910635 34392726
1 96918178 36491290
1 76696775 -23546812
2 -39024744 -3944195
2 -57411047 -35576580
2 -54919694 -50447481
1 51297273 35019583
1 -99627450 -65677810
2 16250765 79289664
2 -29695004 28806438
1 99560989 -84477677
1 -53351595 32238282
1 45598379 -4533876
2 81914689 43565416
2 39942432 75179328
1 62088416 87987330
2 76994983 -87451841
2 -10998653 -88477045
2 7578760 53691757
2 -29368461 -97507035
2 4561847 50167713
1 37703659 15711846
2 -97449602 8375482
2 -12334855 38076209
2 19399010 18801163
2 86839850 -89513497
2 42724786 71476361
2 -33057516 -66511746
1 -70429967 -11676836
1 16018855 1373536
2 -10639135 -77971173
1 -65423014 -21892730
2 42146589 -33644153
1 -27436033 23578333
2 78587661 -50274652
1 99893062 43195506
2 -41092649 -16850493
2 -55958649 90113083
2 28189291 13974112
2 -14708362 31706497
1 94709363 104663
2 -28418976 -27868513
2 58136104 37434148
2 -21726325 91039871
1 -7586594 87706137
1 -90265037 94292530
2 24916162 -65709366
2 53162844 -55688051
1 -79593356 -32937250
1 69304462 -74273190
1 68922317 98994305
2 34660174 -78286115
1 -88173033 -19653970
2 94320143 78701526
2 62924385 92532621
1 -7362716 -20388220
2 -95740371 -89849891
1 47584258 -83265330
2 -92225460 62395733
2 50101870 -21625705
1 -27333176 52704310
2 86994944 -87646805
1 -43334855 -49900652
2 69678462 40157787
2 -81599040 29588152
2 81098820 38982923
1 -86786830 87323277
1 20185669 68275356
2 99493244 -74959863
2 -82427243 67022174
2 -849684 -85066010
2 -74915900 10210041
1 79461074 3409945
1 18322041 72668358
1 -48957348 87235615
2 92456287 -31576090
2 33293468 76225839
2 -21158451 79451230
1 72125379 -57525025
2 72063128 -51479990
1 -59980705 90526339
2 -69634023 53161947
1 73953665 -46767535
1 30788965 -96931991
1 70090183 73446909
2 88380899 48361723
1 11088126 21756862
2 -22316831 -86535002
2 -61350282 -9450800
1 30301177 96005210
2 16945482 -10307630
1 18434571 22757463
2 54725055 -49761050
2 -7286075 97276121
2 -1687507 79366796
1 69893135 17293415
1 22971724 90848152
2 -3403021 -47224526
1 -44156517 -3074611
2 -29627703 -72614056
1 -71735971 -21549971
1 -99793110 11269558
2 24734557 39352155
2 -17582283 30406422
1 26411632 63384275
2 5593008 -87281107
1 87992719 -4126524
2 98628789 -75972422
2 -78696302 95234136
1 74600932 -8657286
1 -38847509 72132555
2 62980706 97010429
2 -50214098 84124216
2 -18950396 -40422316
2 -13036372 5629386
1 84079415 -96061737
1 15207821 15227657
1 7096175 -63197333
2 67209089 -7541260
1 -44156985 89513892
1 -45250852 46137083
1 -57989441 -86047615
1 -62020037 -4741771
2 -9507635 -6844290
2 84498424 11800025
2 -16067421 17609659
2 14620087 -1832722
1 -17708507 -570353
2 59007331 -83077649
2 22551737 -84142541
2 -27687915 -1512678
2 -33768659 59147514
2 95950181 87519906
1 32495009 -74156122
1 -32125867 -84324368
1 61812715 -59145614
1 -45193229 22623281
1 -82118491 -43660364
2 49495347 -7213266
2 -42896879 60890237
2 31016258 86510133
1 -15322590 93552063
1 -7018291 -54363656
1 -37441304 -80514735
2 -64657276 4505403
2 -97007276 -62373205
1 96774310 7654809
2 47691078 21740428
2 -99899331 -54759148
1 -39083516 32702449
2 73556835 -32025198
2 90598083 -24754438
1 31585198 -71636395
2 73666702 -39004046
1 -25597446 33596907
1 72623403 -69230177
2 -75678115 -94581189
2 3571519 -42699188
1 29302441 17303595
1 -25674640 -81353423
2 -43726628 -82838473
2 77332700 29834447
2 -48425126 5564044
1 50804897 25023777
1 10242588 -48324457
1 19650345 -88278620
1 -13033058 -16200578
1 12163027 62764790
1 -23722893 -28931497
1 -95334591 38346091
2 69115914 50679661
2 56098472 77288812
1 -12894013 -54045838
2 -84225881 12186353
1 30832930 -83591573
2 -13913683 -9900521
1 -80066075 87106303
1 45186709 -36580984
1 -59040845 24025162
1 -71782932 -4008395
1 7712986 51201743
1 -64998836 47867413
2 63148566 -52803710
2 18264793 99680554
2 38026645 -60574328
1 90105333 75446566
2 -94748261 59658921
1 -94386918 98720167
2 10906520 44874089
2 -86201122 -26096436
1 64003043 -5744188
1 -18637886 -114804
1 63304212 -63546670
1 60478493 -20934814
2 75056791 -95736633
1 55465110 88695561
1 89079336 35286139
2 82482430 -57017363
1 -57336810 -95255737
1 -55830065 53263585
2 81226513 -66793803
2 92865119 -13208370
1 -14488203 86478253
2 31352341 -49005437
1 24898128 -51065321
1 43190491 45151220
1 -54963585 41417533
2 -69612774 -22931032
1 56134154 -91659374
2 -34879644 90865719
2 -67922359 31190944
2 18993446 -79414534
2 -36431897 -26326661
1 -21582397 1475875
1 7255822 58747656
1 -55529784 22587538
1 -90620832 -11517665
2 -25039413 -62664666
2 40846260 47407328
1 96342007 -41170710
1 -96019491 18260750
2 12194646 92048860
1 -30882173 1533287
1 62390277 42581872
2 85963953 -74748020
2 -91040713 -72489368
2 -51903902 -81958407
2 -8285068 27952733
2 -18055030 64180564
2 75444583 70132535
1 -7279927 89200792
1 30199489 -80085202
2 9766495 54615604
1 2022931 -42323562
1 16505729 -49387246
2 -78610133 50881300
1 42930159 73002601
1 27052251 33584513
1 28682747 -35435651
1 -10183671 -10557473
2 16953159 14646699
2 32688292 51291979
2 31761074 -82434380
1 -65737454 -23080414
1 -431516 -33777594
2 7939561 -90292872
2 -70378074 -55195081
1 99420523 -61860951
1 -4184512 39388421
1 -57482462 53959816
1 4841115 -35162421
1 -62159821 16423768
2 2524643 287636
2 64851985 64892430
2 6851319 -68792611
2 45854088 7184677
1 10993018 -76195522
1 -6113539 31058742
1 -39505310 -57245908
2 8976498 28149007
2 37856136 60063174
1 -95131908 -83083942
1 7571471 -80005576
1 59382846 -43195023
1 -89235208 -96613042
1 -31775463 -45583254
1 70840514 68122270
1 -31590094 58581079
1 75989872 -26634844
1 4572545 -66738110
2 92962930 -17158810
1 59162031 2942995
1 -13481901 3955948
1 46710040 -46951509
1 -66286139 99529152
1 59592326 8202900
1 77635322 71569997
2 91564421 -83023220
1 -26218242 -14793208
1 41110113 -96536372
2 -42119626 -15453450
2 5185183 -38148988
2 0 0
2 0 0
1 0 0
1 0 0
1 0 0
1 0 0
1 0 0
1 0 0
1 0 0
2 0 0
2 0 0
1 0 0
1 0 0
2 0 0
1 0 0
1 0 0
1 0 0
1 0 0
1 0 0
2 0 0
1 0 0
1 0 0
2 0 0
2 0 0
1 0 0
2 0 0
1 0 0
2 0 0
1 0 0
1 0 0
1 0 0
2 0 0
2 0 0
1 0 0
2 0 0
2 0 0
1 0 0
2 0 0
2 0 0
1 0 0
1 0 0
1 0 0
1 0 0
1 0 0
1 0 0
1 0 0
1 0 0
1 0 0
2 0 0
2 0 0
2 0 0
2 0 0
2 0 0
1 0 0
1 0 0
1 0 0
1 0 0
2 0 0
2 0 0
1 0 0
2 0 0
2 0 0
2 0 0
1 0 0
2 0 0
1 0 0
2 0 0
2 0 0
2 0 0
1 0 0
1 0 0
2 0 0
2 0 0
1 0 0
1 0 0
2 0 0
2 0 0
1 0 0
2 0 0
1 0 0
2 0 0
1 0 0
2 0 0
2 0 0
1 0 0
1 0 0
2 0 0
1 0 0
2 0 0
1 0 0
1 0 0
1 0 0
2 0 0
2 0 0
1 0 0
1 0 0
2 0 0
2 0 0
2 0 0
1 0 0
2 0 0
2 0 0
1 0 0
1 0 0
1 0 0
1 0 0
2 0 0
2 0 0
1 0 0
1 0 0
2 0 0
1 0 0
1 0 0
1 0 0
2 0 0
2 0 0
1 0 0
1 0 0
2 0 0
2 0 0
1 0 0
1 0 0
2 0 0
2 0 0
2 0 0
2 0 0
2 0 0
2 0 0
1 0 0
1 0 0
2 0 0
1 0 0
1 0 0
2 0 0
1 0 0
1 0 0
2 0 0
1 0 0
2 0 0
1 0 0
1 0 0
1 0 0
1 0 0
2 0 0
1 0 0
2 0 0
1 0 0
2 0 0
2 0 0
2 0 0
1 0 0
2 0 0
2 0 0
1 0 0
1 0 0
2 0 0
2 0 0
2 0 0
1 0 0
1 0 0
2 0 0
2 0 0
1 0 0
2 0 0
2 0 0
1 0 0
2 0 0
1 0 0
1 0 0
1 0 0
1 0 0
2 0 0
1 0 0
1 0 0
1 0 0
2 0 0
2 0 0
1 0 0
1 0 0
1 0 0
2 0 0
1 0 0
2 0 0
2 0 0
1 0 0
2 0 0
1 0 0
1 0 0
1 0 0
1 0 0
1 0 0
1 0 0
2 0 0
1 0 0
2 0 0
1 0 0
1 0 0
2 0 0
2 0 0
2 0 0
2 0 0
2 0 0
1 0 0
1 0 0
1 0 0
1 0 0
2 0 0
2 0 0
1 0 0
2 0 0
1 0 0
2 0 0
2 0 0
2 0 0
1 0 0
1 0 0
2 0 0
1 0 0
1 0 0
2 0 0
1 0 0
1 0 0
2 0 0
1 0 0
1 0 0
2 0 0
1 0 0
1 0 0
1 0 0
2 0 0
2 0 0
2 0 0
2 0 0
2 0 0
2 0 0
2 0 0
2 0 0
1 0 0
1 0 0
2 0 0
2 0 0
1 0 0
2 0 0
2 0 0
1 0 0
2 0 0
2 0 0
2 0 0
1 0 0
2 0 0
1 0 0
1 0 0
2 0 0
1 0 0
1 0 0
2 0 0
2 0 0
2 0 0
2 0 0
2 0 0
1 0 0
2 0 0
1 0 0
2 0 0
1 0 0
1 0 0
1 0 0
1 0 0
1 0 0
2 0 0
2 0 0
1 0 0
2 0 0
1 0 0
2 0 0
2 0 0
1 0 0
1 0 0
1 0 0
1 0 0
2 0 0
2 0 0
1 0 0
1 0 0
2 0 0
2 0 0
2 0 0
1 0 0
1 0 0
1 0 0
2 0 0
1 0 0
2 0 0
2 0 0
1 0 0
1 0 0
2 0 0
1 0 0
1 0 0
1 0 0
2 0 0
2 0 0
1 0 0
2 0 0
1 0 0
2 0 0
1 0 0
1 0 0
2 0 0
2 0 0
1 0 0
1 0 0
1 0 0
1 0 0
1 0 0
2 0 0
2 0 0
2 0 0
2 0 0
2 0 0
2 0 0
1 0 0
1 0 0
2 0 0
2 0 0
1 0 0
2 0 0
2 0 0
1 0 0
2 0 0
2 0 0
1 0 0
1 0 0
2 0 0
2 0 0
1 0 0
1 0 0
2 0 0
1 0 0
2 0 0
1 0 0
1 0 0
2 0 0
1 0 0
2 0 0
2 0 0
2 0 0
1 0 0
1 0 0
1 0 0
1 0 0
2 0 0
1 0 0
1 0 0
1 0 0
1 0 0
1 0 0
2 0 0
2 0 0
1 0 0
1 0 0
1 0 0
1 0 0
2 0 0
2 0 0
2 0 0
2 0 0
2 0 0
2 0 0
1 0 0
1 0 0
2 0 0
1 0 0
2 0 0
1 0 0
2 0 0
1 0 0
2 0 0
1 0 0
1 0 0
1 0 0
1 0 0
2 0 0
1 0 0
1 0 0
1 0 0
1 0 0
1 0 0
2 0 0
2 0 0
1 0 0
1 0 0
2 0 0
2 0 0
2 0 0
1 0 0
1 0 0
1 0 0
2 0 0
2 0 0
1 0 0
2 0 0
2 0 0
2 0 0
1 0 0
2 0 0
1 0 0
1 0 0
1 0 0
1 0 0
1 0 0
1 0 0
1 0 0
1 0 0
2 0 0
1 0 0
1 0 0
2 0 0
1 0 0
2 0 0
2 0 0
2 0 0
2 0 0
1 0 0
1 0 0
1 0 0
2 0 0
1 0 0
2 0 0
1 0 0
1 0 0
2 0 0
1 0 0
2 0 0
1 0 0
1 0 0
1 0 0
2 0 0
2 0 0
1 0 0
2 0 0
2 0 0
2 0 0
1 0 0
2 0 0
1 0 0
1 0 0
2 0 0
2 0 0
2 0 0
2 0 0
1 0 0
1 0 0
1 0 0
2 0 0
1 0 0
2 0 0
1 0 0
1 0 0
1 0 0
1 0 0
1 0 0
2 0 0
1 0 0
2 0 0
1 0 0
2 0 0
2 0 0
2 0 0
1 0 0
1 0 0
1 0 0
2 0 0
2 0 0
1 0 0
2 0 0
2 0 0
2 0 0
1 0 0
1 0 0
1 0 0
2 0 0
2 0 0
1 0 0
1 0 0
1 0 0
1 0 0
2 0 0
1 0 0
1 0 0
2 0 0
1 0 0
2 0 0
1 0 0
2 0 0
1 0 0
1 0 0
1 0 0
1 0 0
2 0 0
1 0 0
1 0 0
1 0 0
2 0 0
2 0 0
1 0 0
1 0 0
1 0 0
2 0 0
2 0 0
1 0 0
2 0 0
1 0 0
2 0 0
2 0 0
1 0 0
2 0 0
2 0 0
2 0 0
2 0 0
1 0 0
1 0 0
1 0 0
2 0 0
2 0 0
2 0 0
2 0 0
2 0 0
2 0 0
2 0 0
2 0 0
2 0 0
2 0 0
2 0 0
1 0 0
1 0 0
2 0 0
2 0 0
1 0 0
2 0 0
1 0 0
2 0 0
1 0 0
1 0 0
1 0 0
1 0 0
2 0 0
1 0 0
2 0 0
1 0 0
2 0 0
2 0 0
2 0 0
2 0 0
1 0 0
1 0 0
1 0 0
1 0 0
2 0 0
2 0 0
2 0 0
1 0 0
1 0 0
2 0 0
2 0 0
2 0 0
2 0 0
2 0 0
1 0 0
1 0 0
1 0 0
1 0 0
2 0 0
1 0 0
1 0 0
2 0 0
1 0 0
2 0 0
2 0 0
1 0 0
1 0 0
2 0 0
2 0 0
2 0 0
1 0 0
1 0 0
2 0 0
2 0 0
1 0 0
1 0 0
1 0 0
2 0 0
2 0 0
2 0 0
1 0 0
1 0 0
1 0 0
1 0 0
2 0 0
1 0 0
1 0 0
2 0 0
1 0 0
2 0 0
1 0 0
1 0 0
1 0 0
1 0 0
1 0 0
1 0 0
1 0 0
1 0 0
2 0 0
1 0 0
2 0 0
2 0 0
