29 30 757147
6334 32834 52003 67727 79205 108563 135525 159989 165694 193839 217120 233947 243908 244399 247394 259336 264163 269599 301990 316594 320496 320649 320941 333323 350744 369460 389178 409073 414520 436246 
21105 44372 53872 87639 113306 139605 156640 169883 198586 222397 253719 284052 301725 306389 321530 329241 357494 364362 389909 417553 450215 482972 503009 515868 524591 534332 561861 562639 574955 577990 
43295 46214 54160 117745 126785 148547 175904 198552 226032 249837 269609 290781 326095 341445 356451 387552 411945 415493 435122 447745 474299 502926 521765 533605 538571 545947 575792 602100 619044 651483 
67921 79244 84781 139283 155401 157483 198833 215374 230865 280952 285591 320439 348799 358729 372706 389858 443618 466004 471025 499770 526694 545766 552036 557865 584642 600215 605312 621824 645810 664773 
77082 97880 120235 164050 187705 203279 207310 227426 258215 282102 302532 342163 362765 366195 403813 434004 461625 477341 492798 512057 554447 564830 579775 588684 620893 630651 654872 673460 679882 704828 
104588 117618 136648 193218 194118 235870 254632 256287 275625 288461 330156 362700 384313 390796 431408 438045 465227 501691 511982 542893 563821 575850 584371 612705 648241 671440 691108 715592 723873 728607 
104641 119617 163066 221156 228056 239658 272759 273226 279353 303354 354804 385183 402990 405411 445718 452335 488040 511205 526291 550509 582756 600207 620807 626056 664760 702996 725794 756097 762321 773329 
110485 152226 178055 253858 257053 277538 280631 294974 325497 327084 384118 394686 410438 435638 459176 465794 508620 531001 545799 565790 602345 623143 651152 678309 698781 726618 745156 768389 774427 798606 
128675 181883 189841 260049 279864 302752 321908 333419 349621 352255 408390 428445 448773 471419 497781 502667 527495 559434 589303 609445 633289 634705 673033 710307 720629 745269 755290 774088 777984 827082 
156567 206272 211347 270761 282464 305262 342911 369780 387641 402329 421791 438234 464028 487842 502783 513368 551677 569719 616391 647817 676434 700191 710023 741239 745408 747562 781011 798200 818176 858411 
158935 234964 256389 281316 285898 321811 350352 379292 417786 435846 457564 461317 480167 500265 519062 545058 568364 582248 638940 665254 696300 713140 713333 764434 767731 788147 816433 832538 857026 874693 
171390 260698 278812 293017 324333 345004 356138 391555 422099 460201 491386 511439 512351 523159 524991 566003 572677 610004 667261 686819 719946 747928 748409 768578 791774 811996 823562 834699 862561 895143 
182563 271164 290856 314676 350625 377064 394317 414341 448253 489711 496131 532088 545274 553587 558061 594025 596193 624022 686048 696724 737904 755319 765521 772203 818251 822665 832876 860523 891895 921017 
206935 291323 303156 342746 358112 405361 412879 422518 466026 521981 523744 534756 562466 576451 579553 602505 631718 639345 690850 700823 768431 771056 772599 774523 829274 859246 872307 886488 922898 950330 
224440 318916 341641 355777 366604 405503 430101 461387 479090 529881 549068 557428 584879 615853 630123 659293 659528 690361 710561 736321 787327 791994 799279 811829 829414 872940 875635 908112 950917 953042 
251016 340610 364299 390601 407972 430438 435116 483980 507831 555365 556383 585892 607011 639005 641805 677380 708440 710366 719571 741078 819497 839812 849388 879615 891658 914416 921580 926689 958799 975885 
280581 344097 393876 408350 410975 456065 461694 515908 541331 583885 590787 605749 607134 663601 667338 690641 718635 751160 752424 760684 825699 847928 854418 899941 928952 959723 966134 991681 1012834 1034354 
310371 359021 424064 445827 450767 476916 495578 529737 572231 601598 620556 638134 646499 676608 688085 691841 744693 757599 759902 773444 845056 850252 860895 905049 950065 974610 994411 1017261 1031721 1056782 
323364 386405 443469 452367 483478 512182 525017 562093 578303 630948 649771 664256 684812 708028 709654 719011 753219 770956 800293 823564 868925 898286 911182 924204 979682 989794 1007128 1035957 1047542 1080823 
347787 410534 467698 472263 490037 521114 547313 591948 604001 647910 653355 693990 700644 725000 746457 760826 783358 786321 802900 826047 869836 909921 921249 947052 984357 1002732 1009351 1058099 1081853 1088364 
370528 430709 489157 506982 510203 538984 548939 623882 639087 679693 703543 720941 743220 765921 778114 790848 792485 819019 824575 828040 880012 935626 942588 957600 1000238 1003032 1023764 1074740 1101708 1126563 
383670 442171 516768 547645 568069 600747 602499 642325 670621 692366 713583 730254 744095 785993 798811 799421 800438 833951 862063 892758 905927 959457 979497 1005985 1034670 1053760 1073257 1077329 1127698 1142843 
403023 461485 535419 574385 596429 612005 612340 651084 681813 699971 738847 751028 779531 789822 822586 843194 872486 878483 896032 925588 951149 991084 997551 1035526 1061655 1092895 1120708 1149882 1170483 1176560 
423238 470168 543632 598377 624201 629802 653194 668953 684483 726399 766874 770958 789606 808608 838084 868164 878773 902620 935224 935727 972370 1013747 1019453 1037889 1070665 1115066 1148197 1168122 1182647 1208189 
430857 491081 551223 605081 656019 665251 666001 694158 699133 727938 767177 782380 810704 821951 851668 881812 884783 920484 958137 969212 993915 1042459 1060005 1078683 1080452 1130328 1156716 1182107 1210936 1226880 
433722 509621 574468 630589 684337 712207 721808 750131 771263 795735 822887 847974 876544 906307 936208 953311 967734 971261 982861 1009830 1023845 1048024 1060033 1100226 1125573 1132416 1159659 1194744 1233345 1259808 
438771 514302 576056 641931 684945 744267 765488 767246 801217 822105 837033 848664 884493 919150 957638 983258 984006 1011073 1015609 1036392 1054427 1086653 1101838 1108876 1135426 1161055 1172279 1210492 1253268 1263167 
471028 539068 581000 656886 708263 776993 802404 823429 843784 874785 897334 906830 925414 934929 975602 1006600 1014675 1032588 1048730 1079926 1101874 1126946 1147372 1161978 1188151 1212580 1244984 1251689 1273894 1303706 
490403 569161 597565 672922 722999 806134 836948 842942 852040 881437 921270 952108 972590 973945 996617 1007731 1032905 1050746 1065371 1081937 1134511 1138697 1167062 1168712 1193813 1234214 1255877 1266230 1295310 1317158 
