200
178 66
144 48
14 125
98 144
142 36
52 10
150 183
52 161
31 74
10 41
38 70
68 165
138 57
13 108
2 177
121 157
87 90
70 1
45 9
128 146
168 40
187 159
4 61
25 117
36 1
35 99
92 99
132 130
18 110
34 167
87 30
77 111
52 138
186 110
7 142
9 19
13 9
113 52
185 125
70 81
115 144
169 23
4 126
102 76
85 89
59 122
119 110
156 139
173 45
163 167
29 165
140 164
110 1
127 82
116 107
150 92
39 194
25 69
44 72
157 173
30 57
45 63
88 28
132 78
103 1
59 120
47 111
183 181
144 38
167 139
87 34
147 120
170 104
71 26
108 72
191 22
62 31
78 99
134 192
15 42
185 167
44 133
164 2
92 73
64 100
102 49
180 30
100 8
84 4
84 123
135 130
48 9
87 81
197 87
194 171
8 52
125 198
172 118
183 128
49 192
187 127
198 25
96 131
143 81
139 155
193 50
92 49
106 177
30 51
62 71
55 167
189 129
199 42
64 192
70 93
161 94
190 180
90 174
56 180
22 6
90 17
109 140
147 26
53 9
39 47
10 145
112 92
68 182
11 39
67 37
42 191
47 54
31 141
126 57
153 133
136 22
149 33
193 83
159 110
199 73
111 159
27 72
75 68
167 96
89 187
147 10
76 137
158 145
162 49
189 13
58 165
67 114
38 168
51 32
47 200
48 151
111 46
21 187
108 16
66 81
83 53
169 121
54 79
29 133
37 130
76 195
44 86
88 62
120 105
164 127
103 149
84 118
160 62
70 101
127 91
98 154
10 24
65 23
129 176
183 97
45 60
166 11
179 69
197 116
20 179
95 18
5 99
188 156
152 198
80 18
81 148
3 110
141 184
170 50
196 54
84 12
51 43
105 124
187 175
1 70 110 36 103 101 93 38 81 18 159 186 119 3 142 149 144 168 66 143 87 148 95 80 187 111 7 33 115 98 48 40 178 197 90 34 30 175 127 89 21 77 47 46 154 151 9 116 17 174 167 57 51 180 164 82 91 85 200 54 39 13 53 19 45 107 139 55 185 163 96 126 138 43 32 190 56 140 2 79 196 194 11 108 189 83 173 63 60 156 155 125 131 4 52 109 177 171 166 16 72 129 193 157 188 198 14 61 84 10 113 161 8 106 44 27 176 50 121 25 152 12 118 123 24 145 41 147 94 100 86 133 170 169 69 117 172 158 26 120 64 153 29 104 23 179 71 59 105 192 165 65 20 62 122 124 134 49 58 68 160 88 31 92 162 102 182 75 28 141 74 112 99 150 73 76 184 78 35 5 183 199 195 137 132 128 181 97 42 130 146 191 15 135 37 22 67 6 136 114
