180
7 17
48 127
115 82
124 174
85 153
171 88
173 151
85 103
86 85
138 109
175 163
133 53
73 97
155 159
1 104
74 61
177 26
161 39
18 8
107 71
150 17
84 122
64 123
58 55
89 17
143 82
84 9
73 161
169 68
95 74
103 100
10 85
70 47
164 9
38 69
132 111
70 156
60 124
19 88
129 171
36 143
122 154
27 123
36 81
15 90
60 99
14 115
89 2
173 102
146 41
26 62
30 169
6 180
40 136
102 39
87 145
120 103
113 111
109 63
77 85
119 29
143 108
81 57
122 73
74 48
147 107
120 79
104 84
135 124
8 59
69 98
159 121
179 13
162 53
86 1
113 170
91 24
165 132
84 170
145 42
157 9
136 71
112 83
86 20
33 95
93 142
106 113
134 86
149 144
29 36
162 46
165 108
78 42
123 157
98 147
154 44
112 41
43 24
127 46
115 149
112 121
158 11
62 24
43 5
119 32
119 175
4 141
118 111
26 61
5 18
126 34
165 61
17 3
72 31
21 87
102 13
94 78
27 15
180 120
55 87
72 56
91 126
125 152
163 65
75 174
168 151
58 60
133 92
161 136
54 49
131 153
4 101
47 132
98 28
139 136
96 72
2 34
108 152
162 50
48 76
120 21
23 101
166 170
160 99
128 132
29 30
64 11
23 116
106 140
49 178
69 54
35 57
34 16
88 127
159 28
96 147
14 130
12 116
109 139
114 106
114 116
158 117
146 45
67 138
127 142
137 132
131 25
22 179
98 105
67 148
49 110
80 104
172 98
52 141
167 3
16 37
73 66
176 2
126 51
1 104 86 80 84 85 20 134 9 170 122 153 77 103 10 164 157 166 113 73 154 131 120 100 123 111 106 161 97 66 44 25 21 79 180 27 64 118 132 114 140 39 136 87 6 15 11 47 165 128 137 116 102 71 139 40 145 55 90 158 70 61 108 12 23 173 13 107 109 42 58 117 156 26 74 143 152 101 151 179 147 63 138 78 60 177 62 48 95 36 82 125 4 168 22 98 96 67 94 99 124 24 127 76 33 29 81 115 141 69 28 105 172 72 148 160 174 135 43 91 88 142 46 30 119 57 149 14 52 38 54 159 56 31 75 5 126 19 171 93 162 169 175 32 35 144 130 49 121 155 18 34 51 129 50 53 68 163 178 110 112 8 16 2 133 65 41 83 59 37 89 176 92 146 17 45 3 7 150 167
