100
76 20
19 6
42 77
46 28
49 61
99 71
61 42
88 82
55 57
94 18
52 17
89 26
55 52
50 52
15 92
26 7
54 47
56 9
27 99
62 22
91 29
12 16
63 23
99 43
17 89
82 92
94 97
44 34
23 18
73 61
41 27
70 94
40 58
86 95
45 37
6 96
39 82
20 38
82 50
52 49
13 66
64 90
36 73
78 53
85 69
31 3
72 41
10 66
90 8
69 73
34 17
26 12
20 34
13 96
32 46
66 7
18 45
91 50
8 78
25 64
59 16
84 68
100 8
95 16
54 100
80 82
70 2
2 12
22 97
21 7
59 53
74 27
29 83
74 54
1 81
9 21
90 11
81 40
32 85
51 59
79 93
25 30
86 60
84 25
3 33
24 22
79 95
92 35
87 65
85 5
14 32
67 69
71 48
33 84
81 63
2 98
30 4
65 99
85 75
87 81 63 40 23 58 18 45 94 37 52 70 22 2 24 62 98 12 16 26 59 95 89 7 51 53 86 79 17 66 21 78 60 93 71 34 10 13 9 8 55 49 50 20 44 96 56 90 100 57 61 82 11 38 76 6 91 64 54 42 73 80 29 92 39 67 19 25 41 74 77 69 36 35 15 83 84 30 27 85 88 68 33 4 47 99 5 75 32 3 72 43 97 65 1 14 31 48 46 28
